$SPEC_ID:
No sample description was entered.
$SPEC_REM:
DET# 1
DETDESC# DESKTOP-I499GD2 Easy-MCA-2k SN 18191655
AP# Maestro Version 7.01
$DATE_MEA:
02/27/2024 16:13:54
$MEAS_TIM:
100 100
$DATA:
0 2047
       0
       0
       0
       0
       0
       0
       3
       1
      91
      79
      63
      83
      80
      80
     101
      89
     101
     100
     115
     100
     112
      99
      97
      86
      92
     101
     114
     146
     177
     226
     247
     252
     320
     339
     321
     250
     178
     177
     183
     169
     219
     219
     248
     246
     326
     329
     371
     385
     426
     502
     576
     695
     792
     864
     821
     771
     635
     618
     621
     697
     968
    1290
    1770
    2395
    2692
    2675
    2201
    1642
    1095
     685
     448
     299
     270
     256
     259
     240
     246
     233
     239
     200
     222
     265
     236
     214
     218
     267
     244
     282
     291
     324
     316
     307
     314
     294
     265
     235
     221
     181
     182
     171
     176
     153
     148
     133
     166
     159
     141
     123
     131
     171
     159
     161
     136
     154
     139
     139
     116
     105
     122
     138
     132
     132
     114
     121
     108
     114
     116
     119
     101
     102
     118
     108
     111
     118
     123
      99
      93
     125
      93
     108
     105
     101
      93
      86
     109
      87
      98
      75
     106
      80
      73
      56
      89
      80
      81
      78
      73
      83
      82
      75
      78
      76
      75
      66
      78
      50
      76
      65
      74
      67
      61
      58
      62
      53
      61
      80
      60
      56
      57
      53
      54
      52
      60
      54
      55
      53
      63
      62
      46
      57
      57
      62
      60
      52
      51
      53
      55
      46
      49
      55
      51
      51
      49
      59
      50
      47
      39
      55
      55
      78
      50
      63
      56
      56
      72
      51
      84
      85
     102
      86
      74
     101
     109
     137
     130
     122
     128
     130
     150
     132
     122
     143
     124
     140
     111
     118
     109
      92
      64
      76
      66
      62
      70
      43
      69
      46
      46
      35
      34
      36
      27
      34
      25
      32
      33
      30
      27
      26
      25
      34
      31
      34
      38
      31
      39
      25
      35
      31
      39
      39
      25
      36
      35
      25
      31
      25
      29
      27
      25
      29
      35
      24
      15
      26
      28
      28
      21
      39
      32
      22
      31
      32
      31
      22
      28
      21
      20
      35
      26
      32
      30
      21
      31
      33
      28
      23
      35
      26
      25
      22
      26
      24
      30
      27
      29
      24
      27
      20
      19
      19
      30
      37
      28
      36
      20
      21
      23
      27
      28
      25
      30
      16
      24
      27
      27
      23
      20
      26
      25
      21
      29
      15
      29
      17
      24
      22
      21
      27
      29
      35
      25
      22
      26
      13
      21
      27
      17
      23
      24
      21
      18
      21
      22
      27
      30
      35
      24
      33
      13
      21
      17
      19
      38
      22
      25
      29
      16
      25
      25
      22
      23
      17
      20
      21
      18
      15
      14
      28
      22
      14
      13
      16
      16
      16
      21
      24
      17
      13
      19
      16
      21
       9
      17
      18
      19
      14
      20
      14
      13
      19
      25
      18
      17
      18
      23
      13
      16
      21
      20
      15
      16
      13
      13
      15
      10
      19
      22
      13
      17
      17
      15
      16
      15
      20
      15
      14
      18
      14
      13
      25
      18
      18
      19
      10
      10
       9
      11
      18
      21
      12
      12
      21
      14
      17
      26
      21
      16
      17
      15
      16
      20
      20
      11
      22
      22
      15
      14
      15
      15
      17
      16
      25
      16
      15
      18
      24
      19
      22
      20
      16
      24
      26
      26
      22
      21
      19
      23
      20
      27
      26
      23
      33
      33
      26
      28
      20
      24
      24
      14
      13
      16
      24
      14
      20
      18
      16
      12
      12
      15
      19
      15
       9
      15
      17
      14
      16
      21
      17
      19
      19
      10
      15
      14
      18
      10
       9
      15
      14
      18
      12
      10
      11
      15
      11
      19
      13
      16
      14
      15
       9
      17
      11
      18
      12
      19
      19
       9
      18
      12
      20
      13
      13
      20
      13
      14
      14
      16
      15
      13
      18
      13
      16
      16
      19
      18
      15
      17
      18
      13
      14
      17
      12
      10
      12
      12
      14
      13
      13
      11
       8
      12
      11
      13
      17
      18
      11
      16
      18
      14
      15
      13
      14
      18
      16
      16
      23
      11
      10
      10
      13
       8
      13
      11
      14
      14
      12
      11
      12
      11
      15
      16
      13
      20
       8
      12
      15
      13
      12
      13
      15
      15
      16
      21
      11
      18
      25
      15
      22
      17
      19
      18
      14
      19
      25
      17
      14
      16
      17
      12
      17
      18
      15
      20
      17
      14
      17
      18
      21
      13
      15
      18
      15
      17
      12
      10
      13
      19
      12
       6
      11
       7
      21
      13
       7
      14
      10
       7
      13
      13
      11
       9
       7
      10
       8
      13
      12
       8
       9
       9
      12
       9
       7
      12
      13
      11
      12
      10
      14
       8
      11
      11
      13
      12
       7
       8
       9
      14
      14
       6
       7
      11
      13
      14
      20
      14
      18
       4
      14
       3
       8
      14
       6
      11
       9
       6
       7
      10
      10
       1
       6
       9
       6
      12
       9
       8
      13
      10
       6
      12
       9
       8
       8
      11
       7
       7
      17
       7
      13
      11
      14
      12
      17
      15
      25
      17
      14
      22
      27
      22
      27
      22
      34
      29
      26
      32
      17
      39
      23
      32
      37
      36
      27
      40
      35
      49
      31
      37
      33
      38
      26
      35
      31
      28
      25
      28
      24
      29
      21
      20
      28
      23
      23
      12
      18
      16
      12
      19
      17
      10
      12
      11
       9
       9
      14
      10
      17
       6
       4
       9
       8
       8
       5
       6
       5
       5
       5
       8
       5
       5
       8
      10
       5
       3
       8
       2
       3
       6
       6
       7
       2
      10
       5
       3
       3
       3
       7
       6
       6
       6
       3
       3
       8
       9
       7
       9
       7
      11
       9
       9
       5
       3
       9
       2
      12
       4
       9
       2
       3
       3
       8
       5
       3
       4
       3
       5
       8
       6
       6
       5
       2
       2
       4
       5
       5
       2
       3
       4
       5
       4
      13
       5
       6
      12
       5
       2
       8
       3
       7
       6
       4
       6
       7
       5
       7
       9
       3
       4
       9
       4
       7
       2
       7
       8
       5
       7
       9
       5
       5
       6
       2
       5
       6
       6
       5
       7
       3
       5
       5
       5
       2
       1
       6
      10
       5
       9
       4
       7
       9
       7
       8
       5
       6
       3
       5
       6
       5
       6
       3
       7
       6
       4
       3
       3
       7
       7
       3
       7
       8
       5
       5
       5
       3
       6
       5
       3
       3
       6
      11
       3
       6
       3
       5
       4
       4
       1
       3
       8
       9
       6
       5
       3
       3
       8
       3
       7
       3
       4
       2
       2
       0
       2
       4
       2
       7
       6
       5
       6
       3
       9
       4
       8
      10
       3
       6
       4
       2
       1
       4
       5
       2
       5
       5
       7
       4
       8
       9
       4
       3
       5
       0
       3
       5
      11
       4
       5
       5
       2
       6
       5
       1
       4
       5
       7
       4
       5
       7
       7
       7
       2
       5
       3
       6
       4
       4
       4
       6
       3
       5
       2
       7
       5
       6
       2
       2
       8
       5
       4
       7
       4
       3
       1
       7
       3
       4
       2
       2
       2
       9
       1
       4
       3
       3
       5
       7
       3
       6
       6
       5
       3
       4
       7
       4
       7
       8
       3
       6
       7
       4
       4
       3
       8
       5
       7
       3
       4
       4
       2
       4
      10
       2
       4
       5
       2
       7
       5
       5
       3
       1
       2
       4
       5
       6
       7
       2
       1
       7
       7
       5
       6
       8
       2
       9
       2
       4
       5
       4
       8
       2
       6
       2
       5
       9
       6
       7
       4
       4
       6
       9
       3
       7
       4
       4
       5
       3
       4
       6
       4
       8
       2
       5
       5
       7
       4
       6
       3
       2
       3
       4
       2
       6
       7
       7
       7
       3
       2
       8
       2
       3
       3
       5
       2
       6
       4
       3
       3
       5
       6
       8
       3
       3
       2
       5
       2
       3
       3
       6
       5
       5
       6
       2
       6
       2
       6
       5
       6
       2
       1
       4
       1
       4
       2
       8
      10
       4
       6
       5
       2
       5
       3
       5
       2
       2
       2
       5
       3
       3
       9
       3
       4
       2
       5
       6
       6
       4
       3
       3
       7
       1
       2
       1
       4
       5
       4
       7
       5
       5
       3
       6
       5
       4
       3
       5
       4
       9
       6
       5
       5
       7
       3
       5
       3
       6
       4
       6
       3
       4
       4
      13
       2
       2
       2
       7
       5
       6
       4
       4
       6
       8
       2
       3
       4
       7
       3
       2
       1
       1
       3
       4
       2
       4
       4
       8
       6
       5
       7
       3
       3
       8
       5
       3
       2
       3
       6
       5
       5
       6
       0
       6
       5
       8
       5
       4
       4
       3
       4
       6
       4
       2
       7
       6
       2
       6
       4
       4
       4
       4
       8
       7
       5
       5
       5
       7
       5
       3
       7
       5
       6
       2
       3
       6
       1
       2
       6
       4
       2
       5
       3
       9
       3
       2
       3
       1
       2
       6
       3
       2
       5
       3
       2
       7
      10
       1
       5
       6
       3
       4
       4
       3
       7
       2
       3
       2
       6
       4
       4
       2
       4
       4
       8
       6
       4
       9
       6
       6
       3
       5
       4
       7
       4
       6
       4
       5
       7
       5
       4
       4
       7
       6
       3
       3
       6
       1
       5
       3
       4
       5
       3
       5
       4
       5
       3
       4
       8
       5
       5
       5
       3
       4
       1
       6
       6
      10
       2
       4
       4
       3
       3
       2
       5
       3
       2
       8
       6
       3
       4
       3
       5
       5
       5
       4
       4
       5
       4
       5
       7
       4
       3
       4
       4
       7
       4
       9
       7
       8
       5
       4
       4
       6
       6
       8
       5
       7
       5
       2
       9
       3
       2
       2
       3
       7
       4
       2
       3
       7
       7
       5
       1
       3
       4
       3
       6
       3
       8
       5
       6
       5
       6
       3
       2
       8
       4
       5
      10
       5
       3
       2
       6
       6
       2
       4
       2
       5
       3
       2
       0
       5
       9
       9
       4
       6
       8
       4
       1
       3
       3
       6
       6
       5
       2
       7
       2
       7
       3
       3
       2
       4
       6
       3
       4
       4
      10
       4
       7
       2
       7
       2
       2
       6
       2
       5
       3
       4
       3
       5
       4
       9
       8
       7
       5
       3
       4
       6
       2
       4
       5
       5
       3
       5
       7
       5
       2
      10
       6
       1
       2
       7
       6
       5
       4
       7
       1
       2
       8
       2
       5
       3
       4
       3
       3
       4
       6
       6
       6
       4
       5
       4
       4
       7
       4
       6
       4
       2
       4
       7
       2
       7
       4
       6
       2
       4
       8
       7
       8
       2
       6
       3
       2
       5
       0
       2
       2
       5
       4
       7
       9
       4
       5
       2
       9
       4
       4
       8
       6
       4
       3
       4
       7
       6
       9
       9
       4
       6
       3
       3
       5
       3
       3
       5
       3
       9
       5
       6
       0
       4
       5
      10
       4
       5
       5
       7
       3
       7
       5
       6
       8
       5
       7
       2
       3
       4
       8
       6
       8
       7
       5
       2
       7
       7
       5
       3
       9
       1
       7
       6
      14
       6
       4
       2
       5
       3
       5
       8
       4
       4
       6
       6
      10
       3
       3
       7
       5
       6
       7
       4
       8
       2
       5
       6
       4
       0
       5
       4
       9
       4
       5
       4
       6
       3
       4
       3
       4
       5
       4
       5
       4
       6
       5
       5
       7
       4
       8
       1
       9
       6
       4
       7
       2
       5
       6
       3
       4
       6
       5
       3
       4
       3
       5
       7
       5
       9
       3
       6
       9
       1
       7
       5
       4
       6
       4
       5
      10
       8
       8
       7
       5
       4
       2
       6
       3
       5
       4
       8
       3
       6
       3
       5
       3
       4
       1
       6
       3
       5
       3
       2
       7
       5
       5
       4
       4
       3
       5
       3
       4
       5
       4
       4
       6
       4
       8
       6
       7
       3
       6
       7
       6
       4
       8
       4
       2
       9
       6
       7
       3
       9
       5
       4
       4
      10
       4
       5
       4
       4
       3
       9
       4
       9
       9
       5
       4
       9
       6
       6
       1
       8
       5
       5
       8
       8
       7
       7
       7
       4
       4
       5
       2
       6
       6
       5
       6
       4
       6
       8
       4
       3
       3
       5
       8
       3
       5
       6
       3
       4
       5
       9
       6
      11
      10
       4
      10
       9
       5
       4
       3
       2
       4
       7
       5
       5
      11
       2
       8
       5
       5
       4
       6
       6
       5
       7
       7
       3
       6
       5
       6
       7
       9
       6
       5
       9
       6
       9
       3
       7
       2
       6
       5
       7
       3
       5
       8
       9
       6
       7
      10
      10
       6
       9
       9
       3
       7
       7
       6
       7
       6
       6
       8
      11
       9
       6
       4
       7
      10
       3
       2
       8
      10
       8
       8
       8
      13
       5
       9
       4
       5
       4
       5
       3
       8
       5
       6
       4
       5
       6
      11
       7
       5
       3
       5
       5
       8
       9
       3
       7
       5
       3
       6
       7
       5
       8
      11
       6
       6
       8
       4
      11
      12
       3
       8
       8
       6
       2
       3
       6
       8
       8
       2
       4
       6
       4
       6
       7
       4
       6
       5
       2
       9
       6
       8
       8
       8
       3
       8
       5
       9
       4
       1
       0
       0
       0
       0
       0
       0
       0
       0
       0
       0
       0
       0
       0
       0
       0
       0
       0
       0
       0
       0
       0
       0
       0
       0
       0
       0
       0
       0
       0
       0
       0
       0
       0
       0
       0
       0
       0
       0
       0
       0
       0
       0
       0
       0
       0
       0
       0
       0
       0
       0
       0
       0
       0
       0
       0
       0
       0
       0
       0
       0
       0
       0
       0
       0
       0
       0
       0
       0
       0
       0
       0
       0
       0
       0
       0
       0
       0
       0
       0
       0
       0
       0
       0
$ROI:
1
712 830
$PRESETS:
None
0
0
$ENER_FIT:
-23.656767 2.297974
$MCA_CAL:
3
-2.365677E+001 2.297974E+000 2.836717E-005 keV
$SHAPE_CAL:
3
0.000000E+000 0.000000E+000 0.000000E+000
