$SPEC_ID:
No sample description was entered.
$SPEC_REM:
DET# 1
DETDESC# DESKTOP-I499GD2 Easy-MCA-2k SN 18191655
AP# Maestro Version 7.01
$DATE_MEA:
02/27/2024 16:25:27
$MEAS_TIM:
103 103
$DATA:
0 2047
       0
       0
       0
       0
       0
       1
       4
       4
      86
      81
      88
      75
      79
      90
     103
     111
     108
      97
     128
     122
      96
     113
     106
     103
      74
     103
     124
     129
     163
     211
     194
     224
     247
     315
     317
     222
     176
     158
     192
     171
     219
     198
     231
     264
     269
     315
     327
     367
     359
     478
     539
     715
     748
     813
     811
     689
     592
     541
     556
     644
     789
    1084
    1469
    1963
    2132
    2176
    1786
    1284
     852
     576
     380
     296
     287
     268
     222
     234
     228
     212
     237
     230
     218
     217
     197
     212
     248
     243
     255
     262
     283
     308
     339
     359
     360
     342
     262
     294
     216
     222
     173
     171
     170
     161
     157
     157
     151
     163
     177
     144
     152
     133
     145
     142
     150
     131
     126
     154
     128
     125
     108
     140
     131
     145
     127
     116
     117
     125
     110
     110
     108
     140
     120
      99
     130
     123
     102
      95
     105
     110
     106
      86
     104
     105
      85
      96
     104
     102
      95
      77
      91
      93
      97
      75
      71
      96
      95
      88
      75
      78
      81
      94
      79
      83
      63
      65
      95
      74
      72
      68
      73
      66
      74
      55
      60
      62
      77
      64
      60
      70
      66
      67
      69
      66
      63
      56
      55
      58
      55
      59
      49
      59
      49
      65
      52
      65
      56
      50
      54
      43
      52
      51
      66
      51
      49
      48
      40
      71
      65
      59
      49
      48
      50
      57
      53
      68
      79
      90
      82
      63
     106
      98
     105
     113
     114
     116
     124
     132
     142
     138
     137
     124
     154
     138
     135
     145
     125
     105
     106
     113
      82
      80
      81
      77
      59
      67
      45
      50
      40
      44
      36
      42
      36
      27
      31
      33
      30
      37
      40
      30
      37
      32
      32
      29
      30
      34
      36
      36
      37
      25
      38
      32
      35
      45
      36
      31
      33
      34
      38
      36
      25
      37
      40
      26
      42
      37
      32
      33
      22
      22
      20
      31
      27
      26
      26
      24
      31
      21
      29
      27
      20
      32
      26
      19
      19
      24
      36
      32
      21
      22
      21
      27
      24
      23
      21
      29
      27
      27
      28
      20
      28
      19
      16
      23
      21
      23
      31
      25
      30
      19
      34
      20
      28
      41
      29
      30
      24
      24
      26
      32
      28
      22
      26
      23
      23
      23
      25
      36
      29
      21
      25
      22
      31
      26
      34
      26
      24
      26
      28
      27
      25
      18
      33
      26
      33
      24
      24
      24
      24
      19
      23
      26
      19
      23
      30
      23
      19
      22
      31
      24
      18
      31
      23
      20
      24
      15
      20
      15
      23
      20
      22
      31
      26
      21
      14
      18
      19
      22
      15
      11
      15
      13
      24
      19
      20
      23
      18
      22
       8
      23
      18
      18
      19
      21
      17
      22
      15
      15
      20
      18
      16
      18
      31
      22
      16
      26
      16
      28
      18
      21
      22
      12
      24
      11
      15
      18
      12
      16
      19
      22
      21
      28
      15
      17
      18
      17
      17
      17
      20
      14
      13
      20
      17
      18
      17
      21
      23
      16
      18
      28
      19
      25
      20
      17
      22
      26
      14
      22
      19
      20
      13
      19
      29
      13
      22
      27
      29
      19
      28
      15
      28
      26
      18
      23
      21
      21
      23
      31
      23
      25
      19
      20
      23
      24
      30
      28
      24
      31
      20
      24
      25
      18
      17
      21
      27
      10
      18
      12
      15
      36
      17
       8
      19
      15
      19
      13
      15
      18
      23
      14
      14
      17
      13
       9
      16
      17
      13
      16
      15
      15
      16
      20
      13
      11
      23
      12
      15
      21
      17
      18
      10
      15
      13
      10
      18
      11
      18
      12
      21
      11
      25
      19
      19
      19
      19
      23
      22
      18
      21
      14
      21
      14
      15
      14
      23
      10
      14
      16
      19
      14
      17
      10
      12
      18
      14
      14
      15
      17
      16
      10
      21
      11
       9
      18
      15
      18
      18
      11
      16
      16
      20
      18
      11
      11
      19
      20
       9
      19
      13
      14
      23
      24
      15
      10
      13
      26
      20
      15
      13
      12
      18
      19
      15
      18
      22
      23
      15
      18
      13
      19
      17
      18
      14
      23
      13
      17
      18
      19
      22
      19
      30
      22
      25
      10
      16
      17
      23
      22
      25
      18
      24
      12
      22
      19
      23
      12
      21
      13
      18
      14
      14
      15
      12
      12
       8
      10
      14
       7
      11
      16
       6
      19
       9
       6
      16
       8
       6
       6
       2
      13
       8
      13
       7
       9
      16
       9
      13
       6
       2
      15
       9
      10
      10
      10
      11
      16
       5
       7
       9
       9
      12
       8
       6
       5
      10
       9
       7
      14
       6
       9
       5
      13
      15
      11
       9
       5
       6
       8
      11
       9
      14
      14
       5
      19
       8
       1
       9
       7
      12
      13
      15
      12
       7
      10
      13
       5
       7
      10
      11
      13
      16
       8
       9
      10
       5
      11
      10
      13
      17
      17
      11
      15
      16
      20
      21
      17
      22
      18
      25
      29
      22
      32
      38
      26
      24
      37
      31
      27
      47
      51
      41
      27
      34
      45
      39
      48
      32
      39
      38
      31
      46
      33
      39
      34
      31
      32
      30
      23
      19
      30
      22
      26
      19
      18
      15
      20
      19
      18
      16
      14
      25
      12
       6
      11
      10
       4
       6
       6
       7
       8
      10
       9
       6
      11
       8
       4
       7
      11
       7
       5
       5
       4
       7
       5
       4
       5
       5
       4
       9
       7
       8
       5
       4
       4
       7
       8
       3
       8
       5
       4
       3
       7
       7
       8
       1
       5
      10
       6
       5
       2
       7
       3
       4
       5
       6
       6
       5
       3
       2
       7
       5
       5
       4
       6
       5
       5
       5
       7
       7
      12
       7
       3
       7
      10
       6
       5
       3
       6
       5
       4
       3
       7
       9
      11
       5
       8
       7
       6
       7
       7
       6
       9
       4
       7
       4
       8
       5
       6
       6
       2
       8
      10
       4
       5
       5
       7
       6
       5
       5
       5
       4
       4
       6
       4
       6
       7
       9
       7
       4
       1
       5
       7
       4
       6
       8
       6
       3
       6
       6
       7
       5
       5
       4
       2
       5
       7
       7
       7
       5
      11
       5
      11
       4
       9
       5
       5
       2
       5
       4
       6
       4
       9
       8
       3
       7
       8
       6
       1
       6
       5
       6
       6
       9
       9
       6
       3
       5
       6
       9
       5
       8
       4
       4
       8
       6
       7
       3
       4
       8
       6
       6
       6
       4
       2
       8
       5
       2
       6
       9
      10
       4
       4
       8
       3
       6
       3
       1
       4
       6
       3
       6
       3
       7
       4
       4
       6
       4
       5
       5
       5
       1
       8
       5
       6
       7
       6
       3
       4
       4
       7
       6
       2
       4
       5
       9
       4
       3
       4
       4
       3
       7
       6
       4
       6
       3
       5
       5
       8
       3
       5
       8
       3
       5
       8
       9
       4
       1
       0
       6
       3
       4
       5
       8
       4
       4
       9
       4
       8
       6
       8
       4
       5
       2
       6
       4
       5
       2
       7
       5
       4
       5
       7
       5
       7
       4
       6
       4
       8
       3
      10
       7
       2
       6
       2
       1
       3
       3
       6
       7
       5
       7
       5
       7
       2
       4
       7
       8
       2
       6
       5
       4
       4
       4
       2
       7
       5
       4
       3
       2
       3
       7
       6
       6
      10
       5
       6
       7
       5
       3
       5
       3
       3
       3
       2
       5
       6
       5
       7
       6
       5
       3
       3
       3
       4
       6
       7
       3
       8
       9
       5
       4
       9
       8
       8
       3
       9
       5
       6
       2
      10
       5
       3
       2
       7
       6
       7
       4
      12
       7
       6
       5
       4
       1
       3
       4
       1
       4
       6
       7
       4
       6
       3
       5
       5
       2
       7
       7
       4
       5
       5
       7
       8
       7
       2
       6
       4
       6
       6
       4
       6
       1
      10
       6
       2
       7
       8
       2
       5
       5
       1
       3
       3
       2
       4
       5
       4
       7
       2
       3
       4
       5
       5
       7
       3
       9
       7
       5
       3
       6
       4
       6
       4
       5
       7
      12
       3
       4
       4
       4
       7
       6
       6
       5
       4
       2
       5
       2
       4
       3
       5
       3
       4
       2
       3
       2
       6
       5
       2
       4
       9
       3
       5
       2
       2
       4
       6
       9
       4
       5
       6
       6
       5
       3
       4
       3
       2
       5
       2
       8
       7
       9
       8
       9
       6
       2
       5
       2
       6
       5
      11
       4
       2
       3
       8
      10
       7
       2
       3
       3
       2
       2
       5
       6
       5
       6
       3
       3
       3
       3
       6
       3
       7
       3
       4
       5
       5
       8
       7
       0
       6
       6
       3
       3
       1
       5
       6
       5
       5
       7
       6
       1
       2
       1
       3
       6
       5
       6
       3
       7
       1
       7
       7
       3
       5
       3
       6
       1
       5
       4
       4
       4
       3
       4
       3
       3
       5
       7
       7
       8
       4
       2
       7
       3
       8
       2
       5
       8
       7
       2
       2
       6
       3
       1
       6
       4
       8
       2
       6
       6
       2
       7
       5
       5
       4
       3
       4
       3
       8
       5
       6
       6
       6
       5
       3
       6
       7
       8
       6
       0
       7
       8
       2
       5
       6
       6
       1
       9
       3
       4
       4
       6
       3
       5
       8
       7
       6
       6
       3
       7
       7
       3
       7
       2
       3
       7
       5
       6
       8
       3
       5
       4
       9
       7
       5
       3
       8
       7
       5
       6
       5
       2
       2
       4
       4
       8
       2
       5
       6
       6
       3
      10
       8
       3
       6
       5
       6
       3
       5
       4
       2
       7
       8
       6
       2
       2
       6
       7
       7
       5
       8
       7
       5
       1
       8
       5
       2
       6
       6
       2
       4
       2
       6
       3
       5
       5
       3
       2
       5
       6
       5
       3
       2
       8
       9
       3
       9
       6
       4
       3
       4
       3
       7
       7
       2
       4
       1
       3
       0
       2
       6
       5
       8
       4
       4
       4
       4
       5
       3
       8
       7
       3
       2
       6
       8
       5
       1
       5
       2
       6
       6
       3
       6
       6
       4
       4
       4
       4
       3
       2
       5
       8
       5
       3
       4
       8
       6
       4
       4
       8
       6
       6
       5
       4
       5
       1
       6
       4
       6
       6
       2
       2
       6
       7
       4
       5
       4
       3
       5
       6
       2
       4
       5
       4
       7
       4
       2
       8
       3
      11
       4
       8
       8
       4
       8
       6
       3
       5
       8
       3
       1
       7
       5
       6
       6
       4
       9
       3
       4
       2
       3
       9
       2
       3
       3
       3
       4
       5
       4
       8
       5
       1
       6
       7
       3
       6
       7
       4
       4
       5
       9
       9
       7
       6
       5
       4
       2
       5
       5
       5
       8
       8
       2
       7
       2
       9
       6
       2
       5
       3
       2
       6
       5
       5
       5
       6
       6
       6
       8
       6
       3
       4
       0
      11
       3
       6
       3
       3
       2
       5
       7
       9
       9
       3
       6
       5
       4
       5
       1
       6
       2
       5
       3
       2
       2
       5
       3
       4
       3
       5
       6
       5
       4
       4
       2
       3
       5
       2
       5
       4
       6
       4
       8
       5
       4
       6
       3
       0
       0
       5
       7
       4
       6
       9
       3
       5
       5
      10
       6
       3
      11
       6
       6
       5
      10
       6
       3
       5
       4
       9
       6
       6
       3
       5
       8
       9
       1
       7
       5
       4
       4
       3
       5
       7
       3
       5
      11
       2
       8
       7
       5
       4
       6
       5
       4
       3
       3
       8
       5
       7
       5
       8
       6
       6
       8
       2
       5
       7
       4
       8
       6
       3
       9
       6
       6
       4
       8
       6
       5
       7
       3
      11
       4
       5
       7
       3
       4
       5
       5
      11
       9
       3
       8
       6
       4
       5
       3
       9
       5
       5
       4
       4
       7
       5
       6
       6
       6
       3
       3
       1
       7
       7
       9
       2
       5
       4
       7
       9
       7
       3
       9
       8
       8
       8
       5
       1
       4
       3
       8
       9
       7
       3
       5
       6
       7
      10
      10
       2
       4
       6
       4
       4
       5
       2
       4
       6
       8
       5
       4
       6
       2
       3
       5
       4
       8
       3
       6
       6
       8
       3
       3
       5
      10
       4
       6
       4
       3
       6
       9
       5
       6
      11
       4
       3
       8
       4
       9
       9
      10
       2
       6
       5
       6
       6
       8
       3
       7
       4
       6
       5
       5
       3
       5
       5
       7
       7
       5
       5
       6
       6
      11
       8
       9
       5
       6
       6
       5
       4
       8
       3
       8
       7
       7
       6
       9
       6
       9
       0
       8
       5
       5
       4
       8
       9
       5
       4
      13
       5
       9
       4
       5
       8
       7
       7
       8
      11
       9
       9
       5
       5
       6
       8
       4
       4
      10
       8
       5
      10
       4
      12
       4
       9
       5
      10
       5
       7
       6
      11
       3
       8
      13
       9
      11
       8
       0
       6
       8
       5
       8
       6
       6
       3
      10
       6
      13
       3
       5
       3
      12
       3
       7
       7
       7
       5
       9
       7
       4
       9
       3
       3
       5
       5
      10
       4
       7
       2
       3
       0
       0
       0
       0
       0
       0
       0
       0
       0
       0
       0
       0
       0
       0
       0
       0
       0
       0
       0
       0
       0
       0
       0
       0
       0
       0
       0
       0
       0
       0
       0
       0
       0
       0
       0
       0
       0
       0
       0
       0
       0
       0
       0
       0
       0
       0
       0
       0
       0
       0
       0
       0
       0
       0
       0
       0
       0
       0
       0
       0
       0
       0
       0
       0
       0
       0
       0
       0
       0
       0
       0
       0
       0
       0
       0
       0
       0
       0
       0
       0
       0
       0
       0
       0
$ROI:
1
712 830
$PRESETS:
None
0
0
$ENER_FIT:
-23.656767 2.297974
$MCA_CAL:
3
-2.365677E+001 2.297974E+000 2.836717E-005 keV
$SHAPE_CAL:
3
0.000000E+000 0.000000E+000 0.000000E+000
