$SPEC_ID:
No sample description was entered.
$SPEC_REM:
DET# 1
DETDESC# DESKTOP-I499GD2 Easy-MCA-2k SN 18191655
AP# Maestro Version 7.01
$DATE_MEA:
02/27/2024 16:11:08
$MEAS_TIM:
99 100
$DATA:
0 2047
       0
       0
       0
       0
       0
       0
       4
       3
      95
      51
      66
      70
      85
      84
      89
      88
     109
     118
     108
     114
     111
     107
      92
     104
      80
      96
     105
     126
     172
     225
     225
     261
     314
     344
     358
     222
     163
     190
     177
     169
     187
     242
     243
     262
     280
     276
     361
     426
     419
     465
     549
     689
     749
     778
     821
     724
     680
     671
     674
     772
    1009
    1394
    1916
    2558
    2940
    2907
    2520
    1771
    1130
     734
     425
     340
     278
     237
     239
     251
     219
     251
     215
     204
     199
     193
     209
     234
     191
     239
     247
     263
     270
     248
     311
     334
     246
     283
     265
     223
     204
     227
     175
     162
     165
     155
     170
     164
     151
     173
     164
     149
     155
     146
     149
     141
     145
     125
     118
     123
     128
     108
     146
     114
     129
     103
     126
     122
     111
     111
     112
     104
      92
     100
      96
     100
      90
      99
      98
      81
      98
      92
      91
      92
      97
      97
      93
      88
      86
      76
      87
      76
      79
      89
      77
      83
      70
      79
      73
      78
      74
      64
      62
      90
      74
      75
      78
      55
      47
      63
      76
      69
      72
      66
      49
      54
      57
      61
      65
      61
      48
      56
      58
      70
      57
      64
      54
      47
      42
      60
      47
      58
      57
      63
      48
      52
      41
      61
      53
      52
      55
      58
      50
      60
      41
      44
      44
      40
      42
      43
      48
      48
      44
      51
      53
      65
      60
      73
      44
      58
      70
      88
      84
      82
      68
     103
     107
      87
     128
     115
     133
     120
     138
     134
     120
     118
     115
     120
     111
      83
     101
      89
      78
      68
      82
      54
      50
      49
      40
      37
      44
      35
      36
      29
      34
      27
      33
      28
      28
      28
      29
      33
      35
      39
      21
      24
      35
      24
      38
      30
      43
      26
      28
      26
      37
      37
      33
      31
      23
      37
      33
      34
      31
      25
      33
      38
      26
      26
      32
      31
      21
      28
      22
      32
      32
      20
      28
      18
      26
      25
      22
      29
      34
      31
      33
      25
      25
      25
      34
      23
      25
      25
      26
      19
      23
      17
      26
      11
      17
      19
      26
      24
      19
      25
      20
      24
      28
      28
      17
      23
      25
      33
      23
      25
      18
      21
      34
      21
      17
      23
      27
      21
      14
      26
      30
      23
      23
      25
      26
      15
      20
      21
      17
      18
      28
      28
      18
      24
      36
      25
      29
      23
      15
      23
      21
      25
      21
      27
      21
      28
      31
      24
      21
      25
      29
      31
      15
      25
      11
      20
      23
      22
      23
      27
      20
      17
      18
      23
      15
      18
      23
      17
      12
      24
      20
      16
      15
      20
      20
      22
      23
      16
      16
       9
      17
      17
      14
      20
      20
      23
      17
      17
      26
      19
      20
      12
      20
      12
      31
      22
      21
       9
      11
       9
      24
      12
      19
      12
      22
      21
      22
      17
      14
      14
      18
      14
      17
      18
      11
      10
      19
      17
      19
      16
      19
      20
      13
      14
       9
      14
      18
       9
      13
       9
      16
       4
      14
      14
      17
      13
      18
      13
      20
      24
      15
      12
      18
      14
      14
      15
      14
      16
      11
      15
      12
      23
      18
      19
      15
      13
      17
      20
      17
      25
      23
      25
      11
      16
      23
      21
      24
      21
      31
      24
      22
      18
      32
      18
      24
      12
      17
      21
      17
      15
      14
      20
      15
      13
      17
      16
      12
       9
      12
      13
      14
      12
      13
      12
      17
      16
      15
      19
      11
       9
      15
      21
      12
      11
      13
      15
       9
      15
      15
      14
      14
      17
      13
      12
      14
      16
      15
      12
      11
      17
      18
      15
       9
      15
      16
      11
      15
      15
       7
      16
      12
      15
      16
      11
      16
      14
      19
      14
      10
      20
      11
      14
      16
      20
      12
      20
      18
      16
      19
      13
      12
      18
      16
      14
      16
      13
      14
      11
      18
      17
       6
      10
      13
      15
      11
      16
      10
       9
      16
       7
      13
      12
      14
      14
      13
      16
      18
       5
      13
      18
      14
      10
      13
      17
      13
      10
      15
       9
       7
      12
      11
      11
      16
      19
      16
       9
       9
      13
       9
      22
      14
      20
      11
      16
      15
       7
      16
       7
      10
      22
      26
      17
      16
      14
       9
      20
      22
      22
      19
      19
      17
      19
      13
      15
      15
      16
      22
      11
       8
      12
      12
      13
      14
      19
      15
      16
      12
      10
       9
      13
      15
      10
      14
      19
      11
       8
      11
      11
       6
      14
      11
       8
       9
       9
       6
       8
       7
       3
       9
       4
       9
       8
       5
       9
       8
       7
       8
      13
      10
       7
       6
      10
       2
      13
       9
       6
       7
       6
      10
      14
       7
       9
      10
       7
       4
       7
      20
       9
      12
       6
       5
       2
      12
       6
       6
      11
       7
       5
      12
       6
       8
       9
      12
       8
       5
      11
       8
       4
       9
       8
       8
      14
       4
       8
       5
      12
      12
      13
      11
      20
       8
      17
      17
      20
      14
      18
      28
      21
      20
      28
      21
      26
      34
      28
      26
      24
      29
      32
      34
      34
      38
      28
      32
      34
      37
      38
      31
      24
      32
      32
      35
      24
      30
      29
      34
      28
      19
      29
      25
      24
      17
      23
      18
      15
      11
      17
      12
      13
      19
      11
      10
      10
       7
       4
       9
       6
      10
       1
       9
       9
       6
       5
       5
       4
       6
       5
       5
       7
       5
       8
       6
       5
       9
       3
       7
       6
       6
       4
       5
       5
       4
       4
       5
       3
       4
       5
       7
       7
       6
       4
       7
       8
       5
       5
       4
       5
      12
       1
       4
       3
       4
       7
       7
       8
       4
       6
       2
       2
       3
       1
       7
       4
       4
       4
       5
       6
       2
       7
       1
       7
       6
       6
       5
       8
       7
       3
       5
      10
       5
       5
       5
       7
       4
       6
       8
       5
       3
       6
       7
       3
       3
       7
       5
       1
       2
       5
       8
       6
       7
       4
       6
       3
       3
       5
       3
       6
       7
       3
       5
       4
      10
       5
       3
       7
       5
       4
       3
       1
       5
       0
       5
       6
       6
       4
       3
       6
       4
       2
      10
       2
       3
       3
       4
       6
       4
       3
       5
       8
       9
       6
       4
       7
       2
       3
       4
       2
       1
       5
       5
       8
       5
       9
       2
       2
       3
       2
       7
      11
       4
       3
       5
       6
       4
       7
       1
       9
       6
       2
       6
       3
       4
       8
       7
       3
       2
       4
       3
       6
       9
       1
       2
       8
       8
       5
       3
       1
       4
       4
       1
       1
       3
       6
       4
       4
       6
       0
       6
       6
       5
       6
       4
       6
       5
       2
       6
       4
       6
       2
       4
       4
       5
       3
       2
       3
       3
       5
       3
       5
       9
       1
       7
       6
       1
       1
       5
       8
       6
       6
       3
       1
       3
       2
       7
       4
       5
       2
       4
       4
       4
       6
       5
       2
       2
       6
       6
       2
      10
       7
       3
       5
       3
       2
       5
       0
       4
       4
       7
       1
       4
       6
       2
       2
       6
       2
       2
       5
       6
       4
       4
       2
       7
      12
       5
       5
       6
       2
       3
       4
       5
       5
       3
       2
       6
       4
       1
       5
       1
       5
       5
       3
       4
       6
       0
       2
       3
       6
       1
       4
       8
       2
       7
       3
       3
       4
       6
       7
       9
       7
       3
       2
       5
       1
       6
       5
       3
       6
       3
       7
       6
       2
       2
       5
       7
       4
       6
       8
       4
       3
       3
       5
       3
       6
       4
       3
       3
       6
       2
       7
       6
       8
       3
       2
       5
       3
       3
       5
       5
      12
       3
       1
       5
       3
       2
       3
       3
       6
       5
       6
       7
       5
       4
       2
       6
       5
       4
       5
       3
       4
       3
       4
       4
       3
       4
       2
       4
       4
       2
      10
       6
       3
       6
       2
       3
       2
       1
       2
       4
       4
       3
       7
       4
       4
       3
       5
       3
       4
       2
       5
       2
       3
       9
       7
       4
       4
       2
       5
       1
       6
       6
       2
       6
       3
       0
       3
       3
       2
       4
       5
       7
       3
       9
       6
       6
       5
       3
       7
       4
       4
       4
       3
       6
       9
      10
       1
       6
       4
       5
       5
       1
       6
       1
       6
       1
       2
       5
       3
       1
      10
       4
       3
       2
       2
       6
       2
       5
       4
       1
       6
       7
       1
       2
       4
       5
       8
       5
       2
       2
       4
       7
       3
       6
       2
       5
       8
       5
       2
       5
       1
       7
       3
       4
       5
       2
       4
       2
       5
       4
       5
       3
       3
       1
       2
       4
       5
       9
       4
       9
       3
       2
       4
       5
       2
       3
       2
       4
       2
       6
       2
       9
       5
       8
       4
       5
       3
       3
       4
       6
       7
       1
       3
       4
       6
       1
       3
       5
       6
       5
       2
       5
       4
       2
       2
       4
       4
       2
       6
       2
       5
       4
       3
       8
       4
       4
       3
       6
       5
       3
       2
       5
       5
       6
       7
       3
       4
       4
       5
       7
       5
       5
       7
       3
       3
       7
       2
       3
       6
      11
       8
       4
       4
       0
       2
       3
       4
       5
       3
       5
       5
       5
       5
       3
       4
       3
       6
       3
       2
       7
       3
       4
       3
       2
       3
       3
       6
       4
       3
       5
       4
       2
       3
       7
       5
       6
       4
       5
       6
       7
       4
       6
       5
       6
       4
       4
       3
       7
       2
       5
       1
       7
       6
       4
       9
       5
       4
       3
       3
       4
       3
       2
       5
       1
       3
       6
       2
       1
       3
       3
       4
       1
       3
       5
       4
       4
       6
       6
       4
       3
       3
       5
       5
       2
       3
       2
       3
       5
       3
       4
       4
       5
       4
       5
       6
       5
       5
       1
       4
       4
       3
       6
       3
       5
       3
       6
       2
       8
       3
       8
       4
       6
       4
       1
       7
       6
       6
       1
       1
       2
       5
       2
       5
       2
       7
       3
       1
       3
       5
       3
       4
       2
       1
       1
       2
       6
       2
       5
       2
       1
       4
       4
       3
       3
       9
       2
       3
       0
       2
       1
       6
       2
       4
       4
       3
       5
       7
       1
       5
       5
       4
       8
       3
       7
       7
       1
       3
       1
       5
       3
       1
       8
       4
       3
       6
       2
       4
       2
       5
       3
       3
       1
       4
       4
       3
       4
       3
       4
       6
       4
       2
       4
       1
       3
       2
       4
       4
       6
       3
       2
       2
       4
       4
       1
       5
       2
       4
       7
       1
       7
       5
       2
       4
       2
       4
       3
       2
       7
       3
       8
       4
       7
       4
       5
       3
       4
       2
       9
       4
       4
      12
       6
       3
       3
       6
       9
       4
       3
      10
       5
       4
       3
       6
       4
       7
       3
       3
       4
       4
       8
       4
       7
       6
       4
       4
       3
       5
       6
       3
       7
       4
       7
       4
       3
       0
       3
       3
       3
       6
       7
       4
       7
       5
       3
       4
       4
       4
       4
       7
       0
       6
       4
       6
       2
       6
       3
       4
       2
       4
       6
       7
       1
       7
       7
       4
       0
       4
      10
       5
       4
       4
       5
       3
       8
       3
       5
       3
       2
       3
       6
       8
       7
       5
       3
       6
       4
       3
       4
       4
       3
       3
       2
       2
       3
       7
       7
       7
       1
       6
       5
       5
       7
       2
       4
       9
       4
       3
       5
       2
       3
      11
       6
       8
       7
       5
       4
       4
       5
       2
       5
       4
       8
       4
       4
       6
       2
       7
       2
       6
       7
       5
       5
       2
       2
       4
       5
       5
       3
       4
       9
       9
       5
       3
       9
       3
       5
       4
       8
       5
       4
       3
       1
       4
       7
       2
       4
       6
       2
       3
       2
       3
       2
       7
       6
       3
       3
       4
       3
       3
       6
       4
       2
       4
       5
       4
       2
       3
       7
       1
       3
       0
       4
       3
       8
       4
       7
       6
       4
       2
       5
       8
       4
       5
       3
       2
       4
       5
       1
       4
       7
       4
       3
      10
       6
       2
       4
       0
       4
       8
       6
       4
       8
       7
       5
       4
       7
       3
       4
       3
       4
       6
       5
       4
       9
       5
       4
       4
       3
       3
       1
       6
       5
       3
       8
       5
       6
       3
       9
       8
       5
       6
       6
       7
       6
       2
       8
       5
       3
       7
       3
       7
       4
       9
       7
       6
       3
       6
       5
       2
       5
       7
       4
       3
       5
       6
       5
       3
       4
       7
       8
       5
       8
      11
       4
       5
       5
       5
       4
       4
       3
       6
      12
       6
       6
       4
       7
       5
       1
       8
       8
       4
       7
       9
       2
       4
       6
       2
       6
       4
       1
       5
       6
       9
       9
       2
       5
       4
       8
       5
       3
       8
       4
       5
      11
       7
       5
       3
       8
       7
       3
       6
       8
       5
       5
      10
       6
       6
       0
       3
       4
       5
      10
       5
       6
      11
       4
       5
       7
       4
       8
       7
       6
       3
       4
       7
       6
       6
       7
       5
       3
       5
       3
       7
       4
      12
       2
       3
       8
      11
       5
       3
       9
       9
       5
       4
      10
       4
       5
       8
       1
      11
       5
       5
       4
       6
       8
       5
       0
       0
       0
       0
       0
       0
       0
       0
       0
       0
       0
       0
       0
       0
       0
       0
       0
       0
       0
       0
       0
       0
       0
       0
       0
       0
       0
       0
       0
       0
       0
       0
       0
       0
       0
       0
       0
       0
       0
       0
       0
       0
       0
       0
       0
       0
       0
       0
       0
       0
       0
       0
       0
       0
       0
       0
       0
       0
       0
       0
       0
       0
       0
       0
       0
       0
       0
       0
       0
       0
       0
       0
       0
       0
       0
       0
       0
       0
       0
       0
       0
       0
       0
       0
$ROI:
1
712 830
$PRESETS:
None
0
0
$ENER_FIT:
-23.656767 2.297974
$MCA_CAL:
3
-2.365677E+001 2.297974E+000 2.836717E-005 keV
$SHAPE_CAL:
3
0.000000E+000 0.000000E+000 0.000000E+000
