$SPEC_ID:
No sample description was entered.
$SPEC_REM:
DET# 1
DETDESC# DESKTOP-I499GD2 Easy-MCA-2k SN 18191655
AP# Maestro Version 7.01
$DATE_MEA:
02/27/2024 16:28:09
$MEAS_TIM:
110 110
$DATA:
0 2047
       0
       0
       0
       0
       0
       0
       5
       2
      99
      66
      82
      77
      81
      79
      95
      96
     110
     116
     101
     122
      98
      93
      93
     103
     103
      95
      92
     140
     156
     222
     218
     240
     269
     324
     286
     244
     179
     168
     164
     199
     197
     180
     213
     247
     279
     260
     341
     346
     426
     483
     554
     672
     751
     787
     846
     691
     634
     540
     629
     601
     799
    1095
    1486
    1969
    2264
    2096
    1960
    1360
     906
     584
     366
     300
     291
     251
     245
     230
     248
     226
     223
     226
     227
     260
     219
     238
     244
     237
     293
     282
     299
     335
     352
     328
     361
     318
     291
     295
     247
     231
     188
     193
     184
     203
     177
     160
     166
     147
     149
     171
     163
     148
     162
     144
     144
     126
     154
     152
     131
     138
     135
     105
     148
     127
     155
     140
     109
     122
     131
     130
     127
     131
     113
     106
     145
      97
     109
     101
     114
      96
     112
      96
     106
      85
     119
      86
      86
      88
      86
      78
      86
      90
      95
      83
      94
      91
      95
      94
      90
      85
      86
      78
      85
      73
      71
      84
      81
      84
      79
      60
      66
      81
      77
      51
      70
      65
      66
      73
      67
      63
      60
      61
      61
      55
      71
      56
      59
      62
      52
      52
      77
      66
      52
      54
      58
      51
      57
      49
      53
      67
      60
      58
      66
      56
      59
      48
      68
      52
      62
      57
      61
      60
      69
      62
      59
      74
      57
      71
      76
      84
      94
      92
      92
     114
     111
     119
     113
     141
     155
     158
     153
     137
     152
     146
     132
     128
     133
     120
     111
      92
     107
     113
      70
      54
      62
      59
      47
      43
      43
      48
      35
      37
      37
      52
      36
      35
      44
      35
      29
      32
      31
      34
      43
      45
      36
      34
      34
      34
      46
      32
      26
      28
      28
      31
      38
      46
      44
      31
      37
      34
      46
      29
      37
      40
      23
      30
      21
      27
      25
      27
      33
      36
      17
      34
      27
      23
      30
      35
      27
      36
      47
      27
      35
      30
      35
      34
      33
      31
      27
      40
      31
      21
      26
      35
      38
      29
      26
      24
      20
      27
      28
      31
      24
      28
      25
      28
      17
      26
      27
      40
      21
      28
      21
      30
      28
      32
      17
      29
      29
      22
      31
      25
      16
      14
      26
      33
      28
      32
      28
      21
      23
      18
      31
      26
      19
      27
      23
      30
      26
      30
      28
      24
      23
      21
      23
      26
      21
      22
      22
      30
      33
      23
      25
      22
      27
      23
      17
      24
      21
      26
      19
      17
      23
      24
      30
      23
      23
      24
      25
      24
      25
      30
      25
      26
      23
      18
      25
      20
      22
      25
      20
      21
      18
      15
      22
      20
      23
      20
      17
      20
      21
      14
      20
      16
      22
      25
      22
      19
      15
      24
      23
      13
      26
      21
      15
      24
      20
      14
      22
      21
      21
      17
      19
      26
      23
      21
      17
      28
      16
      19
      15
      11
      23
      25
      14
      24
      22
      15
      15
      14
      18
      11
      20
      19
      13
      14
      18
      14
      15
      12
      15
      14
      14
      16
      20
      11
      27
      27
      19
      18
      21
      28
      28
      24
      22
      22
      26
      21
      18
      26
      29
      17
      25
      27
      23
      24
      22
      18
      27
      25
      25
      35
      24
      27
       8
      27
      30
      20
      25
      33
      21
      18
      34
      23
      24
      26
      15
      20
      28
      16
      13
      12
      16
      18
      17
       8
      15
      17
      13
      21
      18
      19
      14
      15
      19
      16
      16
      24
      13
      17
      16
      14
      15
      19
      17
      18
      20
      17
      17
      16
      13
      16
      21
      17
      20
      15
      19
      16
      19
      18
      17
      22
      21
      14
      16
      19
      18
      14
      21
      20
      21
      14
      11
      18
      12
      18
      13
      19
      15
      15
      18
      18
      18
      14
      26
      13
      16
       6
      17
      19
      15
      22
      14
      13
       7
      16
      18
      17
      23
      17
      21
      10
      15
      14
      13
      18
      18
      17
       9
      15
      19
      14
      21
      20
      18
      17
      14
      11
      16
      17
      21
      19
      20
      19
      10
      16
      15
      16
      23
      11
      19
      17
      16
      18
      17
      28
      19
      23
      20
      20
      21
      21
      31
      18
      20
      21
      20
      20
      19
      15
      26
      19
      17
      19
      14
      17
      17
      22
      25
      12
      20
      18
      17
      13
      26
      10
      12
      18
      15
      19
      11
      20
      15
       8
      12
      12
      19
      14
      11
      14
      17
      12
      14
       7
      14
      16
      14
      13
      12
      14
       9
       5
       8
      13
      14
       6
      12
      10
      13
      17
       8
      13
      10
      14
      13
      11
      14
      10
       5
       9
       5
      11
       8
      14
      11
       7
      10
       6
      13
      11
       9
      11
      14
      16
      12
       9
       7
      12
       9
       5
       9
      11
      10
      13
      11
      11
      10
       9
       5
       7
      12
       8
      10
       8
       8
       9
       9
      13
      12
      15
       9
      21
      21
      15
      20
      20
      14
      19
      18
      17
      29
      24
      33
      33
      27
      36
      31
      28
      33
      41
      28
      50
      51
      51
      50
      53
      41
      42
      43
      40
      27
      34
      38
      39
      28
      30
      31
      41
      35
      30
      24
      32
      33
      19
      18
      19
      15
      22
      15
      12
      15
      11
       9
      10
      10
      21
      16
      11
      10
       7
      10
       8
       5
       9
       5
       6
       8
       5
       4
       3
       5
       6
       8
       6
       7
       8
       8
       9
      11
       6
      10
       8
       5
       5
       8
      10
       9
       5
       7
       3
       8
       7
       7
       5
       3
       4
       7
       1
       6
       7
       7
       2
       9
       2
       7
       3
      10
       6
       5
       7
       4
       6
       7
       5
       7
       5
       7
       9
      10
      11
      10
       7
       5
       7
       7
       9
      10
       4
       3
       4
      13
       3
       3
       9
       5
       2
       3
       6
       7
       4
      13
       8
       5
       7
       9
       5
       7
       8
       8
       5
       7
       4
       4
      10
       3
       3
       8
       2
       4
       8
       7
       6
       9
       3
       6
       3
       5
       4
       6
       4
       6
       5
       5
       3
       5
       4
      11
       3
       3
       3
       6
       4
       3
       3
       5
       6
      10
       8
       8
       5
       6
       1
       5
       4
       7
       9
       5
       6
       2
       6
       6
       9
       6
       8
       4
       7
       7
       8
       8
       5
       7
       6
       7
       1
       5
       8
       3
       2
       6
       2
       4
       6
      13
       5
       6
       6
       6
       3
       6
       5
       6
       5
       4
       4
       7
       9
       7
       4
       5
       5
       8
       5
       7
       4
       7
       9
       6
       8
       6
       7
       0
       5
       0
       8
       4
       5
       4
       5
       3
       6
       3
       4
       5
       2
       7
       3
       4
       6
       4
       7
       5
       3
       9
       6
       9
       2
       1
       6
      15
       5
       9
       3
       4
       4
       5
       4
       5
       6
       6
       6
       3
       4
       9
       6
       4
       3
       7
       2
       6
       7
       7
       3
       4
       6
       2
       5
       6
       7
       7
       7
       3
       5
       3
       7
       3
       3
       4
       4
       8
       3
       7
       7
       5
       8
       3
       5
       5
       4
       6
       6
       8
       3
       6
       7
       5
       1
       8
       4
       5
       6
      13
       8
       4
       4
       8
       5
       3
       8
       5
       1
       7
       3
       5
       8
       8
       7
       1
       5
       4
       4
       7
       5
       4
       6
       6
       3
      11
       6
       6
       5
       6
       2
       7
       6
       7
       4
       6
       3
      11
       4
       4
      11
       6
       6
       6
       3
      10
       2
       3
       3
       8
       3
       3
       4
       5
       5
      10
       4
       6
       5
       5
       6
       8
      11
       4
       4
       5
       4
       3
       8
       6
       7
       4
       7
       9
       8
       7
       6
       5
       7
       4
       6
       6
       7
       6
       5
       6
       8
       4
       3
       5
       4
       2
       6
       4
       8
       4
       2
       4
       3
       7
       3
       2
       9
       4
       2
       4
       6
       6
       6
       1
       9
       9
       4
       5
       5
       7
       5
       2
       2
       4
       2
       5
      12
       4
       4
       5
       4
       2
       4
       4
       8
       3
       6
       7
       6
       3
       2
      12
       6
       3
       6
       2
       3
       6
       6
       6
       3
       3
       5
       3
       9
       3
       8
       7
       2
       3
       3
       5
       5
       2
       4
       4
       5
       2
       5
       1
      10
       3
       8
       3
       1
      11
       4
       3
       8
       6
       2
       4
       4
       3
       5
       4
       7
       3
       3
       8
       7
       7
       6
       2
       4
       5
       7
       3
       3
       5
       4
       3
      10
       5
       6
       5
       2
       5
       3
       5
       3
       8
       6
       8
       5
       4
       3
       5
       4
       8
       7
       7
       7
       3
       5
       3
       5
       4
       4
       3
       7
       5
       8
       5
       5
      14
       5
      10
       2
       5
       7
       6
       5
       3
      11
       3
      10
       3
       6
       3
       6
       2
       4
      10
       5
       5
       4
       5
       7
       5
       5
       3
       3
       5
       4
       4
       1
       2
       6
       7
       6
       8
       3
       7
       7
       5
       4
       3
       5
       3
       4
       4
       7
       6
       3
       7
       3
       5
       8
      11
       3
       4
       3
       7
       5
       3
       5
       6
       4
       2
       6
       9
       6
       0
       4
       5
       7
       2
       8
       7
       3
       7
       4
       4
       6
       8
      10
       6
       6
       5
       6
       7
       3
       8
       5
       9
       8
       5
       4
       5
       6
       0
       4
       5
       4
       3
       5
       3
       4
       4
       5
       6
       7
       6
       3
       3
       5
       5
       1
       5
       8
       8
       7
       3
       8
       4
       7
       8
       7
       5
       6
       4
       4
       5
       7
       5
       7
       6
       6
      13
       6
       8
       4
       5
       7
       3
       3
       3
       5
       5
       1
       2
       4
       1
       5
       9
       2
       4
       8
       8
       5
       3
       5
       2
       5
       2
       7
       3
       4
       3
       4
       6
       4
       8
       2
       5
       7
       3
       3
       4
       5
       8
       2
       6
       3
       4
       5
       3
       1
       4
       3
       2
       2
       6
       6
      10
       6
       7
       8
       4
       4
       3
       4
       7
       6
       4
       3
       3
       8
       5
       2
       3
       4
       3
       3
       5
       5
       6
       2
       4
       7
       8
       5
       4
       6
       4
       6
       7
       4
       5
       3
       9
       3
       6
       5
       3
       3
       5
       5
       4
       5
       8
       4
       6
       4
       5
       6
       6
       9
       3
       2
      11
       9
       6
       4
       2
       3
       6
       5
       3
       3
       6
       3
       6
      11
       6
       4
       4
       5
       5
       4
       2
       5
       7
       6
       4
       5
       9
       8
       4
       5
       6
       7
       4
       6
      13
       2
       1
       6
       2
       8
       2
       4
      10
       5
       7
       4
       5
       7
       7
       6
      11
       3
       5
       8
       6
       4
       3
       3
       6
       7
       8
       6
       8
       4
       4
      10
       6
       3
       9
       7
       4
       8
       3
       8
       2
       6
       7
       6
       5
       8
       4
       5
       7
       4
       6
       6
       1
      10
       1
       3
       4
       2
       8
       7
       4
       9
       4
       6
       9
       6
       8
       5
       4
       7
       5
       7
       5
       6
       4
       7
       3
      12
       7
       5
       3
       2
       5
       3
       6
       5
      11
       3
       5
       9
       3
       2
      12
       4
       3
       0
       5
       4
       6
       5
       5
       5
       7
       5
       5
       4
       5
       1
       7
       3
       4
       5
       8
       5
       3
       5
       5
       1
       4
       4
       4
       3
       1
       4
       5
       5
       6
       6
       3
       7
       6
       6
       6
       2
       5
       5
       5
       4
       6
       4
       9
       6
       6
       5
       3
       3
       8
       6
       6
       8
       6
       8
       8
       6
       2
      10
       7
       7
       6
      11
       6
       7
       4
      11
       5
       6
       5
       4
       6
       7
       7
       6
       7
       7
       7
       7
       6
       2
       1
       5
       5
       8
       3
       9
       6
       2
       5
       1
       6
       7
       6
       5
       7
       4
       6
       7
       8
       5
       3
       6
       6
      12
       4
       6
       6
       4
       7
      10
       3
       2
       4
       6
       6
       8
       5
       8
       8
       3
      10
       7
       4
       7
       7
       2
       6
       1
       7
       6
       4
       8
       4
       3
       3
       5
       4
       8
       3
       9
       6
       5
       6
       7
       9
       7
       7
       4
      11
       8
       2
       7
       5
       6
       7
       8
       6
       8
       6
       5
       8
       8
       7
      10
       7
       2
       6
      11
       7
       5
       7
       6
       4
       5
       3
       8
      14
       5
       6
      11
       5
       4
       7
       2
       8
       7
       6
       6
       2
       9
       5
      10
       1
       9
       8
      10
       7
      10
      10
       7
       2
       8
       6
       7
       6
       7
       5
       8
       5
       2
       7
       6
       6
       7
       5
       6
       8
      13
      11
       7
       4
       4
       7
       6
       7
       4
       6
       4
      11
       8
       4
       8
       5
      10
       4
      10
       4
       7
       5
       6
       7
       9
       6
       8
       9
      11
       6
       6
      10
       9
       4
       7
       7
       5
       7
       7
       9
       9
       8
       7
       4
       3
       4
      10
       3
      11
       7
       8
       5
       7
       5
       7
       3
       9
       4
       5
       0
       0
       0
       0
       0
       0
       0
       0
       0
       0
       0
       0
       0
       0
       0
       0
       0
       0
       0
       0
       0
       0
       0
       0
       0
       0
       0
       0
       0
       0
       0
       0
       0
       0
       0
       0
       0
       0
       0
       0
       0
       0
       0
       0
       0
       0
       0
       0
       0
       0
       0
       0
       0
       0
       0
       0
       0
       0
       0
       0
       0
       0
       0
       0
       0
       0
       0
       0
       0
       0
       0
       0
       0
       0
       0
       0
       0
       0
       0
       0
       0
       0
       0
       0
$ROI:
1
712 830
$PRESETS:
None
0
0
$ENER_FIT:
-23.656767 2.297974
$MCA_CAL:
3
-2.365677E+001 2.297974E+000 2.836717E-005 keV
$SHAPE_CAL:
3
0.000000E+000 0.000000E+000 0.000000E+000
