$SPEC_ID:
No sample description was entered.
$SPEC_REM:
DET# 1
DETDESC# DESKTOP-I499GD2 Easy-MCA-2k SN 18191655
AP# Maestro Version 7.01
$DATE_MEA:
02/27/2024 16:06:15
$MEAS_TIM:
86 87
$DATA:
0 2047
       0
       0
       0
       0
       0
       2
       4
       4
      91
      72
      56
      55
      60
      66
      91
     109
     116
     101
     118
     103
      98
      87
      83
      90
      94
      89
     100
     131
     146
     208
     254
     253
     299
     380
     324
     222
     163
     145
     185
     150
     178
     200
     222
     261
     283
     316
     331
     389
     410
     494
     536
     626
     690
     739
     686
     669
     633
     591
     651
     773
    1028
    1378
    1954
    2685
    2989
    2934
    2488
    1802
    1153
     676
     378
     289
     256
     219
     228
     212
     228
     175
     218
     187
     170
     208
     169
     193
     215
     200
     211
     226
     238
     228
     253
     240
     240
     234
     199
     211
     196
     173
     169
     153
     143
     118
     111
     134
     109
     129
     116
     147
     149
     135
     127
     109
     121
     118
     116
     120
     112
     101
     111
      90
     116
      89
     111
      84
      81
     101
      98
      77
      96
     114
      96
      91
      77
      85
      90
      81
      70
      66
      76
      71
      75
      89
      74
      82
      68
      91
      78
      64
      56
      77
      72
      83
      82
      74
      74
      59
      52
      67
      60
      61
      58
      59
      59
      70
      62
      60
      53
      56
      50
      42
      57
      50
      47
      44
      46
      48
      40
      55
      59
      50
      43
      50
      29
      57
      47
      39
      50
      43
      38
      44
      43
      41
      44
      39
      49
      41
      43
      52
      54
      52
      31
      44
      60
      44
      34
      35
      32
      51
      49
      49
      47
      35
      58
      44
      60
      55
      56
      63
      61
      58
      82
      87
      88
      90
      87
     104
     128
     116
     106
     115
     105
     129
     103
      73
     106
      82
     101
      71
      65
      71
      70
      46
      39
      42
      29
      26
      35
      32
      25
      28
      24
      24
      37
      26
      31
      23
      25
      24
      21
      27
      27
      34
      19
      32
      26
      29
      36
      20
      35
      27
      18
      21
      36
      31
      15
      17
      25
      23
      23
      24
      20
      25
      21
      21
      28
      22
      18
      29
      18
      23
      32
      33
      20
      20
      30
      19
      25
      27
      20
      14
      17
      20
      21
      15
       9
       8
      28
      19
      19
      15
      32
      25
      12
      21
      19
      18
      18
      18
      19
      25
      14
      25
      13
      31
      24
      25
      13
      20
      17
      17
      25
      15
      17
      21
      12
      13
      14
      18
      21
      15
      17
      21
      19
      16
      18
      11
      20
      16
      19
      17
      17
      18
      19
      18
      12
      20
      19
      11
      23
      19
      22
      23
      17
      15
      15
      21
      16
      21
      26
      20
      17
      21
      16
      21
      22
      15
      20
      14
      17
      16
      17
      21
      19
      17
      17
      14
      16
      15
      20
      12
      18
      12
      22
      16
      18
      19
      15
      13
      19
      15
      13
      16
      17
      16
      12
      18
      17
      14
      19
      12
      17
      14
      12
      13
      14
      12
      12
      14
       8
      16
      15
      21
      16
      13
      20
      15
      12
      16
      15
       6
      14
      10
      17
      12
      19
      15
      13
      20
      14
      12
      10
      12
      12
       9
      14
      12
      13
      10
      11
      16
       9
      12
      15
      16
      14
       9
      16
      16
       6
      13
      13
       8
      13
      11
      15
      18
      11
      11
      23
      18
      21
      12
      14
      19
      11
      18
      10
      16
      19
      14
      22
      20
      13
      18
      22
      27
      21
      19
      29
      20
      26
      18
      27
      16
      20
      26
      16
      11
      18
      19
      23
      12
      12
      20
      14
      12
      17
      13
       9
      14
      15
      15
      11
      13
      13
      15
      16
       9
       9
      16
       8
      12
      11
      11
      12
       7
      11
      10
      12
      12
       6
      14
      12
      14
      11
      10
      13
      14
       6
       4
      15
       9
      20
       9
       9
       9
       5
      17
      10
      16
      17
      16
      14
      10
      16
      15
       9
       8
      15
       8
      12
      11
       9
       8
       5
      13
      13
       4
      15
       8
      14
      10
      16
       9
      14
      10
       4
       7
      10
      18
       8
       8
       6
      12
       7
       6
      12
       7
      14
       7
      18
      14
      11
       9
      11
       8
      14
       8
      14
      14
      13
      13
       6
      10
      12
       9
      11
      12
      12
      11
      11
      20
      10
      16
       6
      18
      10
      10
       9
      14
      13
      16
       7
       9
      16
      10
      10
      11
      12
      13
      10
      19
       9
      14
      17
      10
      13
      15
      19
      13
      16
      16
      21
      14
      16
       7
      11
       6
      13
      11
      12
      12
      10
      10
       8
      15
       8
      12
       4
       9
       8
      11
       6
       9
       8
       7
      11
       9
       5
       8
      10
      10
       5
       6
       6
       5
       4
       8
       8
       6
       3
       7
       7
      15
       6
       3
       4
       7
       4
      10
      10
       8
      12
      11
      11
       5
       6
       5
       8
       4
       7
      10
       8
      11
      10
       7
       9
       8
       4
      11
      10
       9
       9
       5
      11
       6
       2
       9
       5
       8
       5
       5
       7
       7
       5
      11
       8
       7
       7
       7
      10
       8
       6
       6
       9
      11
       7
       8
      11
      12
       9
       7
      14
      13
      13
      17
      20
      22
      17
      16
      18
      20
      16
      18
      17
      14
      22
      22
      32
      25
      29
      29
      26
      22
      29
      20
      24
      27
      22
      19
      33
      24
      25
      26
      25
      29
      19
      14
      22
      15
      21
      12
      16
      18
      14
       9
       5
      15
      20
      14
      12
       8
       9
       9
       4
       5
      10
       6
       5
       5
       5
       4
       8
       4
       5
       2
       4
       8
       3
      10
       7
       5
       4
       6
      11
       5
       8
       3
       6
       6
       2
       4
       2
       4
       4
       3
       3
       4
       5
       4
       3
       5
       3
       2
       2
       4
       7
       4
       5
       5
       4
       7
       5
       4
       2
       1
       3
       8
       4
       3
       4
       2
       7
       3
       7
       7
       1
       8
       2
       8
       7
       3
       3
       4
       5
       4
       4
       4
       4
       3
       2
       3
       6
       3
       6
       5
       5
       2
       5
       6
       4
       2
       4
       2
       4
       3
       8
       3
       8
       4
       4
       5
       6
      10
       5
       3
       3
       5
       3
       7
       2
       3
       2
       3
       3
       4
       3
       5
       3
       2
       3
       3
       6
       6
       2
       8
       3
       5
       5
       6
       7
       8
       8
       6
       6
       1
       6
       7
       7
       2
       2
       2
       2
       2
       5
       3
       3
       3
       3
       7
       6
       2
       3
       2
       6
       3
       6
       3
       4
       2
       7
       5
       3
       5
       7
       5
       6
       3
       3
      10
       1
       5
       3
       4
       6
       6
       5
       5
       4
       4
       3
       4
       2
       3
       4
       8
       9
       5
       7
       5
       3
       6
       6
       4
       6
       1
       6
       4
       7
       3
       4
       5
       4
       5
       5
       2
       5
       3
       7
       2
       9
       2
       5
       6
       4
       3
       2
       3
       1
       4
       3
       2
       2
       2
       6
       5
       3
       3
       4
       4
       3
       3
       4
       7
       3
       3
       1
       0
       4
       2
       2
       7
       4
       8
       4
       1
       2
       4
       1
       5
       2
       2
       2
       2
       4
       7
       4
       4
       1
       6
       5
       4
       5
       6
       7
       3
       1
       1
       3
       5
       5
       2
       3
       2
       2
       3
       3
       3
       3
       2
       4
       2
       2
       6
       4
       3
       3
       6
       3
       0
       2
       1
       8
       2
       7
       1
       3
       1
       6
       3
       3
       3
       5
       3
       2
       4
       3
       3
       2
       4
       4
       5
       1
       3
       4
       1
       3
       5
       3
       2
       4
       3
       4
       5
       6
       3
       3
       5
       5
       2
       4
       2
       6
       2
       3
       3
       5
       5
       4
       1
       8
       1
       4
       3
       0
       2
       2
       3
       4
       7
       5
       3
       7
       2
       2
       2
       5
       2
       5
       4
       6
       2
       4
       2
       3
       2
       1
       3
       5
       3
       3
       4
       3
       8
       3
       4
       5
       3
       1
       2
       3
       3
       0
       5
       6
       0
       7
       2
       3
       3
       5
       4
       3
       7
       5
       1
       2
       6
       3
       5
       3
       3
       3
       3
       3
       2
       0
       4
       3
       4
       3
       6
       2
       6
       2
       1
       7
       5
       1
       3
       7
       2
       2
       6
       1
       0
       4
       5
       4
       2
       3
       1
       3
       5
       4
       3
       1
       5
       3
       3
       4
       5
       6
       4
       4
       2
       2
       4
       2
       1
       5
       4
       4
       0
       6
       4
       2
       2
       4
       4
       3
       3
       6
       3
       4
       1
       2
       3
       1
       4
       2
       3
       1
       4
       3
       3
       1
       2
       3
       5
       4
       2
       2
       4
       1
       4
       3
       7
       5
       4
       6
       4
       3
       3
       4
       3
       8
       5
       4
       4
       2
       0
       3
       6
       2
       4
       2
       6
       2
       5
       3
       7
       5
       3
       3
       6
       5
       2
       2
       3
       4
       6
       3
       2
       5
       4
       8
       3
       5
       6
       4
       1
       4
       2
       7
       4
       4
       1
       5
       3
       6
       3
       1
       4
       6
       5
       5
       4
       7
       0
       2
       4
       4
       2
       5
       5
       1
       4
       2
       3
       4
       4
       5
       3
       5
       2
       1
       4
       7
       5
       3
       6
       4
       3
       9
       1
       3
       3
       2
       2
       6
       5
       4
       5
       4
       6
       4
       6
       3
       4
       6
       5
       5
       3
       4
       4
       7
       1
       1
       5
       5
       6
       3
       6
       2
       2
       2
       4
       7
       2
       2
       2
       2
       6
       4
       5
       7
       3
       5
       3
       5
       4
       4
       2
       3
       5
       6
       6
       2
       2
       4
       2
       2
       3
       2
       5
       8
       2
       4
       3
       4
       3
       1
       6
       4
       4
       2
       6
       2
       6
       4
      11
       3
       6
       2
       1
       4
       5
       4
       0
       5
       4
       2
       2
       2
       2
       3
       5
       3
       1
       5
       3
       3
       5
       0
       4
       4
       4
       3
       1
       4
       2
       3
       2
       2
       1
       4
       2
       4
       4
       2
       8
       1
       1
       6
       2
       2
       8
       1
       1
       2
       3
       2
       1
       4
       3
       3
       2
       3
       3
       4
       1
       3
       1
       4
       3
       0
       2
       3
       2
       3
       3
       2
       3
       5
       3
       1
       1
       5
       2
       5
       3
       3
       4
       6
       5
       5
       2
       4
       8
       4
       5
       3
       2
       3
       8
       3
       3
       2
       3
       3
       4
       5
       4
       1
       6
       1
       1
       7
       5
       6
       5
       7
       4
       5
       7
       1
       3
       4
       1
       2
       1
       2
       6
       1
       6
       6
       3
       1
       5
       5
       2
       2
       4
       2
       4
       4
       2
       4
       3
       6
       5
       5
       4
       5
       4
       5
       1
       5
       4
       4
       2
       6
       5
       7
       2
       2
       2
       1
       7
       1
       2
       4
       4
       2
       2
       3
       3
       4
       1
       2
       4
       5
       5
       4
       4
       7
       2
       7
       6
       6
       3
       4
       5
       6
       4
       5
       3
       4
       4
       2
       3
       1
       5
       6
       2
       4
       2
       2
       8
       1
       6
       9
       7
       3
       4
       2
       2
       8
       2
       4
       3
       3
       5
       3
       2
       2
       2
       1
       0
       5
       2
       5
       9
       5
       5
       6
       6
       4
       4
       7
       2
       1
       2
       3
       6
       6
      10
       3
       6
       4
       4
       6
       4
       5
       2
       5
       7
       4
       3
       4
       2
       0
       4
       5
       3
       2
       5
       7
       8
       4
       2
       2
       4
       5
       4
       0
       2
       2
       2
       8
       5
       8
       2
       3
       3
       6
       2
       3
       2
       6
       3
       5
       2
       3
       2
       4
       4
       4
       9
       1
       3
       5
       3
       7
       4
       6
       5
       2
       4
       5
       6
       6
       5
       3
      10
       6
       3
       7
       5
       3
       6
       4
       5
       2
       4
       4
       5
       5
       7
       5
       5
       6
       4
       4
       7
       1
       3
       2
       4
       5
       5
       0
       6
       2
       6
       2
       2
       3
       3
       3
       0
       2
       7
       4
       2
       3
       2
      10
       7
       1
       4
       8
       7
       2
       6
       4
       3
       4
       5
       3
       4
       4
       4
       6
       3
       7
       2
       5
      10
       0
       5
       6
       5
       2
       2
       2
       5
       6
       5
       2
       1
       2
       5
       8
       4
       1
       3
       4
       5
       3
       2
       8
       7
       6
       3
       5
       6
       6
       9
       6
       6
       7
       6
       0
       4
       6
       8
       3
       6
       6
       5
       3
       8
       2
       2
       4
       4
       5
       3
       5
       2
       7
       7
       4
       6
       2
       6
       4
       2
       5
       6
       8
       8
       0
       3
       4
       7
       5
      10
       8
       5
       4
       5
       7
       6
       6
      10
       9
       7
       6
       6
       4
       7
       6
       7
       5
       8
       5
       6
       3
       6
       5
       5
       4
       3
       3
       4
       1
       9
       4
       4
       2
       8
       6
       7
       4
       2
       7
       4
       5
       5
       3
       1
       4
       6
       7
       3
       2
       6
       6
       5
       5
       9
       5
       4
       3
       2
       1
       2
       3
       6
       3
       4
       3
       5
       7
       4
       9
       6
       5
       3
       3
       1
       5
       7
       4
       7
       5
       5
       4
       3
       6
       4
       1
       0
       0
       0
       0
       0
       0
       0
       0
       0
       0
       0
       0
       0
       0
       0
       0
       0
       0
       0
       0
       0
       0
       0
       0
       0
       0
       0
       0
       0
       0
       0
       0
       0
       0
       0
       0
       0
       0
       0
       0
       0
       0
       0
       0
       0
       0
       0
       0
       0
       0
       0
       0
       0
       0
       0
       0
       0
       0
       0
       0
       0
       0
       0
       0
       0
       0
       0
       0
       0
       0
       0
       0
       0
       0
       0
       0
       0
       0
       0
       0
       0
       0
       0
$ROI:
1
712 830
$PRESETS:
None
0
0
$ENER_FIT:
-23.656767 2.297974
$MCA_CAL:
3
-2.365677E+001 2.297974E+000 2.836717E-005 keV
$SHAPE_CAL:
3
0.000000E+000 0.000000E+000 0.000000E+000
