$SPEC_ID:
No sample description was entered.
$SPEC_REM:
DET# 1
DETDESC# DESKTOP-I499GD2 Easy-MCA-2k SN 18191655
AP# Maestro Version 7.01
$DATE_MEA:
02/27/2024 16:17:17
$MEAS_TIM:
100 100
$DATA:
0 2047
       0
       0
       0
       0
       0
       0
       1
       7
      82
      60
      60
      79
      70
      84
      71
      98
      90
     106
     101
     113
      89
      91
      85
      97
      91
     108
     111
     129
     176
     199
     195
     215
     275
     354
     320
     252
     173
     161
     171
     197
     204
     190
     236
     267
     273
     309
     371
     381
     391
     491
     552
     697
     767
     825
     757
     734
     612
     583
     623
     646
     863
    1176
    1579
    2206
    2365
    2372
    2030
    1473
     960
     587
     408
     307
     259
     257
     239
     233
     219
     220
     233
     224
     223
     224
     216
     222
     234
     244
     258
     284
     271
     279
     315
     292
     305
     303
     247
     275
     238
     206
     198
     179
     164
     160
     147
     164
     175
     147
     150
     170
     139
     155
     137
     150
     108
     136
     142
     122
     118
     121
     124
     106
     113
     126
     114
     118
     126
     132
     113
     109
     120
     107
     113
     123
     115
     107
     103
     110
     123
     107
     105
      90
      85
      97
     109
      82
      95
      75
      81
      81
      86
      84
      77
      72
      80
      84
      73
      57
      78
      86
      63
      68
      77
      73
      71
      67
      71
      79
      61
      74
      67
      77
      74
      60
      58
      56
      59
      46
      58
      45
      61
      59
      52
      48
      51
      58
      56
      45
      53
      48
      73
      46
      49
      50
      42
      48
      57
      54
      56
      48
      49
      65
      60
      64
      58
      56
      52
      52
      61
      55
      39
      71
      61
      53
      65
      58
      69
      73
      70
      78
      95
      89
      95
      91
     112
     109
     117
     135
     137
     157
     123
     119
     155
     135
     126
     102
     106
     120
     107
     105
      85
      83
      83
      68
      60
      56
      51
      37
      46
      45
      30
      32
      29
      32
      30
      34
      26
      33
      25
      29
      28
      29
      39
      28
      22
      38
      39
      29
      42
      32
      29
      30
      29
      19
      27
      29
      40
      33
      28
      41
      30
      27
      31
      31
      28
      21
      41
      24
      27
      30
      22
      29
      25
      27
      23
      26
      37
      30
      29
      23
      23
      27
      23
      33
      27
      25
      28
      27
      23
      17
      20
      24
      22
      24
      25
      15
      22
      22
      25
      20
      28
      24
      18
      25
      30
      26
      36
      19
      25
      22
      28
      10
      16
      33
      27
      19
      26
      20
      12
      25
      26
      31
      25
      20
      26
      14
      22
      21
      23
      26
      34
      24
      12
      32
      23
      29
      19
      24
      24
      22
      18
      28
      25
      24
      27
      22
      28
      23
      27
      16
      29
      21
      27
      20
      27
      29
      24
      28
      28
      21
      25
      17
      23
      18
      24
      23
      28
      21
      15
      23
      18
      20
      22
      15
      15
      21
      14
      19
      21
      21
      22
      16
      17
      15
      14
      22
      20
      19
      19
      21
      14
      16
      22
      24
      25
      27
      14
      22
      21
      19
      17
      14
      13
      18
      11
      19
      31
      21
      21
      17
      21
      19
      14
      20
      14
      17
      15
      15
      15
      17
      17
      15
      18
      11
      17
      18
      19
      17
      14
      16
      11
      11
      16
      14
      11
      14
      12
      12
      15
      16
      17
      12
      16
      19
      14
      17
      17
      12
      16
      12
      14
      21
      21
      16
      22
      20
      18
      19
      15
      23
      16
      29
      26
      21
      21
      21
      21
      17
      26
      22
      30
      20
      21
      21
      24
      19
      18
      21
      25
      31
      19
      15
      19
      14
      12
      24
      21
      17
      15
      16
      17
      14
      20
      14
      15
      20
      22
      10
      11
      19
      10
      14
      20
      10
      10
      13
      22
      15
      21
      13
      10
      17
      14
      16
      14
      12
      11
      10
      11
       6
      20
      14
      11
      17
      11
      18
      13
      14
      13
      15
      13
      16
      14
      13
      20
      16
      12
      21
      12
      13
      19
      17
      13
      14
      13
      17
      17
      16
      21
      21
      10
      21
      11
      15
      12
      13
      17
      14
      12
       9
      20
      11
      13
      10
      14
      12
      19
      12
      16
      14
      21
      10
      16
      21
      13
      12
       9
      16
      16
       6
      12
      14
      20
      21
      18
      22
      11
      16
      24
      13
      18
      15
      17
      11
      12
      13
      15
      13
      11
      15
      11
      16
      19
      20
      18
      19
      26
      11
      12
      13
      11
      22
      12
      13
      12
      18
      24
      16
      28
      15
      20
       9
      15
       7
      20
      16
      12
      20
      21
      17
      15
      11
      16
      10
      16
      15
       7
      12
      10
       9
       9
      11
       8
      12
      10
      10
      10
      11
      11
      13
      11
      16
      15
       9
       7
       9
       8
       9
       8
       8
      11
       9
      12
      13
      13
      14
       8
       9
      13
       9
       9
      11
       8
       8
      14
      11
       5
       7
       6
       9
      10
       9
      14
       9
       4
      12
       9
      14
       9
      19
      17
      10
       8
      10
       6
       7
       9
      11
      12
       5
      10
      12
       6
       8
       9
       9
       7
       8
       5
      13
      10
      15
      13
      13
      10
       6
      14
       8
      10
      18
      12
       9
      14
      16
      17
      18
      14
      13
       7
      16
      30
      21
      19
      29
      29
      28
      38
      27
      30
      42
      29
      32
      44
      39
      28
      39
      33
      32
      48
      36
      32
      32
      25
      33
      30
      37
      18
      31
      27
      26
      22
      26
      30
      32
      15
      22
      25
       5
      15
      16
      12
      10
       8
       7
      11
      10
      11
      12
      11
       4
       5
       8
      11
       9
       4
       8
       6
       4
       5
       5
       7
       6
       4
       3
       3
       6
       5
       6
       3
      10
       5
       8
       4
       5
       3
       8
      10
       7
       4
       1
       6
       3
       3
       5
       2
       4
       6
       5
       8
       6
       6
       6
       3
      11
       6
       6
       5
       4
       8
      10
       3
       1
       2
       7
       4
       3
      12
       5
       2
      10
       5
       3
       4
       5
       5
       6
       7
       5
       6
       5
       5
       6
       5
       7
       8
       3
       5
       5
       6
       1
       4
       4
       9
      10
       6
       5
       5
       5
       3
       6
       8
       3
       3
       7
       9
       3
       8
       2
       4
       2
       5
       7
       5
       5
       3
       6
       5
      10
       9
       5
       5
       5
       7
       3
       7
       2
       2
       4
       7
       7
       4
       3
       6
       9
       5
       3
       8
       4
       4
       6
       9
       4
       4
       2
       4
       4
       8
       7
       8
       4
       4
       6
       5
       3
       4
       7
       5
       7
       5
       7
       9
       7
       4
       5
       1
       4
       4
       2
       6
       5
       7
       1
       3
       3
       3
       4
       6
       7
       5
       3
       8
       5
       7
       1
       6
       5
       8
       4
       1
       4
       4
       2
       4
       6
       1
       4
       3
       8
       6
       6
       4
       2
       5
       5
       6
       5
       5
       3
       5
       3
       4
       7
       3
       6
       4
      11
       6
       4
       3
       7
       4
       4
       6
       5
       6
       3
       4
       3
       5
       5
       3
       4
       6
       1
       2
      10
       2
       5
       3
       5
       5
       5
       3
       8
       5
       5
       4
       3
       4
       5
       8
       0
       3
       6
       2
       5
       5
       2
       2
       5
       5
       3
       3
       7
       4
       5
       7
       6
       5
       2
       4
       4
       5
       3
       4
       7
       7
       3
       3
       8
       8
       8
       1
       5
       1
       4
       3
       6
       4
       1
       3
       6
       7
       2
       3
       1
       6
       7
       2
       1
       4
       1
       4
       4
       5
       5
       3
       6
       7
       4
       3
       4
       4
       7
       7
       1
       4
       3
       4
       5
       2
       3
       5
       5
       7
       6
       7
       6
       4
       6
       6
       5
       6
       6
       3
       6
       3
       4
       3
       6
       4
      10
       6
       6
       7
      10
       8
       4
       4
       4
       6
      11
      14
       7
       5
       5
       4
       2
       4
       5
       4
      10
       5
       6
       5
       2
       2
       3
       6
       4
       5
       6
       6
       8
       1
       2
       2
       9
       5
       4
       7
       7
       3
       4
       6
       5
       5
       3
       8
       2
       6
       6
       6
       6
       2
       4
       3
       2
       8
       5
       7
       7
       3
       3
       5
       4
       5
       5
       6
       4
       5
       2
       4
       6
       1
       3
       6
       5
      10
       2
       3
       5
       3
       6
       6
       7
       6
       3
       4
       6
       3
       1
       8
       6
       3
       5
       6
       6
       2
       5
       5
       1
       4
       3
       3
       8
       8
       4
       2
       4
       4
       5
       5
       3
       3
       7
       4
       6
       7
       3
       8
       3
       3
       4
       6
       5
       1
       4
       4
       3
       4
       7
       2
       1
       2
       4
       5
       4
       2
       5
       4
       4
       5
       2
       7
       2
       4
       2
       1
       5
       2
       7
       3
       3
       1
       5
       4
       7
       7
       5
       3
       8
       4
       3
       2
       7
       6
       5
       6
       3
       4
       1
       2
       3
       5
       9
       5
       0
       4
       2
       3
       3
       5
       5
       5
       4
       4
       5
       6
       5
       4
       5
       5
       5
       6
       6
       7
       5
       2
       7
       8
       3
       3
       7
       3
       1
       4
       4
       3
       4
       6
       8
       6
       0
       4
      12
       3
       4
       3
       3
       5
       4
       2
       5
       2
       4
       1
       5
      11
       6
       5
       4
       1
      10
       3
       5
       3
       6
       2
       7
       4
       6
       5
       6
       7
       4
      10
       4
       1
       4
       6
      10
       4
       9
       6
       7
       7
       4
       9
       3
       3
       2
       2
       2
       5
       4
       5
       4
       3
       8
       4
       3
       4
       2
       6
       6
       0
       1
       4
       3
       4
       3
       0
       2
       4
       3
       5
       4
       3
       5
       4
       7
       2
       2
       2
       3
       8
       4
       4
       3
       4
       2
       4
       6
       6
       4
       5
       2
       5
       5
       2
       5
       8
       3
       4
       9
       3
       3
       5
       6
       2
       7
       4
       5
       8
       3
       7
       5
       6
       2
       7
       1
       7
       9
       4
       3
       5
       3
       4
       2
       6
       9
       2
       3
       2
       4
       6
       2
       3
       4
       4
       3
       6
       6
       4
       7
       4
      10
       2
       7
       3
       3
       3
       2
       4
       4
       2
       5
       4
       5
       3
       8
       2
       3
       4
       7
       3
       4
       8
       4
       5
       4
       5
       4
       4
       2
       8
       2
       1
       5
       7
       4
       5
       0
       1
       3
       3
       7
       4
       4
       5
       7
       7
       6
       4
       3
       2
       3
       1
      10
       4
       5
       3
       6
       5
       5
       4
       8
       7
       1
       7
       6
       1
       3
       3
       6
       0
       1
       4
       1
       9
       8
       6
       1
       4
       6
       1
       4
       4
       3
       5
       2
       2
       7
       4
       5
       4
       3
       4
       3
       4
       3
       6
       6
       2
       2
       6
       5
       1
       4
       4
       2
       7
       7
       6
       3
       2
       2
       4
       6
       5
       6
       6
       7
       7
       3
       5
       4
       9
       7
       4
       3
       8
       4
       3
       5
       4
       4
       5
       8
       4
       7
       7
       4
      10
       6
       5
       4
       5
       4
       5
       8
       8
       2
      10
       9
       5
       6
       7
       7
       6
      10
       5
       3
       5
       6
       5
       5
       5
       4
      10
      11
       5
       6
       4
       3
       5
       4
       4
       7
       6
       7
       6
       4
       5
       5
       3
       7
       7
       3
       4
       9
       9
       4
       5
      10
       7
       5
       8
       8
       5
       7
       4
       5
       3
       4
       6
       1
       0
       5
       7
       4
       5
       5
       6
       6
       1
       1
       6
       3
       6
       4
       7
       8
       5
       7
       3
       7
       7
       7
       4
       9
       7
       6
       8
       2
       6
       5
       4
       7
       4
       4
       7
       3
       5
       8
       5
       1
       4
       6
       4
       2
       8
       6
       5
       8
       6
       5
       5
       7
       8
       5
       5
       5
       4
       3
       5
       4
       6
       7
       3
       5
       9
       2
       2
       2
       7
       5
       5
       2
       6
       7
       7
       5
       3
       2
       2
       3
       8
       3
       7
       5
       7
       3
       4
       8
       5
       2
       3
       4
       7
       2
       9
       7
       3
       1
       0
       3
       8
       4
       4
       3
      10
       5
      10
       4
      11
      12
       4
       7
      11
       6
       7
       2
       4
       5
       6
       8
       5
       9
       6
       9
       5
       1
       8
       4
       3
       8
       2
       7
       5
      11
       3
       7
       4
       7
       7
      11
       9
       2
       6
       6
       6
       4
       6
       5
       5
       5
       3
       4
       4
       5
       7
       4
       7
       3
       6
       7
       5
       5
       6
       6
       4
       3
       9
       4
       5
       7
       3
       5
       7
       4
       5
       8
       9
       7
       7
       8
       2
       8
       7
      11
       7
       8
       5
       6
       4
       3
       1
       8
       3
      10
       8
       4
       5
       2
       6
       4
       6
       5
       7
       8
       1
      13
       7
       4
       6
       4
       9
       7
       7
       5
       4
       6
       7
      10
       2
       4
       5
       7
       6
       5
       3
       7
       7
       4
       5
       4
       8
       5
       1
       8
       4
       5
       5
       4
       4
      14
       2
       3
       4
       4
       8
       1
       7
       6
       9
       5
       6
       8
       5
       4
       4
       5
       5
       7
       1
       6
       8
       5
       4
       7
       6
       4
       6
       6
       3
       6
       7
       5
       3
       3
       4
       4
       5
       3
       0
       0
       0
       0
       0
       0
       0
       0
       0
       0
       0
       0
       0
       0
       0
       0
       0
       0
       0
       0
       0
       0
       0
       0
       0
       0
       0
       0
       0
       0
       0
       0
       0
       0
       0
       0
       0
       0
       0
       0
       0
       0
       0
       0
       0
       0
       0
       0
       0
       0
       0
       0
       0
       0
       0
       0
       0
       0
       0
       0
       0
       0
       0
       0
       0
       0
       0
       0
       0
       0
       0
       0
       0
       0
       0
       0
       0
       0
       0
       0
       0
       0
       0
       0
$ROI:
1
712 830
$PRESETS:
None
0
0
$ENER_FIT:
-23.656767 2.297974
$MCA_CAL:
3
-2.365677E+001 2.297974E+000 2.836717E-005 keV
$SHAPE_CAL:
3
0.000000E+000 0.000000E+000 0.000000E+000
