$SPEC_ID:
No sample description was entered.
$SPEC_REM:
DET# 1
DETDESC# DESKTOP-I499GD2 Easy-MCA-2k SN 18191655
AP# Maestro Version 7.01
$DATE_MEA:
02/27/2024 16:08:38
$MEAS_TIM:
82 82
$DATA:
0 2047
       0
       0
       0
       0
       0
       1
       0
       5
      64
      43
      51
      60
      67
      65
      78
      87
      99
      89
      91
     124
      91
      85
      96
      93
      88
     100
      93
     122
     156
     208
     233
     235
     274
     342
     296
     205
     154
     125
     148
     164
     180
     181
     215
     258
     250
     291
     321
     340
     377
     444
     508
     559
     658
     683
     668
     592
     577
     566
     582
     699
     873
    1216
    1742
    2260
    2745
    2608
    2161
    1579
    1005
     583
     399
     262
     224
     180
     183
     188
     188
     181
     168
     176
     190
     187
     193
     158
     189
     185
     192
     195
     223
     241
     279
     231
     253
     235
     213
     186
     190
     167
     140
     137
     117
      99
     119
      99
     116
      96
     125
      96
     125
     117
     101
     126
     111
     109
     119
      99
     119
     103
      89
      96
      92
      90
     108
      92
      89
      93
      80
      90
     111
      91
      91
      71
      89
      75
      70
      96
      69
      82
      79
      72
      72
      78
      86
      81
      82
      64
      74
      56
      62
      68
      69
      68
      60
      47
      55
      55
      77
      69
      67
      55
      63
      61
      51
      65
      40
      67
      54
      55
      57
      46
      45
      64
      58
      44
      46
      40
      51
      44
      48
      33
      47
      39
      42
      44
      49
      46
      32
      54
      42
      38
      37
      36
      43
      34
      46
      34
      52
      42
      36
      46
      39
      53
      37
      43
      35
      47
      37
      45
      38
      43
      55
      47
      42
      53
      48
      53
      69
      45
      52
      73
      71
      93
      90
      80
      96
     105
      92
     111
     118
      91
     119
     113
     111
      92
      95
      98
      72
      75
      62
      70
      67
      51
      34
      43
      25
      21
      35
      30
      22
      30
      29
      27
      28
      23
      20
      22
      22
      23
      30
      25
      24
      24
      23
      34
      28
      25
      18
      32
      35
      25
      19
      30
      22
      30
      25
      29
      30
      23
      17
      10
      25
      27
      24
      25
      22
      23
      28
      22
      31
      12
      23
      18
      22
      25
      30
      16
      35
      16
      16
      15
      20
      14
      15
      14
      21
      19
      20
      17
      18
      18
      31
      19
      23
      18
      27
      29
      19
      18
      28
      18
      18
      20
      13
      21
      27
      33
      17
      18
      20
      27
      17
      15
      20
      11
      17
      15
      12
      24
      13
      15
      24
      12
      16
      22
      18
      12
      23
      13
      13
      26
      24
      21
      20
      15
      18
      19
      21
      25
      21
      19
      19
      24
      24
      18
      14
      17
      21
      24
      20
      14
      12
      28
      20
      22
      22
      21
      19
      19
       7
      18
      15
      19
      24
      24
      14
      23
      24
      18
      22
      18
      15
      12
      18
      17
      12
      17
       4
      16
      13
      11
      10
      17
      16
      17
      16
      12
      16
       9
      19
       8
      13
      15
       7
       6
      10
       9
      11
      18
       6
      12
      10
      24
      18
      13
      15
      11
      15
      17
      14
      14
      12
       9
      10
      18
      11
      16
      11
      13
      13
      10
      10
      13
       7
      15
      12
       9
       9
      11
      10
      16
      13
      15
       8
       9
      12
      18
      14
       8
      12
      15
      12
      12
      10
      10
      15
      15
       7
       9
      12
      16
      11
      13
      13
      11
      15
      13
      17
      18
      23
      16
      18
      17
      19
      24
      16
      29
      21
      22
      25
      16
      16
      22
      22
      28
      14
      25
      15
      14
      17
      12
      18
      12
      16
      12
      14
       5
      26
      10
      12
       7
      13
      12
       7
      13
       8
      14
      10
       5
       9
      15
      10
      11
       6
      10
      12
      14
      15
       8
      10
      14
      11
      11
       8
      14
       9
       8
      10
      18
      14
       9
      12
      11
       9
      14
      17
      16
      13
      11
      16
      14
       9
      13
      13
      11
       8
      21
      20
      15
       8
      11
      11
      15
       9
      14
      13
      12
      12
      12
      11
      16
      13
      12
      14
       8
      12
       8
       9
      12
      14
       8
      11
      13
       8
       9
      16
      14
      17
      10
      11
      10
       9
       8
       6
      13
      11
      12
      14
       9
       8
       4
      13
       9
       7
       8
      13
      12
      12
      14
      14
      20
      15
       5
      12
       9
      10
      18
       9
      16
       9
      14
      17
      11
      20
      17
      13
      14
      14
      10
      17
      17
      12
       9
      16
      10
      17
      18
      10
      16
      16
      14
      10
      16
      11
      15
       9
      16
       7
      13
       7
       8
      10
      15
       9
      14
       6
      12
       8
       7
       4
       9
      11
       6
       5
       4
       4
       8
       8
       7
       3
      14
      10
      11
       5
       9
       6
       4
       6
       5
      12
       6
       5
       6
       3
       5
       8
       3
       5
       6
      10
      12
      10
       4
      10
       7
       5
       5
      13
      10
      12
       3
       7
       3
      14
       5
      14
       4
       6
       6
       7
       8
       4
       3
      11
       6
       8
       4
       6
       4
       9
       9
       6
       4
       8
      11
       3
       4
       3
       5
       5
       3
       4
       5
      12
       7
       8
      10
       9
      12
      13
       7
      17
      10
      17
      11
      19
      11
      15
      23
      20
      14
      17
      22
      19
      27
      26
      25
      26
      19
      31
      21
      23
      22
      35
      26
      30
      27
      18
      32
      23
      21
      22
      32
      34
      29
      31
      22
      18
      20
      14
      15
      14
      14
      15
      14
       4
       5
       8
       8
       5
      12
      13
      12
      10
      11
       8
       7
       5
       7
      10
       5
       7
       3
       5
       3
       5
       6
       5
       6
       5
       5
       2
       2
      12
       5
       1
       6
       2
       3
       1
       3
       5
       2
       2
       5
       8
       5
       4
       3
       2
       6
       7
       3
       5
       8
       4
       2
       2
       4
       2
       6
       6
       4
       3
       4
       2
       1
       3
       4
       7
       5
       6
       1
       3
       5
       5
       4
       5
       3
       2
       6
       3
       1
       6
       4
       5
       4
       4
       4
       1
       4
       1
       7
       2
       2
       3
       4
       3
       1
       4
       3
       2
       3
       4
       4
       2
       4
       1
       2
       4
       6
       3
       2
      12
       7
       3
       4
       4
       4
       2
       0
       4
       7
       5
       4
       6
       3
       1
       2
       6
       3
       2
       3
       0
       8
       2
       1
       2
       3
       8
       5
       4
       3
       1
       3
       4
       9
       5
       3
       5
       1
       2
       3
       2
       5
       3
       6
       1
       2
       5
       1
       1
       5
       8
       6
       0
       4
       4
       2
       2
       3
       4
       4
      11
       3
       5
       2
       5
       5
       2
       5
       5
       5
       3
       6
       7
       3
       5
       1
       2
       1
       2
       4
       5
       2
       4
       1
       8
       2
       2
       4
       3
       7
       2
       8
       6
       3
       4
       5
       4
       2
       6
       4
       2
       4
       4
       1
       4
       0
       4
       3
       7
       3
       4
       2
       6
       2
       1
       5
       3
       4
       1
       5
       3
       3
       5
       3
       0
       6
       2
       5
       3
       4
       4
       3
       6
       1
       3
       6
       3
       1
       3
       4
       5
       6
       2
       2
       2
       4
       5
       4
       1
       8
       2
       2
       9
       3
       2
       5
       3
       4
       4
       5
       2
       1
       4
       2
       7
       2
       2
       3
       2
       3
       2
       7
       2
       2
       1
       4
       2
       3
       5
       1
       2
       8
       1
       3
       6
       1
       4
       6
       4
       6
       2
       2
       1
       7
       2
       4
       3
       2
       4
       3
       3
       1
       3
       4
       5
       3
       3
       4
       5
       3
       5
       4
       4
       4
       3
       8
       4
       3
       5
       3
       5
       3
       4
       7
       4
       8
       0
       3
       7
       6
       1
       5
       3
       3
       5
       2
       3
       2
       2
       5
       1
       7
       5
       2
       1
       6
       2
       2
       2
       6
       6
       5
       5
       4
       4
       3
       5
       4
       2
       3
       5
       1
       5
       3
       2
       2
       1
       4
       6
       1
       3
       4
       2
       2
       3
       5
       1
       3
       3
       0
       6
       6
       6
       7
       4
       3
       2
       1
       2
       1
       3
       1
       7
       2
       3
       4
       4
       4
       4
       2
       3
       6
       0
       5
       1
       6
       6
       3
       4
       6
       4
       3
       2
       1
       2
       8
       3
       4
       4
       5
       6
       3
       3
       4
       3
       2
       5
       6
       4
       3
       5
       7
       4
       5
       4
       1
       2
       1
       3
       7
       5
       2
       4
       3
       4
       1
       6
       1
       3
       4
       8
       2
       4
       1
       3
       3
       4
       6
       2
       3
       2
       5
       6
       3
       5
       5
       4
       4
       3
       2
       4
       3
       1
       4
       4
       2
       2
       2
       3
       2
       4
       3
       4
       3
       3
       3
       6
       5
       4
       6
       2
       5
       3
       1
       3
       5
       2
       0
       1
       2
       4
       7
       6
       2
       3
       6
       0
       4
       5
       2
       3
       3
       0
       1
       3
       6
       5
       3
       4
       6
       3
       1
       3
       8
       0
       1
       3
       4
       3
       5
       4
       1
       3
       4
       4
       3
       4
       3
       2
       3
       4
       2
       4
       2
       1
       6
       4
       2
       3
       5
       4
       3
       2
       1
       3
       3
       0
       3
       1
       6
       3
       5
       3
       0
       5
       5
       1
       1
       1
       4
       1
       5
       2
       5
       2
       5
       5
       3
       6
       4
       1
       3
       1
       2
       4
       0
       2
       1
       7
       4
       6
       6
       4
       7
       2
       4
       2
       6
       4
       4
       2
       4
       4
       3
       3
       3
       5
       4
       3
       1
       1
       2
       5
       5
       1
       5
       4
       3
       2
       4
       5
       3
       2
       5
       1
       5
       2
       3
       2
       2
       1
       7
       7
       4
       2
       4
       3
       3
       2
       3
       4
       5
       4
       3
       3
       3
       1
       5
       3
       3
       2
       3
       4
       3
       9
       4
       2
       5
       6
       5
       4
       6
       4
       5
       2
       5
       3
       0
       2
       5
       3
       2
       2
       1
       3
       4
       3
       3
       4
       2
       3
       3
       2
       5
       4
       5
       0
       6
       3
       2
       3
       2
       3
       4
       5
       2
       3
       2
       3
       2
       3
       1
       1
       2
       2
       1
       5
       3
       2
       3
       4
       3
       3
       0
       2
       1
       1
       4
       2
       5
       1
       5
       4
       3
       3
       2
       4
       3
       2
       3
       4
       6
       3
       4
       4
       3
       6
       2
       4
       4
       2
       5
       4
       6
       6
       2
       2
       2
       4
       3
       1
       2
       2
       6
       4
       5
       2
       1
       3
       3
       3
       3
       4
       1
       0
       6
       2
       2
       7
       2
       4
       7
       3
       2
       0
       3
       2
       4
       3
       0
       3
       5
       3
       4
       4
       4
       2
       3
       0
       4
       3
       3
       2
       1
       4
       3
       6
       1
       4
       1
       2
       5
       3
       3
       3
       3
       5
       4
       3
       3
       6
       1
       7
       4
       4
       1
       5
       1
       3
       6
       5
       3
       5
       3
       5
       2
      10
       5
       4
       3
       4
       7
       1
       4
       4
       2
       3
       5
       7
       3
       5
       5
       3
       8
       1
       3
       2
       2
       2
       3
       5
       2
       2
       8
       2
       4
       2
       4
       3
       5
       5
       4
       3
       3
       8
       2
       8
       3
       0
       3
       4
       2
       6
       4
       3
       6
       2
       0
       6
       0
       1
       4
       2
       5
       7
       5
       2
       6
       2
       3
       1
       2
       1
       7
       1
       4
       3
       2
       3
       1
       7
       5
       2
       4
       4
       5
       1
       2
       2
       3
       8
       6
       4
       5
       4
       0
       5
       5
       8
       4
       3
       2
       2
       3
       7
       2
       1
       1
       4
       9
       5
       2
       2
       2
       0
       5
       5
       9
       5
       5
       1
       3
       2
       3
      11
       1
       6
       1
       6
       8
       5
       6
       5
       4
       2
       5
       3
       4
       6
       6
       4
       1
      10
       2
       4
       8
       4
       7
       5
       3
       2
       6
       1
       2
       6
       2
       3
       2
       4
       7
       8
       4
       2
       4
       2
       4
       3
       4
       3
       4
       4
       7
       5
       3
       4
       2
       2
       8
       2
       3
       3
       5
       2
       3
       7
       5
       4
       2
       3
       3
       2
       7
       3
       3
       5
       3
       4
       2
       3
       5
       3
       5
       5
       7
       9
       4
       2
       7
       2
       3
       2
       7
       5
       3
       3
       5
       5
       3
       5
       3
       5
       6
       6
       2
       2
       4
       3
       7
       5
       7
       3
       4
       2
       3
       6
       6
       3
       5
       4
       6
       5
       5
       7
       7
       3
       6
       5
       2
       9
       3
       6
       3
       4
       6
       5
       6
       8
       4
       3
       2
       6
      10
       4
       2
       5
       8
       5
       3
       4
       6
       7
       2
       8
       1
       5
       6
       6
       5
       5
       5
       3
       4
       5
       5
       4
       4
       2
       5
       7
       3
       6
       3
       3
       5
       5
       4
       2
       4
       6
       6
       7
       3
       3
       4
       4
       4
       6
       2
       6
       4
       4
       3
       2
       7
       3
       4
       3
       5
       3
       8
      10
       2
       3
       7
       1
       6
       3
       4
      10
       5
       1
       6
       5
       1
       3
       6
       4
       4
       3
       6
       5
       5
       4
       1
       6
       6
       5
       7
       6
      10
       4
       0
       0
       0
       0
       0
       0
       0
       0
       0
       0
       0
       0
       0
       0
       0
       0
       0
       0
       0
       0
       0
       0
       0
       0
       0
       0
       0
       0
       0
       0
       0
       0
       0
       0
       0
       0
       0
       0
       0
       0
       0
       0
       0
       0
       0
       0
       0
       0
       0
       0
       0
       0
       0
       0
       0
       0
       0
       0
       0
       0
       0
       0
       0
       0
       0
       0
       0
       0
       0
       0
       0
       0
       0
       0
       0
       0
       0
       0
       0
       0
       0
       0
       0
       0
       0
$ROI:
1
712 830
$PRESETS:
None
0
0
$ENER_FIT:
-23.656767 2.297974
$MCA_CAL:
3
-2.365677E+001 2.297974E+000 2.836717E-005 keV
$SHAPE_CAL:
3
0.000000E+000 0.000000E+000 0.000000E+000
