$SPEC_ID:
No sample description was entered.
$SPEC_REM:
DET# 1
DETDESC# DESKTOP-I499GD2 Easy-MCA-2k SN 18191655
AP# Maestro Version 7.01
$DATE_MEA:
02/26/2024 16:14:48
$MEAS_TIM:
138 139
$DATA:
0 2047
       0
       0
       0
       0
       0
       0
       0
       0
      36
      16
      25
      22
      25
      25
      26
      27
      27
      19
      41
      28
      21
      33
      26
      33
      31
      36
      28
      42
      44
      57
      71
      47
      69
      56
      54
      38
      41
      65
      45
      59
      46
      47
      67
      60
      59
      77
      79
      74
      82
      92
      95
      83
      97
     106
     109
     102
     113
     128
     124
     108
     130
     113
     129
     118
     142
     138
     112
     143
     131
     122
     117
     156
     116
     115
      99
      96
     135
     107
     130
     132
     108
     117
     107
     111
     118
     117
     103
     119
     101
     115
     117
     110
     113
     104
     110
     122
      90
     111
      90
      97
      96
     102
     102
     108
      94
      80
     109
      97
      95
      88
      99
     104
      76
      82
      75
      94
      96
      72
      73
      77
      72
      72
      75
      64
      76
      74
      63
      72
      69
      82
      62
      58
      81
      65
      59
      58
      55
      61
      52
      62
      44
      52
      67
      56
      47
      46
      62
      51
      47
      51
      47
      52
      42
      48
      50
      43
      41
      54
      54
      43
      44
      49
      47
      59
      46
      36
      35
      47
      33
      25
      39
      32
      43
      45
      31
      50
      39
      35
      28
      28
      46
      28
      30
      37
      26
      24
      23
      31
      33
      28
      25
      31
      26
      30
      22
      23
      20
      24
      29
      15
      23
      23
      27
      34
      16
      27
      22
      25
      30
      29
      22
      18
      24
      35
      16
      30
      25
      31
      34
      27
      30
      22
      28
      31
      39
      27
      33
      32
      43
      28
      42
      18
      34
      28
      21
      22
      21
      26
      26
      21
      33
      22
      31
      26
      17
      21
      27
      18
      16
      19
      17
      17
      17
      20
      14
      22
      18
      17
      19
      19
      17
      20
      20
      22
      19
      23
      30
      17
      16
      25
      23
      14
      21
      18
      27
      24
      18
      23
      34
      27
      16
      13
      23
      17
      12
       8
      16
      14
      13
      20
      17
      14
      13
      12
       8
       7
      16
      16
      22
      16
      14
      15
       9
      12
      12
      12
      11
      11
       9
      15
       9
      17
      10
      11
       5
      12
      10
      12
      10
       9
      15
      12
      11
      11
       9
      12
       8
       8
      11
      11
      11
       9
       9
       7
       9
      16
      12
      15
      10
      10
      16
      17
      14
      10
      18
      14
       8
      12
      19
      12
      10
      12
      16
      10
      13
      13
      16
      13
      18
      13
      16
      15
      12
      14
      21
      11
      21
      13
      13
       9
      11
      14
      16
      13
      11
      17
      10
      11
      16
      15
       7
       9
      11
      10
      10
      11
      11
      10
       9
       8
      12
       9
       9
      10
       5
       7
      15
      11
      10
      10
       6
      10
       6
       9
       8
      10
      10
       8
       4
       6
      10
       6
       7
      14
       5
       5
       5
      12
       5
      11
       4
      12
       9
       8
      14
       9
       4
       5
       4
       9
       7
       9
       3
       6
       4
       7
       4
       4
       3
       4
       5
       7
      10
       9
       7
       2
       6
       8
       7
       6
       7
       7
       4
       9
       8
       4
       6
       3
       3
       3
       7
       5
       3
       8
       8
       2
      10
       7
       8
       5
       9
       9
       7
       4
       5
      14
      15
      15
      24
       9
      25
      10
      20
      12
      11
      13
      17
      19
      14
      20
      21
      23
      10
      19
      17
      19
      15
      17
      17
      13
      12
       9
      10
      12
      12
      13
       4
       7
      11
       5
       5
       6
       9
       6
       7
       2
       6
       3
       5
       2
       4
       1
       9
       6
       4
       5
       3
       3
       4
       8
       2
       4
       6
       3
       3
       7
       3
       4
       3
       2
       1
       5
       4
       6
       5
       3
       5
       6
       5
       3
       3
       3
       5
       2
       1
       1
       1
       4
       2
       5
       3
       3
       4
       5
       6
       0
       2
       1
       1
       7
       4
       0
       2
       1
       3
       1
       2
       0
       2
       1
       1
       3
       3
       4
       1
       0
       1
       1
       2
       1
       3
       4
       0
       2
       3
       3
       5
       4
       6
       3
       2
       1
       2
       6
       4
       2
       2
       2
       2
       2
       5
       3
       5
       6
       4
       5
       5
       4
       5
       7
       5
       6
       4
       3
       1
       6
       1
      11
       3
       9
      10
       6
       3
       7
       4
       7
       6
       7
      10
       6
       7
       6
       6
       8
       4
       7
       2
       5
       3
      10
       8
       6
       3
       7
       2
       3
       2
       2
       2
       2
       1
       1
       5
       2
       2
       2
       1
       2
       2
       0
       2
       1
       1
       2
       1
       0
       4
       2
       2
       1
       0
       1
       1
       1
       2
       1
       2
       1
       1
       1
       3
       2
       0
       1
       1
       2
       2
       1
       1
       2
       0
       0
       3
       2
       1
       1
       1
       1
       1
       3
       2
       4
       1
       0
       0
       1
       1
       1
       0
       0
       1
       1
       0
       0
       1
       1
       0
       1
       0
       0
       2
       4
       0
       0
       2
       1
       1
       2
       3
       0
       1
       1
       1
       1
       0
       1
       1
       2
       2
       0
       1
       0
       2
       5
       2
       1
       2
       2
       0
       0
       5
       1
       3
       1
       2
       1
       2
       2
       7
       1
       2
       2
       1
       1
       1
       2
       1
       0
       1
       0
       3
       1
       1
       2
       1
       1
       0
       1
       1
       0
       1
       0
       0
       0
       0
       2
       0
       0
       1
       0
       1
       1
       1
       1
       0
       0
       1
       0
       1
       0
       0
       0
       0
       2
       0
       0
       0
       0
       1
       1
       2
       0
       1
       1
       0
       2
       0
       1
       0
       0
       0
       0
       2
       1
       1
       0
       3
       1
       0
       0
       0
       0
       2
       0
       0
       0
       1
       0
       0
       1
       1
       0
       0
       0
       0
       0
       2
       0
       0
       0
       1
       0
       4
       1
       1
       1
       0
       0
       0
       1
       0
       1
       0
       1
       0
       0
       0
       3
       1
       0
       0
       0
       0
       0
       0
       1
       0
       0
       0
       1
       1
       2
       1
       0
       0
       0
       1
       0
       0
       0
       0
       0
       1
       0
       1
       1
       1
       0
       1
       0
       0
       0
       1
       1
       0
       2
       1
       0
       0
       0
       0
       0
       1
       0
       0
       1
       0
       1
       1
       0
       1
       1
       0
       0
       1
       0
       0
       0
       1
       1
       1
       2
       1
       0
       0
       1
       0
       0
       0
       0
       0
       0
       0
       0
       2
       1
       2
       1
       0
       1
       0
       0
       1
       2
       2
       1
       0
       0
       3
       0
       0
       0
       0
       0
       1
       1
       0
       0
       0
       0
       0
       1
       1
       1
       1
       1
       0
       0
       1
       0
       0
       0
       0
       1
       0
       1
       0
       0
       0
       0
       0
       0
       2
       1
       1
       1
       1
       0
       0
       0
       0
       0
       0
       0
       0
       0
       0
       1
       0
       0
       2
       0
       0
       0
       1
       0
       0
       2
       0
       0
       0
       1
       0
       0
       1
       0
       0
       1
       1
       0
       0
       0
       0
       0
       0
       0
       1
       0
       0
       0
       0
       0
       0
       0
       0
       0
       0
       0
       0
       1
       0
       0
       1
       0
       0
       1
       0
       0
       0
       0
       0
       0
       0
       0
       1
       0
       0
       0
       0
       0
       0
       0
       0
       0
       0
       0
       0
       1
       0
       0
       0
       1
       0
       0
       0
       0
       0
       0
       0
       2
       0
       1
       1
       2
       0
       1
       1
       1
       3
       2
       1
       0
       0
       1
       0
       0
       2
       0
       1
       1
       0
       2
       0
       1
       2
       1
       1
       1
       0
       0
       0
       1
       1
       0
       0
       1
       0
       0
       1
       1
       0
       0
       0
       0
       3
       1
       0
       0
       0
       1
       0
       1
       0
       0
       0
       0
       0
       0
       0
       0
       0
       2
       0
       0
       1
       0
       1
       0
       0
       0
       0
       0
       0
       0
       0
       0
       0
       0
       0
       0
       0
       0
       1
       0
       0
       0
       0
       0
       0
       0
       0
       0
       0
       0
       0
       0
       0
       0
       0
       0
       0
       0
       0
       0
       0
       0
       0
       0
       0
       0
       0
       0
       0
       0
       0
       0
       0
       0
       0
       0
       0
       0
       0
       0
       0
       0
       0
       0
       0
       0
       0
       0
       0
       2
       0
       0
       0
       0
       0
       0
       0
       0
       0
       0
       0
       0
       0
       1
       1
       0
       0
       1
       0
       0
       0
       0
       0
       0
       0
       0
       0
       0
       0
       0
       0
       0
       0
       0
       0
       0
       1
       0
       0
       0
       0
       0
       0
       0
       0
       0
       0
       0
       0
       0
       0
       0
       1
       0
       0
       0
       0
       0
       0
       0
       0
       1
       0
       0
       0
       0
       0
       0
       0
       0
       0
       0
       0
       2
       0
       0
       0
       0
       0
       0
       0
       0
       0
       0
       0
       0
       0
       0
       0
       0
       0
       0
       0
       0
       0
       0
       0
       0
       0
       0
       0
       0
       0
       0
       0
       0
       0
       0
       0
       0
       0
       1
       0
       0
       0
       0
       0
       1
       0
       0
       0
       0
       0
       0
       0
       0
       0
       0
       0
       0
       0
       0
       0
       0
       0
       0
       0
       0
       0
       0
       0
       1
       0
       2
       0
       0
       0
       0
       0
       0
       0
       0
       0
       0
       1
       0
       0
       1
       0
       0
       0
       0
       0
       0
       0
       0
       0
       0
       0
       0
       1
       0
       0
       0
       0
       0
       0
       0
       0
       0
       0
       0
       0
       0
       0
       0
       0
       1
       0
       0
       0
       0
       0
       0
       1
       0
       0
       0
       0
       0
       0
       0
       0
       1
       0
       0
       1
       0
       0
       0
       0
       0
       0
       0
       0
       0
       0
       0
       0
       0
       0
       0
       0
       0
       0
       0
       0
       0
       0
       0
       0
       0
       0
       0
       0
       0
       0
       0
       0
       0
       0
       0
       0
       0
       0
       0
       0
       0
       0
       1
       0
       0
       0
       0
       0
       0
       0
       0
       1
       0
       0
       0
       0
       0
       0
       0
       0
       0
       0
       0
       0
       0
       0
       0
       0
       1
       0
       0
       0
       0
       0
       0
       1
       0
       0
       0
       0
       0
       0
       0
       0
       0
       0
       0
       0
       0
       0
       0
       1
       1
       0
       0
       0
       0
       0
       0
       0
       0
       0
       0
       0
       0
       0
       0
       0
       1
       0
       0
       0
       0
       0
       0
       0
       0
       0
       0
       0
       0
       0
       0
       0
       0
       0
       0
       0
       0
       0
       0
       0
       0
       0
       0
       0
       0
       0
       0
       0
       0
       0
       0
       0
       0
       0
       0
       0
       0
       0
       0
       0
       0
       0
       0
       0
       0
       0
       0
       0
       0
       0
       0
       0
       0
       0
       0
       0
       0
       0
       0
       0
       0
       0
       0
       0
       0
       0
       1
       0
       0
       2
       0
       0
       0
       0
       0
       0
       0
       0
       0
       0
       0
       0
       0
       0
       0
       0
       0
       0
       0
       0
       0
       0
       0
       0
       0
       0
       0
       0
       0
       0
       0
       0
       0
       0
       0
       0
       0
       0
       0
       0
       0
       0
       0
       0
       0
       0
       0
       0
       0
       0
       1
       0
       0
       0
       0
       0
       0
       0
       0
       0
       0
       0
       0
       0
       1
       0
       0
       0
       0
       1
       0
       0
       0
       0
       0
       0
       0
       0
       0
       0
       0
       0
       0
       0
       0
       0
       0
       1
       0
       0
       0
       0
       0
       0
       0
       0
       0
       0
       0
       0
       0
       0
       0
       0
       0
       0
       0
       0
       0
       1
       0
       0
       0
       0
       0
       0
       0
       0
       0
       0
       1
       0
       0
       0
       0
       0
       0
       0
       0
       0
       0
       0
       0
       0
       0
       0
       0
       0
       0
       0
       0
       0
       0
       0
       0
       0
       0
       0
       0
       1
       0
       0
       0
       0
       0
       0
       0
       0
       0
       0
       0
       0
       0
       0
       0
       0
       0
       0
       0
       0
       0
       0
       0
       0
       0
       0
       0
       0
       0
       0
       0
       0
       0
       0
       1
       0
       0
       0
       0
       0
       0
       0
       0
       0
       0
       0
       0
       0
       0
       0
       0
       0
       0
       0
       0
       0
       0
       0
       0
       0
       1
       0
       0
       0
       0
       0
       0
       0
       0
       0
       0
       0
       0
       0
       0
       0
       0
       0
       0
       0
       0
       0
       0
       0
       0
       0
       0
       0
       0
       0
       0
       0
       0
       0
       0
       0
       0
       0
       0
       0
       0
       0
       0
       0
       0
       0
       0
       0
       0
       0
       0
       0
       0
       0
       0
       0
       0
       0
       0
       0
       1
       0
       0
       0
       0
       0
       0
       0
       0
       0
       0
       0
       0
       0
       0
       0
       0
       0
       0
       0
       1
       0
       0
       0
       0
       0
       0
       0
       0
       0
       0
       0
       0
       0
       0
       0
       0
       0
       0
       0
       0
       0
       0
       0
       0
       0
       0
       0
       0
       0
       0
       0
       0
       0
       0
       0
       0
       1
       0
       0
       0
       0
       0
       0
       0
       0
       0
       0
       0
       0
       0
       0
       0
       0
       0
       0
       0
       0
       0
       0
       0
       0
       0
       0
       0
       0
       0
       0
       0
       0
       0
       0
       0
       0
       0
       0
       0
       0
       0
       0
       0
       0
       0
       0
       0
       0
       0
       0
       0
       0
       0
       0
       0
       0
       0
       0
       0
       0
       0
       0
       0
       0
       0
       0
       0
       0
       0
       0
       0
       0
       0
       0
       0
       0
       0
       0
       0
       0
       0
       0
       0
       0
       0
       0
       0
       0
       0
       0
       0
       0
       0
       0
       0
       0
       0
$ROI:
1
712 830
$PRESETS:
None
0
0
$ENER_FIT:
-23.656767 2.297974
$MCA_CAL:
3
-2.365677E+001 2.297974E+000 2.836717E-005 keV
$SHAPE_CAL:
3
0.000000E+000 0.000000E+000 0.000000E+000
