$SPEC_ID:
No sample description was entered.
$SPEC_REM:
DET# 1
DETDESC# DESKTOP-I499GD2 Easy-MCA-2k SN 18191655
AP# Maestro Version 7.01
$DATE_MEA:
02/26/2024 15:58:08
$MEAS_TIM:
115 116
$DATA:
0 2047
       0
       0
       0
       0
       0
       0
       0
       1
      48
      36
      54
      27
      52
      43
      52
      54
      69
      59
      57
      64
      54
      49
      39
      54
      40
      63
      62
      72
      89
     127
     121
     143
     161
     167
     177
     130
      91
     103
      55
     107
     103
     113
     124
     116
     139
     143
     156
     169
     165
     236
     207
     215
     271
     271
     247
     261
     277
     264
     292
     322
     365
     473
     601
     840
     925
     987
     839
     674
     491
     351
     257
     192
     171
     177
     197
     142
     157
     142
     141
     142
     137
     133
     170
     133
     158
     166
     150
     154
     159
     169
     133
     143
     148
     136
     134
     129
     144
     131
     125
     122
     116
     128
     125
      96
     102
     102
     108
     110
      85
     114
      93
     108
     106
     121
     102
      98
     102
      98
     104
      79
      82
      93
     104
     100
      84
      82
      90
     101
      83
      78
      76
      77
      75
      79
      78
      93
      69
      68
      74
      77
      60
      66
      66
      77
      60
      65
      71
      58
      61
      57
      48
      62
      70
      59
      65
      47
      65
      52
      54
      75
      61
      51
      55
      46
      53
      46
      47
      48
      55
      49
      48
      42
      45
      48
      42
      40
      40
      43
      33
      49
      39
      29
      36
      36
      48
      36
      43
      36
      32
      37
      44
      35
      28
      52
      35
      31
      40
      39
      36
      39
      36
      51
      41
      33
      34
      36
      23
      39
      38
      34
      37
      35
      32
      43
      53
      38
      32
      39
      48
      54
      51
      53
      51
      65
      62
      69
      52
      63
      80
      64
      63
      58
      50
      65
      64
      46
      41
      47
      47
      35
      51
      35
      31
      36
      34
      29
      29
      29
      17
      17
      18
      19
      30
      24
      18
      19
      31
      19
      19
      18
      21
      28
      28
      26
      25
      19
      16
      22
      23
      22
      19
      27
      30
      26
      27
      22
      26
      29
      22
      18
      22
      24
      22
      18
      17
      14
      16
      14
      24
       9
      15
      28
      10
      13
      16
      15
      15
      16
      17
       8
      24
      16
      21
      15
      26
      16
      15
      19
      16
      20
      14
      11
      14
      17
       9
      15
      20
      17
      24
      13
      29
      11
      23
      19
      20
      27
      21
      15
      19
      15
      14
      14
      18
      16
      14
      12
       7
      18
       8
      15
      13
      18
      13
      13
      10
      19
      12
      19
      18
      13
      15
      21
      18
       9
      12
      18
      16
      17
      26
      19
      17
      15
      19
      13
      21
      20
      16
      21
      14
      16
      11
      18
      18
      15
      11
      23
      13
      22
      17
      20
      14
      13
      13
      23
      12
      19
      22
       6
      15
      11
      16
      15
      14
      16
      16
      14
      15
      12
       9
      10
      15
      10
      18
      13
       7
      10
      18
       8
       8
       9
       6
      13
      12
      14
       8
      10
       8
      11
      10
      14
      21
      14
      14
       8
      14
      16
       7
      10
      12
      12
      12
      11
      16
      12
      15
      14
       7
      11
      20
      11
       7
       7
       8
      10
      10
      14
      13
      11
      10
       8
      11
       7
      15
      11
       9
      10
      10
       8
      10
       6
       7
       7
      10
      14
      10
      11
       7
      18
       9
      13
      10
      10
       9
      19
      16
      19
      12
      15
      18
      12
      15
      17
      23
      18
      16
      17
      22
      22
      22
      17
      26
      23
      17
      17
      15
      13
      14
      14
      11
      10
      14
      16
      15
      16
      14
      14
      11
      16
      13
       9
      12
       9
       9
       8
      10
       8
       5
      12
       7
      11
       3
      10
      14
       5
       8
       4
       7
      13
       4
       9
       9
      12
       7
      12
      12
      14
       8
       7
      11
       9
      11
      11
      10
       7
      14
      13
       8
      11
       9
      11
       8
       9
       6
       9
      16
      10
       9
       8
       3
      11
       5
       8
       9
       8
      16
       7
       8
       7
      10
       9
       8
       8
       7
      12
      13
       9
      10
       5
       9
       7
       6
       8
       5
       8
       9
      10
      13
       7
       6
       7
       8
      13
       2
       5
       6
      10
       5
       4
      12
       2
       9
      15
       8
       9
      14
      11
       7
       9
       8
       9
       8
      11
       8
       8
       8
       9
       7
      14
      12
      15
       9
      11
       8
       9
       7
      14
      18
       8
       5
      12
       6
       6
      13
      11
      12
      10
      12
      15
      19
      12
      15
      11
      17
      11
      11
      15
      17
       8
      13
       7
       6
      11
      14
       6
       5
       8
       8
       9
      10
       5
       3
      12
       3
       7
       3
       9
       8
       5
       8
       8
       7
       6
       5
       2
       3
       5
       8
       6
       4
       5
       4
       4
       2
       6
       2
      10
       6
       4
       1
       4
       3
       5
       3
       6
       1
       3
       7
       5
       4
       3
       5
       1
       4
       7
       6
       2
       4
       3
       3
       2
       2
       1
       3
       5
       2
       2
       3
       5
       2
       3
       3
       3
       5
       0
       6
       2
       4
       4
       4
       2
       4
       3
       3
       3
       3
       4
       4
       7
       8
       8
       7
       7
       5
       6
       4
      15
      10
      10
      10
      14
      10
      12
      17
      14
      10
      21
      18
      18
      19
      22
      28
      17
      27
      16
      25
      23
      20
      15
      19
      20
      23
      13
      20
      18
      18
      14
      18
      15
      21
      17
      12
      20
      16
      18
       7
      13
       9
       6
       9
       9
      11
      12
       4
       4
      10
      10
       8
       5
      10
       3
       3
       5
       1
       1
       3
       6
       1
       9
       5
       2
       1
       3
       1
       4
       2
       2
       2
       2
       2
       3
       2
       4
       1
       0
       3
       3
       1
       2
       0
       1
       3
       4
       1
       0
       5
       1
       6
       2
       1
       4
       1
       2
       2
       3
       4
       2
       0
       6
       0
       2
       3
       1
       2
       3
       4
       2
       2
       4
       1
       3
       1
       2
       7
       5
       2
       0
       3
       1
       5
       3
       4
       2
       3
       4
       2
       5
       5
       0
       2
       2
       2
       1
       1
       1
       5
       5
       3
       4
       0
       3
       3
       3
       1
       0
       1
       6
       1
       5
       2
       2
       0
       0
       4
       0
       3
       1
       2
       2
       4
       0
       1
       2
       2
       2
       2
       3
       1
       2
       1
       2
       1
       0
       3
       5
       2
       2
       1
       2
       1
       2
       2
       3
       3
       3
       4
       3
       4
       3
       2
       3
       2
       3
       0
       1
       0
       0
       3
       2
       2
       3
       2
       1
       0
       2
       0
       2
       1
       2
       5
       1
       3
       4
       2
       0
       1
       1
       1
       1
       1
       2
       4
       4
       1
       2
       3
       2
       2
       4
       2
       1
       2
       0
       3
       2
       5
       2
       2
       2
       3
       2
       2
       1
       1
       2
       0
       0
       2
       5
       1
       2
       3
       1
       2
       3
       4
       1
       4
       6
       0
       2
       4
       4
       4
       3
       0
       5
       2
       5
       1
       0
       3
       5
       0
       2
       1
       4
       2
       1
       3
       4
       2
       2
       1
       3
       2
       3
       0
       0
       2
       1
       2
       1
       1
       0
       1
       3
       2
       0
       0
       2
       4
       0
       4
       3
       0
       3
       2
       0
       7
       1
       2
       1
       0
       1
       2
       1
       0
       3
       0
       2
       0
       1
       2
       4
       0
       0
       3
       3
       0
       4
       0
       2
       1
       3
       4
       0
       4
       3
       2
       1
       0
       3
       2
       2
       3
       1
       0
       3
       2
       1
       5
       1
       0
       1
       1
       2
       1
       1
       3
       3
       3
       2
       3
       2
       4
       0
       2
       4
       2
       1
       1
       4
       0
       2
       1
       3
       1
       2
       3
       0
       0
       1
       2
       3
       3
       2
       1
       3
       0
       2
       0
       1
       0
       3
       0
       1
       0
       3
       1
       4
       0
       0
       6
       1
       1
       1
       0
       5
       2
       0
       0
       1
       2
       3
       2
       0
       1
       1
       1
       1
       1
       3
       0
       1
       3
       3
       3
       2
       2
       3
       1
       1
       1
       1
       2
       3
       2
       0
       1
       2
       0
       0
       2
       0
       1
       1
       0
       4
       4
       1
       2
       1
       4
       2
       3
       3
       2
       2
       1
       1
       2
       4
       3
       3
       0
       1
       6
       0
       5
       3
       3
       1
       3
       4
       1
       3
       0
       2
       1
       3
       3
       1
       0
       2
       1
       4
       0
       2
       5
       2
       2
       2
       1
       1
       1
       3
       5
       3
       3
       0
       1
       1
       1
       3
       1
       2
       1
       0
       1
       2
       0
       3
       2
       2
       0
       0
       1
       1
       1
       0
       1
       0
       2
       2
       3
       0
       0
       1
       0
       1
       0
       1
       2
       0
       4
       0
       2
       0
       3
       0
       0
       3
       0
       2
       0
       1
       1
       3
       3
       2
       1
       0
       0
       2
       0
       3
       3
       1
       0
       0
       2
       1
       1
       1
       0
       2
       3
       1
       1
       3
       2
       1
       0
       1
       1
       1
       2
       2
       1
       1
       4
       0
       2
       2
       0
       3
       2
       0
       2
       2
       0
       3
       1
       3
       3
       1
       0
       2
       0
       0
       0
       0
       2
       1
       1
       2
       2
       0
       4
       1
       0
       3
       0
       4
       2
       2
       3
       4
       0
       0
       0
       1
       1
       0
       1
       1
       0
       0
       2
       0
       1
       1
       3
       3
       4
       0
       3
       3
       3
       2
       1
       0
       3
       0
       1
       0
       0
       2
       0
       1
       1
       0
       4
       1
       2
       0
       2
       1
       3
       0
       4
       0
       1
       1
       4
       2
       0
       1
       1
       0
       2
       5
       3
       2
       0
       1
       3
       2
       5
       3
       2
       3
       2
       2
       1
       0
       0
       0
       2
       0
       1
       2
       3
       2
       0
       1
       1
       3
       0
       1
       3
       0
       0
       3
       4
       2
       3
       0
       3
       1
       0
       3
       1
       1
       2
       1
       3
       1
       2
       1
       1
       0
       3
       0
       3
       0
       0
       1
       3
       0
       2
       2
       0
       2
       1
       3
       3
       0
       2
       0
       1
       5
       2
       2
       1
       0
       0
       4
       0
       0
       1
       4
       0
       1
       0
       1
       3
       0
       1
       0
       1
       2
       0
       2
       2
       0
       1
       4
       1
       3
       2
       1
       2
       1
       1
       1
       1
       3
       0
       0
       2
       1
       0
       1
       0
       3
       3
       4
       2
       2
       1
       3
       1
       4
       2
       3
       4
       1
       1
       0
       0
       2
       2
       3
       1
       5
       1
       1
       3
       3
       3
       2
       2
       1
       1
       1
       1
       2
       1
       6
       2
       1
       5
       0
       0
       2
       0
       2
       4
       4
       0
       0
       3
       1
       1
       0
       0
       3
       0
       2
       4
       4
       1
       0
       3
       0
       1
       1
       0
       2
       2
       2
       0
       2
       2
       0
       4
       4
       3
       0
       2
       2
       0
       1
       3
       2
       1
       4
       3
       4
       0
       0
       2
       0
       2
       1
       2
       2
       1
       0
       0
       1
       3
       2
       2
       1
       3
       2
       1
       3
       0
       0
       5
       2
       3
       0
       4
       1
       1
       0
       0
       3
       2
       2
       1
       0
       2
       0
       1
       3
       0
       1
       3
       2
       3
       3
       0
       4
       0
       2
       1
       1
       3
       0
       3
       1
       0
       1
       4
       1
       4
       3
       0
       2
       2
       1
       4
       2
       5
       4
       0
       1
       2
       2
       1
       5
       1
       3
       1
       1
       3
       1
       4
       1
       2
       3
       4
       1
       0
       3
       2
       4
       1
       0
       4
       1
       4
       2
       4
       0
       2
       3
       2
       0
       7
       1
       1
       0
       0
       2
       4
       0
       1
       4
       2
       1
       1
       2
       1
       1
       2
       0
       2
       1
       0
       2
       0
       3
       1
       1
       2
       2
       1
       2
       3
       2
       0
       0
       1
       0
       1
       1
       0
       1
       3
       4
       2
       0
       3
       2
       5
       2
       0
       3
       2
       2
       3
       2
       2
       4
       3
       1
       0
       1
       0
       0
       5
       1
       2
       1
       1
       2
       4
       2
       5
       5
       3
       2
       4
       2
       2
       1
       1
       4
       1
       0
       1
       1
       3
       1
       1
       1
       2
       2
       0
       4
       3
       4
       2
       2
       3
       4
       3
       1
       3
       5
       2
       0
       2
       1
       0
       0
       2
       0
       3
       2
       4
       3
       2
       5
       0
       2
       1
       2
       1
       2
       1
       2
       1
       2
       0
       1
       2
       3
       0
       0
       1
       1
       1
       0
       2
       0
       1
       2
       7
       2
       2
       2
       3
       0
       0
       1
       1
       3
       1
       3
       0
       2
       2
       1
       1
       2
       4
       0
       3
       4
       4
       2
       3
       1
       2
       0
       2
       1
       3
       2
       1
       3
       1
       3
       3
       2
       3
       1
       1
       1
       2
       2
       3
       2
       1
       0
       2
       1
       2
       6
       1
       1
       0
       0
       1
       5
       1
       1
       3
       1
       4
       5
       2
       2
       2
       3
       4
       0
       0
       0
       1
       1
       3
       2
       4
       3
       1
       2
       5
       2
       2
       0
       0
       1
       0
       3
       0
       1
       3
       3
       2
       1
       1
       3
       3
       2
       4
       2
       0
       0
       0
       0
       0
       0
       0
       0
       0
       0
       0
       0
       0
       0
       0
       0
       0
       0
       0
       0
       0
       0
       0
       0
       0
       0
       0
       0
       0
       0
       0
       0
       0
       0
       0
       0
       0
       0
       0
       0
       0
       0
       0
       0
       0
       0
       0
       0
       0
       0
       0
       0
       0
       0
       0
       0
       0
       0
       0
       0
       0
       0
       0
       0
       0
       0
       0
       0
       0
       0
       0
       0
       0
       0
       0
       0
       0
       0
       0
       0
       0
       0
       0
       0
$ROI:
1
712 830
$PRESETS:
None
0
0
$ENER_FIT:
-23.656767 2.297974
$MCA_CAL:
3
-2.365677E+001 2.297974E+000 2.836717E-005 keV
$SHAPE_CAL:
3
0.000000E+000 0.000000E+000 0.000000E+000
