$SPEC_ID:
No sample description was entered.
$SPEC_REM:
DET# 1
DETDESC# DESKTOP-I499GD2 Easy-MCA-2k SN 18191655
AP# Maestro Version 7.01
$DATE_MEA:
02/26/2024 15:54:52
$MEAS_TIM:
128 128
$DATA:
0 2047
       0
       0
       0
       0
       0
       1
       1
       5
     103
      52
      55
      57
      67
      64
      65
      79
      74
      82
      90
      80
      84
      66
      74
      66
      63
      91
      90
      88
     137
     141
     151
     152
     190
     216
     224
     164
     108
     109
     110
     117
     134
     147
     141
     162
     182
     184
     214
     213
     235
     247
     262
     296
     330
     322
     317
     319
     321
     334
     312
     415
     406
     546
     713
     972
    1000
    1094
     987
     704
     533
     385
     304
     260
     255
     254
     238
     231
     217
     223
     178
     194
     207
     224
     186
     214
     198
     195
     187
     205
     192
     198
     220
     224
     201
     225
     222
     200
     181
     192
     166
     164
     144
     179
     171
     155
     151
     175
     163
     153
     137
     159
     152
     177
     166
     176
     147
     127
     140
     158
     136
     124
     122
     145
     125
     142
     106
     116
     111
     127
     129
     126
     102
      85
     134
     129
     114
     107
      99
     100
     119
     101
      90
      87
     128
      92
      74
     112
      82
      88
      85
     105
     110
      81
     102
      96
      89
      75
      78
      97
      93
     100
      78
      72
      92
      74
      80
      80
      69
      87
      69
      64
      62
      67
      75
      71
      68
      73
      73
      60
      59
      73
      69
      65
      54
      64
      65
      57
      64
      61
      53
      58
      77
      55
      44
      60
      68
      55
      54
      57
      58
      62
      63
      43
      56
      61
      49
      51
      55
      52
      45
      50
      59
      74
      53
      66
      64
      63
      65
      83
      84
      80
      83
      90
      95
      89
     110
     108
     119
     127
     117
     107
     111
     102
     109
     116
     116
      98
      88
      89
      99
      81
      57
      57
      60
      58
      55
      40
      51
      35
      40
      48
      37
      41
      42
      36
      45
      31
      43
      34
      33
      42
      37
      38
      32
      31
      47
      43
      52
      36
      42
      39
      40
      32
      37
      26
      43
      40
      43
      43
      30
      41
      30
      48
      42
      32
      31
      39
      29
      24
      31
      29
      36
      31
      26
      25
      30
      23
      18
      29
      35
      29
      26
      27
      30
      27
      38
      33
      22
      30
      31
      28
      22
      24
      37
      30
      21
      28
      28
      26
      37
      31
      30
      30
      36
      25
      26
      33
      34
      25
      24
      22
      15
      21
      18
      32
      23
      28
      26
      24
      33
      32
      27
      30
      27
      34
      28
      29
      29
      34
      32
      26
      25
      47
      28
      34
      34
      28
      41
      30
      29
      30
      33
      33
      30
      25
      30
      28
      35
      37
      29
      21
      29
      29
      35
      31
      32
      31
      26
      30
      24
      31
      30
      27
      23
      25
      32
      33
      19
      20
      26
      14
      24
      25
      23
      28
      18
      23
      27
      26
      20
      25
      27
      16
      22
      25
      20
      23
      20
      21
      19
      24
      18
      24
      13
      15
      19
      18
      23
      18
      25
      21
      29
      20
      16
      18
      24
      27
      23
      22
      19
      28
      18
      25
      25
      18
      18
      19
      23
      13
      15
      31
      20
      18
      22
      32
      27
      17
      17
      14
      21
      19
      18
      20
      20
      19
      17
      22
      18
      15
      17
      19
      24
      22
      20
      20
      22
      21
      19
      22
      20
      21
      25
      14
      15
      15
      30
      28
      28
      37
      21
      20
      24
      14
      20
      28
      22
      23
      31
      29
      39
      32
      34
      28
      27
      25
      33
      18
      21
      31
      21
      21
      20
      25
      27
      15
      22
      28
      18
      27
      19
      17
      20
      12
      19
      20
      13
      13
      20
      17
      21
      13
      15
      20
      20
      19
      18
      21
      19
      21
      13
      24
      16
      17
      15
      23
      23
      19
      13
      19
      21
      18
      16
      16
      21
      15
      19
      22
      17
      24
      17
      14
      27
      16
      16
      26
      21
      17
      17
      23
      20
      27
      26
      18
      12
      25
      21
      20
      22
      26
      16
      25
      18
      17
      22
      14
      16
      21
      20
      19
      19
      20
      11
      10
      20
      29
      19
      16
      11
      20
      22
      18
      24
      11
      13
      17
      12
      14
      12
      22
      15
      13
      16
      20
      24
      21
      15
      24
      15
      19
      21
      14
      16
      25
      18
      23
      15
      16
      17
      22
      14
      18
      22
      21
      18
      20
      27
      22
      21
      28
      18
      19
      22
      26
      22
      21
      21
      14
      20
      27
      22
      24
      26
      22
      13
      19
      18
      12
      26
      22
      26
      15
      16
      16
      22
      27
      18
      23
      15
      14
      15
      19
      16
      19
      14
      20
       9
      11
      13
      10
      20
      11
      13
       6
      10
      15
      20
       8
      14
       9
      18
      11
      10
       5
      13
       7
      11
      10
       8
       5
       8
      18
       8
       5
       5
      10
       5
       6
      14
      11
       7
      11
       4
       5
       6
      10
       4
      14
       8
       5
      18
       6
      10
      11
       6
       7
       8
       7
       5
      11
       9
       6
       5
       9
       8
       9
       8
       8
       6
       6
       7
       7
       7
       7
       4
      14
      11
      10
      15
      19
      19
      14
      19
      14
      10
      13
      22
      24
      27
      21
      20
      40
      29
      29
      27
      37
      46
      36
      41
      36
      36
      43
      53
      52
      54
      57
      57
      51
      46
      54
      50
      67
      52
      48
      59
      53
      48
      58
      39
      50
      45
      48
      51
      42
      30
      38
      27
      42
      27
      24
      27
      24
      25
      28
      21
      17
      24
      11
      12
      13
      14
       9
      18
      10
       6
       8
       7
      11
       3
       8
       3
       7
       9
       6
       8
       6
       4
       3
       6
       5
       6
       4
       5
       6
       4
       3
       4
       6
       4
       4
       6
       4
       4
       1
       7
       5
       4
       2
       4
       3
       8
       4
       3
       3
      11
       6
       3
       4
       2
       9
       5
       3
       5
       3
       5
       8
       6
       6
       6
       5
       6
       5
       3
       5
       5
       8
       5
       8
       6
       4
       4
      10
       5
       4
       5
       7
       8
       4
       7
       2
       7
       4
       5
       7
       6
       7
       2
       7
       3
       5
       5
       4
       3
       5
       6
       4
       6
       5
       2
       6
       6
       4
       3
       3
       8
       3
       4
       7
       6
       3
      12
       9
       3
       6
       2
       2
       1
       3
       3
       8
       5
       3
       7
       4
       4
       6
       2
       5
       3
       2
       9
       4
       6
       3
       3
       3
       3
       3
       8
       5
       5
       2
       4
       7
       2
       1
       1
       3
       4
       4
       4
       6
       6
       5
       7
       5
       7
       4
       4
       2
       4
       4
       3
       2
       2
       4
       3
       3
       4
       5
       4
       3
       6
       4
       1
       4
       7
       5
       7
       4
       7
       9
      10
       6
       3
       5
       1
       5
       6
       1
       5
       4
      13
       4
       5
       6
       1
       4
       4
       3
       5
       3
       5
       7
       3
       4
       3
       2
       6
       4
       6
       7
       3
       3
       5
       3
       4
       4
       4
       6
       7
       4
       9
       5
       6
       3
       4
       6
       4
       1
       2
       4
       3
       0
       7
       5
       5
       2
       5
       1
       8
       4
       7
       5
       4
       5
       6
       2
       3
       3
       3
       4
       1
       5
       2
       4
       4
       4
       7
       4
       5
       1
       2
       4
       1
       2
       0
       3
       0
       5
       7
       3
       5
       6
       0
       3
       5
       0
       8
       3
       3
       3
       5
       4
       3
       3
       3
       5
       2
       4
       4
       5
       6
       5
       6
       7
       2
       6
       5
       1
       9
       5
       2
       3
       9
       2
       7
       4
       6
       2
       2
       3
      10
       3
       3
       5
       5
       8
       2
       4
       4
       6
       5
       4
       1
       9
       4
       3
       6
       3
       6
       3
       5
       2
       0
       4
       7
       6
       3
       7
       3
       6
       5
       5
       2
       5
       4
       3
       0
       8
       2
       4
       5
       2
       2
       4
       6
       2
       2
       1
       2
       3
       1
       4
       5
       5
       5
       3
       8
       3
       6
       4
       4
       1
       3
       4
       2
       5
       2
       4
       5
       2
       3
       2
       2
       5
       3
       2
       2
       5
       4
       6
       2
       2
       3
       2
       1
       6
       4
       2
       9
       6
       3
       5
       3
       3
       4
       3
       0
       8
       3
       4
       3
       6
       4
       2
       6
       4
       3
       6
       5
       6
       5
       3
       5
       5
       2
       5
       1
       3
       3
       5
       5
       4
       2
       4
       4
       3
       2
       4
       2
       3
       5
       4
       2
       5
       5
       3
       6
       5
       3
       6
       6
       1
       0
       3
       6
       3
       4
       3
       2
       2
       8
       5
       2
       3
       5
       5
       3
       3
       6
       4
       0
       3
       1
       1
       2
       3
       1
       3
       4
       3
       4
       3
       1
       2
       2
       2
       2
       6
       3
       3
       3
       1
       2
       3
       2
       2
       4
       6
       5
       5
       6
       3
       7
       1
       3
       4
       4
       4
       2
       5
       1
       4
       1
       6
       2
       1
       3
       9
       6
       6
       8
       3
       2
       4
       7
       2
       4
       4
       3
       6
       1
       3
       3
       6
       5
       5
       4
       2
       4
       2
       3
       2
       3
       2
       6
       4
       4
       4
       4
       5
       4
       5
       3
       4
       3
       3
       4
       0
       2
       3
       8
       1
       4
       4
       2
       5
       3
       3
       3
       3
       4
       3
       3
       0
       2
       3
       3
       1
       4
       3
       2
       2
       3
       8
       2
       4
       2
       1
       4
       4
       1
       3
       5
       5
       3
       1
       4
       1
       7
       4
       2
       3
       4
       1
       0
       2
       5
       6
       3
       4
       0
       2
       3
       3
       1
       3
       0
       2
       2
       2
       5
       2
       2
       4
       2
       5
       4
       2
       4
       5
       3
       2
       3
       2
       1
       3
       3
       1
       4
       7
       5
       2
       7
       1
       4
       1
       4
       4
       6
       2
       1
       1
       4
       3
       4
       2
       3
       6
       4
       1
       2
       5
       7
       3
       4
       6
       2
       2
       4
       4
       2
       2
       5
       2
       5
       5
       6
       2
       3
       2
       2
       1
       2
       2
       9
       3
       3
       3
       3
       3
       3
       8
       3
       4
       5
       3
       2
       4
       1
       4
       1
       5
       5
       3
       5
       2
       5
       5
       2
       5
       2
       6
       4
       8
       2
       4
       7
       5
       2
       5
       8
       2
       2
       1
       2
       1
       1
       2
       2
       5
       3
       8
       6
       4
       6
       5
       3
       7
       6
       1
       2
       5
       3
       4
       3
       7
       6
       4
       1
       3
       5
       2
       4
       6
       1
       0
       2
       4
       3
       2
       8
       2
       2
       3
       6
       1
       3
       8
       2
       3
       2
       8
       4
       8
       4
       6
       3
       4
       4
       6
       5
       5
       4
       4
       2
       3
       1
       3
       5
       6
       4
       1
       3
       4
       4
       3
       3
       5
       1
       9
       3
       2
       4
       4
       5
       4
       2
       2
       6
       2
       2
       5
       5
       5
       5
       0
      11
       1
       4
       2
       4
       5
       4
       3
       3
       4
       4
       4
       3
       2
       6
       2
       1
       3
       6
       2
       4
       4
       6
       4
       3
       3
       4
       4
       3
       5
       3
       6
       4
       2
       3
       3
       7
       5
       5
       7
       2
       3
       2
       1
       4
       3
       5
       2
       6
       3
       3
       3
       4
       2
       6
       3
       3
       1
       0
       2
       6
       4
       8
       3
       1
       1
       1
       3
       3
       1
       1
       3
       2
       2
       5
       4
       4
       4
       2
       4
       7
       1
       3
       5
       3
       2
       2
       3
       4
       4
       4
       3
       3
       1
       5
       4
       6
       3
       7
       2
       2
       4
       7
       6
       2
       5
       6
       4
       8
       5
       5
       1
       4
       2
       3
       6
       5
       5
       3
       2
       6
       3
       3
       2
       2
       5
       2
       1
       8
       4
       7
       3
       4
      11
       8
       7
       5
       4
       5
       3
       4
       2
       1
       8
       3
       4
       5
       3
       6
       6
       4
       3
       5
       2
       6
       5
       5
       7
       6
       2
       6
       5
       3
       3
       1
       3
       5
       6
       2
       2
       6
       7
       6
       2
      10
       3
       4
       3
       5
       6
       7
       6
      13
       9
       6
       2
       6
       3
       4
       7
       1
       4
       6
       3
       5
       3
       3
       3
       6
       3
       5
       3
       9
       7
       2
       6
       3
       8
       4
       5
       8
       4
       6
       5
       5
       5
       7
       5
       4
       2
       3
       4
       5
       4
       4
       2
       2
       3
       4
       3
       6
       5
       4
       2
       3
       1
       3
       5
       5
       7
       4
       4
       5
       6
       5
       2
       3
       6
       2
       2
       2
       1
       5
       0
       9
       4
       2
       2
       7
       2
       3
       1
       1
       1
       3
       3
       3
       0
       4
       5
       6
       8
       6
       2
       1
       4
       0
       5
       3
       4
       4
       6
       2
       4
       6
       7
       2
       3
       6
       5
       5
       5
       2
       8
      10
       3
       2
       4
       5
       3
       3
       9
       3
       5
       8
       4
       5
       7
       2
       5
       4
       5
       1
       6
       7
       4
       2
       4
       6
       6
       1
       2
       5
       1
       5
       4
       4
       6
       4
       5
       6
       1
       4
       6
       5
       3
       4
       5
       8
       4
       2
       2
       5
       4
       3
       2
       3
       5
       0
       0
       0
       0
       0
       0
       0
       0
       0
       0
       0
       0
       0
       0
       0
       0
       0
       0
       0
       0
       0
       0
       0
       0
       0
       0
       0
       0
       0
       0
       0
       0
       0
       0
       0
       0
       0
       0
       0
       0
       0
       0
       0
       0
       0
       0
       0
       0
       0
       0
       0
       0
       0
       0
       0
       0
       0
       0
       0
       0
       0
       0
       0
       0
       0
       0
       0
       0
       0
       0
       0
       0
       0
       0
       0
       0
       0
       0
       0
       0
       0
       0
       0
       0
$ROI:
1
712 830
$PRESETS:
None
0
0
$ENER_FIT:
-23.656767 2.297974
$MCA_CAL:
3
-2.365677E+001 2.297974E+000 2.836717E-005 keV
$SHAPE_CAL:
3
0.000000E+000 0.000000E+000 0.000000E+000
