$SPEC_ID:
No sample description was entered.
$SPEC_REM:
DET# 1
DETDESC# DESKTOP-I499GD2 Easy-MCA-2k SN 18191655
AP# Maestro Version 7.01
$DATE_MEA:
02/26/2024 16:01:13
$MEAS_TIM:
165 165
$DATA:
0 2047
       0
       0
       0
       0
       0
       0
       0
       0
      57
      42
      55
      65
      63
      60
      64
      78
      71
      75
      85
      72
      85
      62
      63
      53
      75
      64
      91
     102
     121
     141
     180
     181
     207
     251
     273
     177
     103
      88
     104
     114
     121
     156
     170
     161
     190
     186
     194
     228
     285
     257
     290
     346
     364
     374
     355
     369
     384
     360
     411
     434
     497
     617
     840
    1127
    1293
    1293
    1153
     944
     675
     460
     333
     261
     209
     220
     205
     215
     179
     177
     196
     190
     192
     183
     175
     194
     182
     210
     190
     207
     203
     197
     196
     195
     184
     172
     185
     227
     187
     166
     163
     169
     161
     146
     147
     154
     149
     163
     152
     139
     141
     134
     150
     144
     145
     114
     118
     116
     129
     101
     132
     122
     120
     104
     110
     117
     118
     110
      94
      91
      94
      92
     110
      85
     101
      83
      89
      96
      89
      86
      90
      96
      82
      79
      83
      86
      90
      69
      64
      75
      70
      85
      82
      75
      69
      83
      72
      73
      56
      63
      80
      69
      57
      73
      57
      83
      70
      61
      44
      59
      55
      58
      55
      52
      52
      34
      53
      47
      39
      40
      49
      41
      42
      57
      51
      57
      55
      49
      43
      51
      49
      58
      30
      58
      37
      50
      47
      40
      38
      60
      42
      45
      43
      34
      34
      48
      40
      38
      54
      42
      40
      39
      39
      43
      38
      51
      47
      59
      44
      56
      58
      57
      60
      43
      61
      68
      65
      62
      57
      67
      72
      80
      62
      83
      76
      65
      59
      53
      64
      51
      51
      54
      48
      49
      49
      33
      26
      29
      30
      35
      32
      24
      29
      27
      23
      29
      33
      30
      30
      33
      26
      26
      33
      19
      22
      39
      21
      28
      21
      30
      32
      33
      29
      24
      27
      28
      29
      31
      33
      25
      29
      24
      31
      23
      23
      21
      24
      27
      26
      32
      26
      17
      19
      17
      21
      23
      15
      26
      24
      21
      18
      20
      32
      19
      13
      12
      23
      22
      14
      25
      18
      22
      25
      16
      26
      18
      15
      19
      14
      14
      25
      10
      17
      17
      14
      15
      22
      13
      15
      22
      25
      19
      14
      16
      27
      18
      19
       9
      18
      16
      16
      17
      31
      21
      18
      12
      21
      17
      21
      16
      23
      19
      20
      19
      10
      14
      19
      25
      19
      17
      23
      24
      31
      20
      22
      21
      19
      24
      22
      17
      24
      19
      18
      15
      24
      20
      21
      22
      22
      14
      14
      24
      18
      12
      20
      24
      11
      14
      15
      23
      14
      23
      15
      12
       8
      19
      16
      21
       9
      20
      11
      17
       9
      13
      14
      16
      20
      14
      13
      12
      16
      12
      16
      16
      19
      20
      13
      18
      15
      14
      10
      18
      10
      14
      11
      10
      13
      15
       8
       8
      10
      17
      10
      14
      10
      11
      13
       9
      15
      10
      11
      15
       8
      10
      12
      15
       9
      13
      18
      11
      16
       9
       7
      10
      15
       5
       9
      11
      13
      12
      10
      13
      11
      11
      15
      13
      12
      11
      17
      14
       9
      18
      12
      15
      13
      14
      17
      19
      23
      26
      15
      18
      19
      25
      15
      15
      27
      19
      17
      18
      20
      31
      27
      36
      27
      24
      15
      21
      27
      25
      18
      23
      11
      22
      15
      19
      19
       8
      18
      14
      11
       8
      10
      16
      14
       6
      15
      14
       8
      10
       5
       7
      10
      14
      13
      12
       8
       8
      15
       8
       9
      10
       6
       5
       7
      10
       7
       9
      10
       5
       4
       9
       8
      11
      11
      10
       9
      10
      14
      10
       2
       9
       8
      11
       7
       6
       7
      14
      10
       6
       5
       5
      11
       4
       6
       9
       7
       7
      10
       8
       2
       3
       5
       7
       5
       7
       5
       7
       6
       6
       7
       4
      13
       5
       5
       9
      11
      12
       8
       8
       6
       7
       7
       5
       7
       8
       9
       9
       8
       6
       7
       6
       2
       5
       6
       8
       6
       5
      14
       9
       7
       7
       3
       7
       9
       8
       5
      14
       2
       7
       8
       8
      12
      15
       8
       9
      23
       6
       8
      12
      10
       8
      12
      13
      12
      15
       7
      13
      11
       4
      14
      12
      10
      10
      11
       9
      11
       5
       8
       8
      12
       8
      11
       9
       7
       5
       8
      15
       9
       7
       7
      11
       8
       9
       7
       3
       9
      11
       5
      11
       3
       2
      10
       3
      10
       3
       7
       3
       5
       5
       2
       3
       6
       3
       3
       2
       2
       5
       4
       6
       3
       2
      10
       2
       5
       5
       5
       3
       2
       3
       4
       5
       4
       3
       6
       4
       1
       6
       2
       5
       2
       3
       2
       2
       5
       2
       6
       5
       3
       6
       5
       2
       3
       4
       3
       2
       2
       1
       6
       3
       1
       2
       3
       7
       2
       4
       6
       2
       3
       2
       4
       5
       4
       4
       5
       4
       5
       9
       7
       4
       9
       5
      10
      10
      19
       9
      14
       7
      11
      12
      13
      10
      13
      11
      14
      10
      13
      11
      13
      11
      14
      14
      12
      14
      11
      12
       8
       9
      16
       8
      17
       8
      10
      11
       9
      11
       9
       8
       6
       9
       5
       6
       4
       6
       5
       2
       4
       3
       5
       3
       2
       5
       5
       2
       0
       3
       1
       4
       2
       2
       3
       4
       4
       2
       2
       1
       1
       0
       2
       1
       6
       1
       3
       1
       2
       1
       1
       3
       3
       1
       3
       3
       5
       7
       0
       4
       2
       2
       1
       1
       0
       3
       1
       1
       3
       4
       1
       1
       0
       1
       3
       0
       2
       5
       3
       1
       1
       2
       5
       2
       3
       2
       0
       1
       2
       1
       4
       0
       1
       0
       1
       2
       2
       1
       4
       1
       1
       2
       2
       3
       2
       4
       4
       2
       4
       8
       0
       5
       2
       2
       4
       3
       1
       4
       3
       1
       5
       1
       0
       2
       2
       0
       1
       1
       1
       2
       4
       1
       3
       5
       1
       3
       2
       3
       2
       1
       1
       1
       1
       7
       2
       3
       1
       1
       2
       0
       1
       1
       0
       1
       4
       3
       3
       3
       2
       5
       2
       1
       2
       1
       1
       1
       0
       4
       2
       4
       4
       1
       2
       2
       0
       6
       2
       6
       2
       2
       2
       2
       3
       5
       2
       4
       1
       1
       3
       3
       2
       2
       1
       2
       0
       1
       2
       3
       1
       1
       4
       0
       1
       1
       3
       4
       1
       3
       1
       1
       2
       1
       1
       2
       4
       2
       2
       3
       3
       3
       4
       2
       2
       4
       0
       1
       0
       2
       1
       4
       2
       1
       3
       1
       5
       2
       1
       3
       6
       2
       1
       4
       1
       0
       0
       0
       1
       1
       3
       3
       2
       2
       2
       1
       3
       2
       2
       3
       1
       2
       1
       0
       1
       2
       5
       1
       2
       1
       0
       1
       5
       2
       1
       3
       4
       1
       0
       3
       1
       1
       2
       2
       2
       1
       0
       2
       1
       3
       0
       0
       0
       2
       1
       2
       0
       0
       2
       4
       2
       1
       0
       1
       4
       3
       3
       1
       2
       2
       0
       2
       3
       1
       1
       1
       2
       0
       5
       3
       3
       0
       0
       3
       2
       2
       0
       4
       4
       2
       2
       4
       1
       1
       1
       3
       6
       1
       0
       2
       1
       0
       2
       3
       4
       1
       5
       1
       4
       8
       2
       2
       1
       4
       2
       4
       2
       3
       2
       0
       2
       1
       0
       2
       4
       2
       3
       3
       1
       1
       3
       2
       0
       3
       1
       0
       1
       2
       1
       2
       2
       1
       4
       5
       0
       1
       2
       2
       0
       1
       3
       0
       2
       0
       2
       0
       1
       2
       0
       1
       0
       3
       3
       1
       0
       1
       1
       0
       1
       0
       1
       2
       0
       2
       1
       0
       1
       1
       1
       1
       1
       2
       1
       1
       2
       0
       2
       0
       3
       2
       0
       0
       3
       2
       1
       1
       2
       3
       2
       0
       1
       4
       1
       1
       1
       5
       2
       3
       1
       1
       2
       3
       2
       2
       1
       1
       2
       2
       3
       0
       2
       2
       1
       2
       1
       2
       1
       1
       1
       1
       3
       3
       2
       1
       2
       2
       1
       3
       0
       2
       2
       1
       1
       2
       3
       0
       0
       2
       2
       1
       2
       1
       1
       3
       2
       1
       1
       1
       1
       0
       1
       2
       2
       1
       1
       0
       1
       1
       0
       2
       0
       0
       2
       2
       0
       2
       4
       1
       0
       1
       1
       3
       3
       2
       0
       1
       0
       1
       0
       1
       1
       2
       0
       1
       0
       0
       1
       3
       2
       0
       1
       2
       1
       0
       0
       1
       0
       3
       1
       2
       2
       2
       1
       1
       3
       4
       3
       0
       2
       0
       1
       1
       0
       1
       1
       2
       1
       1
       2
       0
       3
       2
       1
       1
       0
       3
       2
       0
       1
       2
       5
       1
       1
       2
       1
       2
       2
       1
       2
       6
       4
       2
       0
       0
       1
       1
       1
       0
       1
       2
       2
       1
       3
       2
       1
       1
       1
       2
       2
       2
       2
       1
       1
       0
       1
       2
       0
       1
       3
       2
       1
       5
       4
       0
       1
       1
       2
       2
       0
       3
       0
       0
       1
       1
       2
       0
       1
       3
       1
       0
       2
       0
       2
       1
       1
       0
       0
       1
       1
       3
       1
       1
       0
       0
       0
       2
       1
       2
       0
       1
       1
       1
       1
       1
       2
       1
       2
       0
       0
       1
       5
       3
       1
       1
       1
       2
       2
       1
       3
       2
       0
       4
       2
       0
       1
       0
       0
       0
       0
       2
       0
       2
       2
       0
       1
       0
       1
       0
       1
       1
       1
       2
       1
       1
       2
       4
       1
       1
       3
       1
       1
       1
       1
       2
       2
       1
       3
       2
       2
       4
       1
       0
       1
       2
       3
       2
       0
       1
       0
       2
       0
       0
       1
       0
       0
       0
       3
       2
       2
       1
       2
       2
       1
       1
       2
       1
       4
       1
       4
       3
       1
       3
       2
       1
       2
       2
       0
       1
       0
       2
       2
       2
       0
       2
       0
       1
       1
       0
       0
       2
       0
       2
       1
       2
       1
       2
       2
       2
       0
       0
       2
       4
       3
       2
       1
       1
       1
       0
       2
       0
       1
       2
       2
       3
       0
       4
       2
       0
       2
       2
       1
       1
       3
       2
       1
       2
       1
       1
       5
       1
       1
       1
       0
       0
       2
       2
       2
       2
       1
       3
       0
       2
       2
       1
       2
       1
       1
       4
       1
       0
       1
       3
       2
       1
       2
       1
       2
       0
       2
       1
       0
       2
       1
       2
       1
       4
       0
       1
       0
       2
       1
       0
       1
       2
       2
       2
       1
       1
       1
       3
       0
       1
       1
       2
       1
       1
       0
       2
       2
       1
       1
       0
       2
       1
       0
       1
       2
       1
       4
       1
       1
       3
       4
       0
       0
       0
       0
       2
       1
       2
       3
       0
       1
       1
       3
       1
       4
       1
       2
       1
       5
       4
       0
       2
       2
       0
       0
       1
       2
       1
       2
       1
       2
       0
       0
       2
       0
       0
       0
       2
       4
       2
       1
       1
       3
       1
       2
       4
       0
       1
       3
       1
       1
       0
       1
       4
       3
       0
       1
       1
       1
       0
       3
       1
       3
       2
       2
       3
       1
       2
       0
       2
       2
       2
       1
       2
       1
       2
       1
       1
       2
       0
       2
       2
       1
       2
       2
       1
       1
       2
       0
       1
       2
       2
       3
       2
       2
       1
       0
       3
       2
       4
       2
       2
       2
       2
       1
       0
       2
       1
       0
       3
       2
       2
       1
       2
       2
       1
       0
       1
       0
       2
       0
       1
       1
       3
       1
       2
       0
       2
       1
       4
       2
       0
       3
       1
       4
       0
       0
       2
       1
       4
       0
       0
       1
       1
       2
       0
       1
       2
       2
       3
       4
       3
       1
       2
       5
       1
       0
       1
       0
       1
       2
       1
       2
       3
       2
       0
       2
       1
       2
       0
       2
       1
       0
       1
       0
       1
       0
       0
       2
       3
       1
       1
       0
       2
       2
       1
       2
       4
       2
       1
       1
       2
       0
       0
       0
       1
       1
       2
       7
       4
       3
       1
       1
       0
       1
       1
       1
       2
       1
       0
       2
       0
       0
       0
       2
       2
       2
       0
       3
       1
       3
       1
       4
       3
       2
       0
       1
       0
       1
       2
       2
       1
       2
       0
       1
       2
       2
       1
       1
       1
       1
       6
       0
       2
       0
       2
       2
       1
       5
       1
       3
       2
       1
       1
       0
       3
       1
       2
       1
       3
       4
       2
       0
       2
       1
       0
       1
       0
       2
       4
       0
       3
       1
       3
       0
       1
       2
       2
       2
       0
       0
       2
       2
       2
       4
       1
       1
       0
       0
       2
       1
       0
       2
       0
       4
       3
       0
       2
       2
       5
       3
       3
       3
       1
       3
       5
       0
       0
       0
       1
       0
       0
       0
       0
       0
       0
       0
       0
       0
       0
       0
       0
       0
       0
       0
       0
       0
       0
       0
       0
       0
       0
       0
       0
       0
       0
       0
       0
       0
       0
       0
       0
       0
       0
       0
       0
       0
       0
       0
       0
       0
       0
       0
       0
       0
       0
       0
       0
       0
       0
       0
       0
       0
       0
       0
       0
       0
       0
       0
       0
       0
       0
       0
       0
       0
       0
       0
       0
       0
       0
       0
       0
       0
       0
       0
       0
       0
       0
       0
       0
       0
       0
       0
       0
$ROI:
1
712 830
$PRESETS:
None
0
0
$ENER_FIT:
-23.656767 2.297974
$MCA_CAL:
3
-2.365677E+001 2.297974E+000 2.836717E-005 keV
$SHAPE_CAL:
3
0.000000E+000 0.000000E+000 0.000000E+000
