$SPEC_ID:
No sample description was entered.
$SPEC_REM:
DET# 1
DETDESC# DESKTOP-I499GD2 Easy-MCA-2k SN 18191655
AP# Maestro Version 7.01
$DATE_MEA:
02/29/2024 13:17:37
$MEAS_TIM:
47 48
$DATA:
0 2047
       0
       0
       0
       0
       0
       0
       0
       0
      25
      22
      17
      15
      14
      19
      15
      12
      24
      16
      30
      15
      22
      21
      21
      21
      13
      21
      20
      33
      33
      33
      23
      26
      29
      40
      21
      20
      21
      34
      24
      25
      25
      33
      27
      42
      42
      48
      41
      44
      50
      53
      40
      48
      51
      53
      59
      59
      73
      55
      58
      55
      59
      60
      65
      60
      66
      76
      56
      51
      71
      73
      64
      73
      59
      68
      62
      71
      69
      61
      43
      65
      64
      70
      66
      74
      48
      60
      60
      67
      62
      57
      38
      61
      79
      49
      44
      44
      43
      50
      51
      51
      62
      57
      52
      55
      54
      48
      56
      49
      52
      37
      51
      56
      46
      44
      47
      42
      40
      50
      49
      35
      43
      39
      31
      49
      36
      40
      33
      39
      31
      36
      33
      35
      42
      30
      26
      47
      41
      27
      27
      40
      24
      32
      37
      40
      37
      33
      29
      33
      20
      29
      42
      31
      26
      31
      28
      29
      21
      33
      27
      33
      31
      33
      19
      26
      30
      25
      19
      27
      22
      19
      14
      23
      14
      26
      27
      25
      19
      20
      24
      20
      18
      13
      24
      19
      15
      10
      14
      17
      21
      15
      19
       9
      20
      19
      15
      11
      12
      15
      13
      14
      19
      19
      14
      13
      19
      19
      23
      13
      13
      18
      10
      13
      18
      19
      16
      22
      15
      19
      24
      18
      15
      30
      27
      25
      30
      43
      29
      47
      43
      40
      44
      34
      30
      33
      31
      25
      20
      17
      21
      15
      19
      22
      13
      15
      19
      12
      11
       4
      19
      12
      10
      19
      16
      14
      14
      11
      10
       8
      13
      14
       5
      14
      17
      13
      10
       9
      13
      13
      12
      18
      17
      14
      21
       9
      10
      12
       8
      18
      14
       7
       7
       6
      14
       7
       8
       7
       9
       8
       8
      10
       6
      10
       8
       5
       9
       8
      14
      10
       9
      16
       9
       8
       7
       6
       8
       7
       9
      11
       7
       4
      13
      15
       8
       5
      10
       7
       7
      10
      12
       8
       4
      10
       6
      10
      13
       9
      10
       8
       8
      11
       9
       7
      13
       5
       4
      13
       8
       9
      15
       8
      13
       8
       8
      10
      12
       5
      12
       5
      10
       6
       6
       9
       5
       4
       9
       7
      10
      10
      14
      10
       5
      14
       7
      14
       8
       6
       5
       6
      10
      13
      11
      13
       8
       9
       9
       5
       8
       8
       9
       2
       7
      11
      10
       8
      11
       4
       4
       5
      11
       9
      10
      11
      10
       7
       4
       7
       4
       6
       8
       7
       7
      12
       8
       8
      10
       5
      10
       6
       5
       1
       7
       7
       6
       6
       5
       4
      10
      10
      10
       7
       6
       6
       3
       6
       5
       7
       7
       7
       6
      10
       4
       6
       7
       5
       6
       3
       5
       5
       2
       7
       8
       3
       9
       7
       4
       6
       2
       9
       5
       8
       5
       6
       4
       8
       1
       0
       6
       4
       5
       3
       7
       0
       6
       7
       3
       8
      10
       6
       5
      12
       9
       5
       6
      10
       4
       7
       7
       6
       5
       3
       8
       6
      13
       7
      13
      12
       4
       9
       7
      11
      10
       9
      11
       7
       8
      12
       5
      16
       7
       8
       6
       4
       8
       6
       7
       7
       2
       3
       5
       5
       7
       3
       0
       7
      10
       7
       4
       4
       7
       7
       6
       1
       4
       3
       3
      10
       6
       7
       1
       8
       4
       7
       7
       1
       5
       4
       8
       2
       4
       7
       5
       3
       3
       5
       5
       9
       8
       5
       7
       9
       3
       7
       3
       3
       7
       8
       7
       4
       6
       3
       8
       5
       6
       4
       7
      11
       4
       5
       5
       3
       5
       8
       8
       5
       6
       6
       4
       5
       8
       8
       4
       8
       6
       5
       9
       3
       7
       5
       5
       6
       4
       2
       4
      11
       4
       6
       4
       3
       6
       3
       9
       6
       2
       3
       5
       6
       5
       8
       5
       7
       5
       6
       1
       7
       4
       2
       7
      10
       6
       9
       5
      13
       6
       4
       5
       6
       6
       6
      12
       5
       6
      10
       5
       9
       7
       6
       8
       9
      10
       6
       5
       3
       6
       5
       2
       7
       4
       7
       2
       5
       7
       6
       6
       5
       4
       2
       1
       8
       5
       8
       2
       7
       3
       5
       9
       3
       3
       4
       8
       4
       2
       5
       1
       7
       4
       5
       6
       5
       2
       2
       1
       1
       6
       5
       1
       4
       4
       3
       4
       2
       3
       4
       1
       3
       3
       3
       0
       2
       3
       8
       3
       2
       2
       4
       1
       5
       2
       2
       4
       0
       3
       5
       1
       1
       5
       3
       1
       1
       2
       3
       2
       1
       3
       1
       3
       1
       2
       4
       7
       1
       4
       7
       3
       2
       6
       4
       4
       3
       6
       1
      12
       8
       9
       8
      15
      11
      11
       9
       7
       9
      15
      10
      11
      11
      16
      24
      20
      15
      15
      15
      15
      15
      23
      14
      10
      14
      16
      11
      16
      14
      12
      10
       9
      19
       8
      12
      11
       5
       7
      12
       6
       6
      10
       7
       5
       7
       4
       3
       4
       9
       3
       7
       5
       2
       1
       4
       2
       4
       3
       1
       0
       1
       2
       3
       2
       0
       0
       2
       3
       1
       2
       2
       2
       0
       3
       0
       2
       2
       2
       2
       0
       3
       1
       3
       4
       0
       0
       2
       2
       3
       1
       3
       2
       1
       1
       0
       1
       1
       3
       2
       2
       1
       2
       1
       2
       1
       1
       1
       2
       0
       0
       3
       1
       0
       3
       2
       1
       1
       2
       3
       1
       0
       3
       1
       0
       1
       1
       1
       2
       0
       0
       2
       0
       0
       3
       3
       0
       1
       3
       2
       1
       1
       1
       1
       2
       0
       2
       4
       1
       1
       0
       0
       1
       2
       1
       2
       0
       3
       0
       0
       1
       1
       0
       2
       3
       1
       3
       0
       0
       3
       2
       1
       1
       0
       1
       2
       1
       0
       1
       3
       6
       1
       3
       1
       1
       1
       0
       0
       4
       2
       5
       3
       1
       0
       1
       1
       0
       2
       2
       0
       2
       1
       3
       2
       1
       0
       1
       0
       1
       1
       0
       1
       1
       2
       1
       3
       4
       2
       1
       0
       4
       1
       1
       3
       2
       2
       1
       4
       3
       2
       0
       0
       1
       0
       1
       2
       1
       0
       2
       2
       1
       0
       0
       1
       1
       1
       2
       0
       2
       2
       1
       1
       2
       1
       1
       2
       0
       1
       2
       0
       3
       1
       0
       0
       3
       0
       3
       2
       3
       1
       0
       2
       3
       3
       0
       3
       2
       3
       4
       1
       2
       0
       1
       1
       0
       1
       2
       2
       1
       1
       3
       0
       2
       0
       3
       0
       1
       0
       1
       0
       2
       1
       1
       1
       1
       2
       0
       2
       0
       1
       1
       1
       3
       0
       0
       0
       0
       2
       2
       1
       1
       1
       0
       0
       0
       2
       2
       1
       2
       1
       1
       0
       4
       4
       7
       1
       2
       0
       3
       1
       1
       1
       1
       1
       2
       0
       2
       1
       3
       0
       1
       1
       1
       0
       0
       0
       2
       0
       2
       1
       1
       1
       1
       0
       0
       0
       0
       3
       0
       2
       0
       1
       3
       0
       0
       2
       0
       0
       0
       0
       2
       0
       1
       1
       3
       0
       1
       1
       0
       1
       2
       2
       0
       4
       0
       0
       0
       2
       0
       1
       3
       0
       1
       1
       1
       1
       2
       1
       1
       2
       0
       1
       4
       1
       0
       1
       2
       3
       1
       1
       1
       1
       1
       1
       0
       1
       1
       0
       1
       0
       2
       0
       0
       1
       2
       2
       0
       2
       2
       0
       2
       1
       2
       0
       0
       2
       2
       1
       0
       3
       1
       1
       4
       1
       0
       2
       1
       1
       4
       1
       1
       2
       4
       0
       1
       2
       0
       1
       3
       1
       3
       2
       1
       4
       3
       2
       2
       2
       0
       1
       1
       3
       0
       0
       0
       1
       2
       4
       2
       0
       0
       2
       1
       2
       2
       0
       0
       1
       1
       1
       1
       0
       1
       1
       0
       0
       1
       1
       1
       0
       2
       0
       1
       3
       1
       1
       0
       1
       1
       0
       0
       3
       1
       0
       1
       0
       2
       0
       0
       1
       1
       0
       0
       0
       1
       1
       0
       0
       0
       0
       0
       0
       0
       0
       0
       1
       1
       2
       0
       0
       1
       2
       0
       2
       1
       2
       1
       0
       1
       0
       1
       0
       0
       1
       1
       0
       0
       0
       3
       2
       3
       1
       1
       1
       2
       3
       2
       0
       1
       1
       0
       0
       1
       1
       0
       1
       0
       1
       3
       2
       1
       0
       0
       0
       1
       3
       0
       3
       1
       0
       0
       1
       1
       0
       1
       0
       0
       0
       1
       0
       0
       0
       1
       0
       1
       3
       3
       1
       0
       0
       2
       0
       1
       1
       1
       0
       2
       1
       0
       0
       0
       0
       0
       2
       0
       0
       1
       0
       1
       0
       1
       1
       2
       1
       0
       0
       0
       1
       1
       1
       0
       1
       0
       1
       0
       0
       1
       1
       1
       0
       1
       3
       0
       1
       0
       1
       0
       1
       1
       0
       1
       1
       1
       2
       0
       0
       2
       0
       2
       2
       0
       2
       0
       1
       1
       2
       1
       0
       1
       0
       2
       1
       0
       0
       1
       0
       2
       2
       2
       0
       1
       0
       0
       2
       0
       0
       3
       2
       1
       0
       0
       0
       1
       3
       2
       0
       0
       1
       0
       2
       1
       2
       0
       0
       1
       0
       3
       0
       0
       2
       0
       0
       0
       1
       1
       0
       0
       2
       2
       0
       1
       3
       1
       0
       0
       1
       0
       0
       0
       1
       1
       2
       0
       0
       0
       2
       2
       0
       0
       2
       2
       0
       0
       0
       0
       1
       1
       1
       1
       1
       0
       1
       2
       0
       1
       0
       2
       2
       0
       0
       2
       1
       1
       2
       2
       0
       1
       0
       1
       1
       0
       1
       0
       1
       1
       3
       0
       1
       4
       0
       0
       0
       0
       1
       0
       0
       0
       0
       0
       1
       1
       0
       2
       0
       0
       2
       0
       0
       1
       0
       0
       1
       1
       1
       2
       0
       1
       0
       1
       0
       0
       4
       2
       0
       0
       1
       0
       1
       0
       2
       1
       0
       1
       1
       0
       0
       1
       0
       0
       1
       0
       1
       0
       1
       1
       0
       0
       0
       3
       0
       0
       0
       2
       0
       1
       1
       0
       1
       0
       0
       1
       0
       0
       0
       3
       0
       0
       1
       1
       0
       1
       0
       0
       0
       1
       3
       0
       0
       3
       2
       1
       1
       1
       0
       1
       0
       0
       0
       0
       2
       0
       0
       0
       1
       0
       2
       2
       1
       1
       0
       2
       2
       2
       1
       1
       1
       1
       2
       0
       0
       0
       1
       0
       1
       1
       1
       2
       2
       0
       0
       1
       1
       1
       1
       0
       0
       0
       0
       2
       1
       0
       1
       0
       0
       3
       0
       3
       0
       2
       2
       1
       1
       3
       0
       0
       2
       1
       1
       1
       0
       0
       1
       0
       1
       1
       1
       1
       2
       1
       0
       0
       0
       2
       0
       1
       2
       1
       2
       1
       0
       0
       0
       2
       1
       2
       1
       0
       0
       0
       2
       0
       0
       0
       0
       0
       1
       0
       2
       1
       1
       1
       0
       0
       1
       2
       0
       1
       1
       0
       2
       1
       0
       0
       1
       2
       2
       1
       0
       1
       0
       0
       3
       0
       1
       0
       1
       0
       2
       0
       0
       1
       0
       0
       2
       1
       1
       1
       0
       1
       1
       1
       0
       0
       1
       0
       1
       0
       1
       0
       1
       0
       0
       1
       1
       0
       0
       2
       1
       0
       1
       0
       0
       0
       0
       0
       0
       2
       0
       0
       1
       2
       0
       1
       0
       1
       0
       1
       2
       0
       1
       1
       1
       0
       0
       3
       1
       0
       3
       0
       0
       0
       1
       1
       0
       2
       0
       2
       1
       1
       1
       2
       1
       0
       2
       1
       0
       0
       2
       0
       0
       0
       0
       1
       1
       0
       0
       2
       2
       2
       0
       1
       2
       1
       0
       1
       0
       0
       2
       2
       1
       0
       1
       0
       1
       0
       0
       2
       1
       0
       1
       0
       0
       0
       0
       1
       1
       1
       0
       0
       1
       3
       0
       0
       0
       1
       1
       0
       1
       0
       0
       1
       2
       0
       0
       0
       1
       0
       0
       1
       1
       1
       2
       1
       3
       2
       0
       1
       1
       2
       1
       0
       2
       2
       0
       0
       2
       3
       0
       0
       0
       1
       0
       1
       0
       0
       0
       2
       0
       0
       0
       0
       1
       1
       0
       0
       0
       2
       1
       1
       0
       2
       0
       1
       0
       3
       1
       0
       0
       0
       0
       1
       2
       2
       0
       0
       0
       0
       0
       0
       0
       0
       0
       0
       0
       0
       0
       0
       0
       0
       0
       0
       0
       0
       0
       0
       0
       0
       0
       0
       0
       0
       0
       0
       0
       0
       0
       0
       0
       0
       0
       0
       0
       0
       0
       0
       0
       0
       0
       0
       0
       0
       0
       0
       0
       0
       0
       0
       0
       0
       0
       0
       0
       0
       0
       0
       0
       0
       0
       0
       0
       0
       0
       0
       0
       0
       0
       0
       0
       0
       0
       0
       0
       0
       0
       0
       0
       0
       0
$ROI:
1
712 830
$PRESETS:
None
0
0
$ENER_FIT:
-23.656767 2.297974
$MCA_CAL:
3
-2.365677E+001 2.297974E+000 2.836717E-005 keV
$SHAPE_CAL:
3
0.000000E+000 0.000000E+000 0.000000E+000
