$SPEC_ID:
No sample description was entered.
$SPEC_REM:
DET# 1
DETDESC# DESKTOP-I499GD2 Easy-MCA-2k SN 18191655
AP# Maestro Version 7.01
$DATE_MEA:
02/29/2024 13:00:43
$MEAS_TIM:
43 43
$DATA:
0 2047
       0
       0
       0
       0
       0
       0
       1
       1
      63
      36
      37
      36
      34
      41
      38
      43
      39
      30
      28
      35
      40
      34
      40
      44
      39
      47
      48
      33
      40
      52
      40
      45
      56
      49
      49
      40
      50
      34
      50
      67
      43
      50
      59
      68
      72
      66
      83
      71
      79
      85
      77
      74
      96
      96
      73
      79
     104
      88
     116
      99
     105
     101
     113
      87
     103
     113
     118
      97
     124
      94
     106
      98
      83
     111
      96
     110
     123
     106
     108
     116
     111
      97
     105
     103
     101
     114
      96
      93
     103
      99
     114
      99
      97
     121
      84
      83
      90
      82
      91
      94
     100
     104
     105
      93
      95
      93
      83
      89
     104
      69
      88
      93
      92
      81
      86
      77
      75
      77
      97
      78
      88
      97
      65
      79
      80
      67
      75
      81
      58
      68
      60
      72
      70
      91
      73
      62
      50
      72
      56
      63
      58
      52
      61
      75
      55
      45
      54
      47
      55
      48
      63
      59
      53
      47
      43
      47
      43
      61
      68
      53
      47
      60
      54
      48
      47
      41
      48
      50
      41
      57
      46
      42
      34
      44
      27
      44
      45
      35
      44
      53
      43
      39
      41
      42
      36
      34
      44
      38
      40
      49
      36
      39
      26
      39
      43
      49
      43
      24
      44
      33
      36
      37
      34
      44
      41
      37
      38
      25
      40
      31
      37
      33
      41
      46
      42
      32
      46
      51
      77
      69
      77
      92
      78
      73
      80
      93
      99
      89
      85
     113
     109
      80
      96
      87
      77
      72
      59
      60
      55
      67
      37
      50
      43
      43
      38
      30
      30
      24
      26
      30
      29
      22
      30
      28
      27
      25
      39
      30
      22
      17
      22
      22
      30
      30
      29
      33
      20
      21
      36
      17
      30
      25
      23
      23
      24
      28
      20
      17
      31
      23
      27
      16
      30
      25
      33
      27
      23
      22
      15
      31
      21
      29
      31
      25
      33
      28
      20
      26
      17
      27
      17
      20
      21
      23
      19
      26
      21
      23
      25
      23
      24
      24
      22
      25
      28
      27
      23
      24
      27
      22
      26
      17
      26
      29
      29
      22
      20
      22
      19
      25
      21
      18
      30
      31
      39
      27
      22
      21
      20
      17
      12
      17
      20
      25
      29
      21
      22
      20
      19
      13
      20
      26
      20
      20
      19
      18
      24
      25
      28
      18
      24
      15
      19
      20
      21
      12
      19
      22
      21
      24
      19
      14
      19
      22
      20
      21
      17
      20
      17
       7
      21
      17
      24
      17
      16
      18
      19
      15
      23
      27
      14
      21
      18
      19
      15
      15
      18
      25
      19
      16
      20
      17
      19
      15
      20
      16
      18
      24
      17
      12
      14
      20
      13
      22
      13
      19
      16
      11
      18
      15
      17
      13
      19
      13
      20
      24
      16
      22
       7
      10
      25
      21
      17
      15
      13
      20
      16
      12
      14
      15
      13
      13
      14
      19
      16
      11
      11
      15
      13
      21
      15
      17
      14
      25
      10
      16
      20
      19
      13
      12
      18
      20
      16
      18
      15
      12
      13
      20
      13
      14
      28
      19
      21
      16
      16
      23
      19
      25
      17
      25
      15
      19
      12
      18
      24
      22
      21
      18
      26
      23
      33
      15
      18
      14
      18
      12
      14
      20
      17
      19
      15
      13
      12
      20
      12
      21
      16
      21
      15
      13
      16
      22
      14
      21
      16
      20
      22
      17
      12
      15
       8
      16
      15
      14
      13
       9
      19
      11
      15
      15
      16
      27
      22
      19
      22
      14
      21
      22
      15
      14
      18
      11
      14
      20
      23
      19
      25
      24
      26
      16
      23
      27
      21
      17
      21
      19
      26
      25
      24
      22
      15
      13
      16
      16
      19
      23
       9
      16
      18
      17
      18
      19
      17
      17
      15
      17
      13
      15
      25
      11
      13
      21
      20
      15
      18
      22
      16
      17
      14
      22
      15
      14
      28
      15
      13
      29
      18
      17
      16
      25
       8
      25
      19
      15
      14
      16
      18
      20
      29
      16
      14
      15
      16
      21
      14
      18
      18
      18
      15
      17
      19
      17
      23
      19
      29
      13
      24
      15
      17
      24
      16
      25
      26
      16
      26
       9
      13
      28
      17
      20
      17
      20
      12
      16
      20
      11
      16
      19
      23
      16
      17
      13
      22
      14
      13
      22
      12
      13
      11
      10
      10
      11
      12
      12
      11
      14
       8
      25
      12
      17
      10
      14
      13
       9
       9
      11
       8
       9
      10
      10
      14
       8
      10
       9
       6
       7
       9
       6
       9
       4
      16
       6
      10
       4
      14
       6
       7
      10
       6
      10
       6
       9
       2
      10
      10
       8
       6
       8
       9
       7
       9
       4
      12
       6
       3
       9
       4
       8
      11
       9
       6
      10
       8
       8
       4
       9
       6
       5
      15
      16
      15
      13
      13
      13
       9
      22
      17
      21
      21
      16
      25
      18
      30
      42
      30
      40
      38
      41
      48
      45
      41
      48
      42
      57
      52
      64
      55
      56
      64
      64
      78
      54
      54
      49
      57
      54
      57
      74
      52
      63
      59
      55
      46
      63
      39
      58
      45
      36
      27
      28
      32
      30
      23
      39
      19
      19
      18
      25
      19
      19
      18
      12
      10
      10
      13
      10
      14
       9
       8
      10
       5
       9
       8
       5
       4
       6
      10
      10
       6
       7
       5
       4
       6
       7
       8
       5
       4
       1
       5
       4
       3
       5
       6
       5
       4
       9
       2
       8
       6
       3
       7
      10
       2
       9
       5
       2
       7
       7
       4
       3
       5
       3
       5
       9
       4
       3
       0
       5
       7
       6
       4
       7
       7
       5
       5
       3
       3
       3
       3
       7
       8
       4
       1
       2
       5
       7
       4
       6
       5
       5
       2
       5
       5
       9
       6
       6
       4
       5
       4
       4
       4
       6
       7
       3
       6
       4
       4
       3
       5
       7
       3
       4
       6
       6
       6
       6
       8
       5
       9
       7
       2
       2
       4
       4
       7
       6
       5
       2
       2
       4
       6
       5
       7
       5
       2
       7
       2
       6
       2
       2
      10
       7
       9
       4
       4
       6
       3
       3
       5
       6
       4
       3
       9
       4
       2
       6
       9
       5
       6
       5
       2
       3
       3
       6
       1
       4
       5
       2
       3
       3
       6
       6
       1
       3
       3
       6
       6
       9
       6
       5
       4
       3
       8
       4
       8
       1
       6
       8
       4
       5
       5
       5
       6
      12
       2
       6
       7
       4
       4
       5
       6
       4
       2
       7
       5
       7
       4
       4
       6
       7
       5
       8
       5
       8
       4
       2
       7
       9
       9
       5
      11
       3
       4
       6
       9
      10
       2
       5
       5
       4
       5
       2
       6
       7
       6
       9
       5
       3
       3
       5
       7
       6
       3
       7
       1
       5
       4
       7
       2
       8
       2
       7
       5
       3
       2
       4
       4
       5
       2
       4
       3
       5
       3
       6
       8
      10
       2
       5
       3
       3
       6
       4
       4
       5
       8
       4
       6
       7
       3
       6
       4
       7
       4
       5
       5
       4
       2
       4
       5
       7
       3
       4
       8
       1
       5
       3
       7
       4
       8
       5
       5
       2
       5
       5
       3
       5
       1
       4
       2
       1
       5
       5
       3
       2
       7
       2
       1
       2
       4
       3
       1
       2
       6
       4
       4
       6
       3
       6
       4
       2
       8
       1
       3
       3
       5
       4
       4
       3
       3
       3
       2
       4
       1
       4
       3
       1
       1
       5
       5
       4
       3
       3
       2
       1
       6
       4
       3
       6
       2
       3
       4
       4
       9
       5
       0
       2
       4
       3
       6
       5
       3
       1
       0
       3
       4
       2
       3
       4
       3
       3
       4
       2
       4
       3
       2
       5
       3
       4
       2
       6
       7
       8
       4
       7
       5
       3
       4
       5
      11
       4
       7
       3
       9
       5
      11
       5
       3
       5
       4
       8
       1
      10
       7
       5
       7
       3
      10
      10
       4
      10
       9
       7
       6
       8
       5
       9
      11
       3
       2
       7
       6
       8
       9
       5
       4
       3
       8
       8
       6
       4
       4
      10
      10
       6
       4
       4
       3
       2
       3
       7
       1
       5
       3
       3
       6
       4
       2
       6
       5
       2
       3
       7
       2
       5
       3
       5
       5
       3
       5
       2
       3
       4
       3
       6
       0
       3
       4
       1
       4
       6
       3
       3
       5
       5
       1
       5
       2
       2
       1
       2
       4
       4
       3
       4
       2
       0
       3
       4
       2
       1
       4
       3
       0
       4
       3
       3
       2
       4
       0
       1
       5
       3
       3
       2
       1
       7
       1
       3
       4
       1
       1
       2
       2
       2
       2
       0
       3
       4
       3
       2
       7
       2
       4
       5
       0
       4
       2
       3
       5
       1
       3
       1
       0
       1
       0
       4
       2
       1
       1
       2
       1
       2
       0
       6
       2
       3
       3
       4
       5
       1
       3
       0
      11
       0
       2
       3
       2
       3
       2
       0
       2
       3
       3
       2
       4
       3
       5
       5
       3
       1
       4
       2
       4
       1
       1
       1
       1
       1
       4
       0
       4
       1
       1
       2
       0
       1
       4
       1
       2
       2
       1
       2
       2
       3
       3
       1
       4
       4
       4
       3
       3
       4
       2
       2
       1
       1
       2
       1
       6
       1
       1
       2
       4
       2
       4
       5
       2
       5
       8
       4
       5
       2
       2
       4
       3
       1
       3
       2
       6
       2
       2
       4
       2
       4
       1
       1
       1
       2
       2
       3
       2
       0
       2
       2
       4
       3
       2
       2
       0
       2
       2
       3
       2
       2
       2
       2
       0
       5
       2
       3
       2
       1
       3
       4
       2
       3
       2
       1
       2
       0
       3
       0
       2
       3
       3
       2
       1
       4
       1
       1
       4
       1
       5
       0
       2
       3
       1
       2
       1
       2
       3
       0
       2
       3
       3
       0
       2
       2
       4
       2
       2
       1
       2
       1
       3
       1
       5
       3
       0
       3
       2
       4
       6
       5
       2
       2
       2
       0
       3
       1
       2
       1
       3
       2
       3
       2
       3
       3
       3
       1
       2
       2
       3
       5
       2
       3
       0
       1
       2
       1
       5
       2
       8
       0
       4
       2
       3
       0
       2
       2
       1
       2
       6
       3
       4
       2
       3
       6
       6
       1
       2
       4
       2
       1
       2
       6
       3
       1
       3
       4
       1
       1
       2
       5
       1
       2
       1
       4
       2
       2
       2
       2
       3
       3
       0
       2
       2
       3
       1
       2
       2
       8
       1
       3
       2
       8
       3
       0
       4
       2
       1
       3
       5
       4
       6
       1
       1
       1
       4
       9
       2
       3
       3
       4
       1
       1
       2
       1
       3
       0
       7
       3
       4
       2
       4
       3
       0
       5
       3
       2
       1
       2
       2
       1
       3
       3
       2
       1
       2
       4
       2
       3
       0
       4
       2
       2
       3
       3
       0
       3
       2
       2
       2
       4
       3
       1
       3
       4
       3
       2
       4
       3
       1
       1
       0
       1
       0
       1
       2
       6
       4
       0
       0
       6
       4
       3
       3
       3
       3
       2
       0
       1
       1
       1
       3
       2
       3
       1
       2
       5
       3
       3
       1
       4
       3
       1
       5
       1
       3
       2
       4
       2
       0
       3
       7
       2
       2
       3
       0
       2
       0
       5
       7
       2
       1
       4
       1
       1
       2
       3
       1
       2
       3
       0
       1
       2
       0
       2
       4
       2
       5
       4
       4
       3
       4
       7
       3
       2
       2
       5
       3
       3
       7
       4
       3
       1
       4
       2
       4
       4
       3
       2
       3
       1
       1
       1
       0
       4
       1
       4
       2
       1
       2
       2
       2
       2
       3
       0
       5
       3
       0
       1
       0
       2
       1
       2
       2
       5
       1
       3
       5
       1
       4
       4
       4
       3
       3
       2
       4
       4
       5
       4
       1
       3
       1
       1
       2
       0
       2
       1
       1
       2
       2
       2
       2
       4
       5
       1
       3
       3
       2
       5
       4
       1
       1
       2
       3
       4
       3
       3
       1
       5
       1
       2
       2
       2
       6
       2
       3
       3
       2
       4
       6
       3
       3
       4
       2
       3
       4
       4
       3
       1
       1
       5
       3
       7
       2
       2
       0
       2
       2
       2
       4
       4
       1
       1
       2
       2
       2
       1
       2
       0
       2
       1
       5
       3
       0
       1
       2
       3
       2
       1
       0
       2
       1
       3
       3
       0
       4
       3
       1
       4
       3
       2
       3
       1
       3
       2
       5
       6
       2
       3
       3
       3
       1
       3
       0
       3
       2
       3
       1
       2
       2
       4
       3
       3
       2
       3
       0
       4
       1
       4
       2
       5
       1
       5
       4
       3
       2
       3
       4
       3
       5
       6
       3
       0
       7
       1
       3
       3
       1
       3
       2
       5
       2
       1
       1
       1
       5
       3
       4
       2
       2
       2
       2
       5
       2
       0
       4
       2
       2
       3
       1
       2
       1
       3
       2
       4
       4
       1
       3
       7
       5
       1
       4
       1
       1
       2
       2
       2
       5
       2
       0
       2
       0
       0
       0
       0
       0
       0
       0
       0
       0
       0
       0
       0
       0
       0
       0
       0
       0
       0
       0
       0
       0
       0
       0
       0
       0
       0
       0
       0
       0
       0
       0
       0
       0
       0
       0
       0
       0
       0
       0
       0
       0
       0
       0
       0
       0
       0
       0
       0
       0
       0
       0
       0
       0
       0
       0
       0
       0
       0
       0
       0
       0
       0
       0
       0
       0
       0
       0
       0
       0
       0
       0
       0
       0
       0
       0
       0
       0
       0
       0
       0
       0
       0
       0
       0
$ROI:
1
712 830
$PRESETS:
None
0
0
$ENER_FIT:
-23.656767 2.297974
$MCA_CAL:
3
-2.365677E+001 2.297974E+000 2.836717E-005 keV
$SHAPE_CAL:
3
0.000000E+000 0.000000E+000 0.000000E+000
