$SPEC_ID:
No sample description was entered.
$SPEC_REM:
DET# 1
DETDESC# DESKTOP-I499GD2 Easy-MCA-2k SN 18191655
AP# Maestro Version 7.01
$DATE_MEA:
02/29/2024 13:20:40
$MEAS_TIM:
52 52
$DATA:
0 2047
       0
       0
       0
       0
       0
       0
       0
       1
      17
       8
      15
      17
      18
      19
      21
      11
      15
      10
      14
      12
      16
      22
      12
      14
      12
      15
      23
      21
      33
      26
      25
      31
      28
      36
      28
      21
      19
      25
      25
      17
      35
      34
      31
      31
      29
      34
      33
      50
      32
      44
      45
      56
      56
      41
      55
      32
      60
      64
      50
      51
      56
      62
      63
      73
      67
      70
      75
      57
      60
      58
      70
      54
      59
      53
      66
      67
      54
      61
      65
      47
      62
      66
      53
      60
      67
      65
      65
      65
      64
      39
      64
      61
      46
      42
      49
      60
      59
      55
      55
      48
      48
      52
      56
      50
      55
      56
      36
      42
      53
      52
      39
      48
      45
      44
      48
      43
      30
      32
      43
      30
      38
      36
      30
      34
      36
      28
      26
      40
      34
      30
      41
      31
      27
      38
      31
      35
      29
      32
      19
      28
      22
      27
      28
      22
      31
      29
      31
      25
      17
      25
      19
      29
      19
      23
      26
      18
      19
      20
      25
      21
      20
      24
      16
      23
      16
      25
      16
      19
      19
      22
      24
      14
      18
      15
      22
      18
      23
      24
      18
      17
      13
      18
      23
      17
      18
      18
      10
      15
      12
      12
      13
      20
      15
      15
      13
      12
      10
      20
      20
      18
      14
       6
      12
      12
      13
      13
      19
      15
      13
      17
      18
      13
      14
      16
      13
      18
      11
      15
      16
      16
      13
      20
      22
      20
      21
      22
      20
      17
      26
      26
      19
      20
      27
      19
      26
      20
      18
      14
      21
      18
      17
      22
      12
      18
      11
      14
      10
      14
      13
       6
      17
       6
       8
      15
      14
      13
       4
      11
       9
       7
       9
      16
      17
      10
      10
      15
      11
       9
      12
       9
      13
      13
       9
      12
      14
      15
       7
       7
      10
      12
       6
       8
      10
       8
       7
       6
       9
      10
       7
       7
       5
       5
       4
       9
       9
       6
      10
       6
      12
       6
      10
       9
       6
       5
       7
       9
       8
       8
       6
      10
       6
       6
       4
       7
      15
       7
       3
       7
       6
       6
       6
       5
      10
      10
       6
       5
       9
       9
       6
      11
       3
       5
       9
       5
       2
      10
      12
       9
       5
       6
       5
       7
       8
       6
      12
       8
       5
      10
      12
      10
      14
       4
       8
       8
       6
      10
      10
       7
       5
      11
       3
      13
      11
      11
       5
       5
       6
       7
       5
       5
       5
       4
       4
      11
       9
      11
       8
      10
       2
       6
       4
       7
       9
       3
       9
       5
       3
       5
       5
       5
       3
       9
       8
       6
       6
       6
       6
       3
       3
       9
       7
       4
       5
       3
       6
       3
       3
       5
       8
       3
       2
       4
       4
       1
       2
       7
       5
       4
      11
       7
       4
      10
       6
       2
       7
       5
       5
       3
       7
       1
       5
       2
       3
       5
       6
       4
       7
      10
       3
       6
       2
       5
       3
       3
       6
       3
       7
       3
       2
       7
       7
       2
       4
       8
       4
       5
       4
       5
       6
       6
       4
       7
       2
       0
       5
       1
       5
       6
       8
      11
       5
       3
       5
       6
       5
       2
       8
       5
       8
      12
      11
       8
      10
       9
       5
      14
      11
      11
       7
      12
       9
       6
       2
      14
       5
       5
       4
       6
       5
       2
       9
       2
       4
       6
       5
       6
       7
       4
       1
       7
       2
       5
       3
       3
       2
       2
       5
       6
       3
       7
       4
       2
       3
       2
       3
       6
       5
       1
       5
       6
       3
       1
       5
       1
       2
       1
       7
       5
       4
       1
       6
       3
       4
       5
       5
       2
       6
       5
       5
       5
       1
       2
       3
       4
       8
       0
       4
       3
       6
       3
       5
       2
       3
       5
       2
       3
       4
       4
       3
       7
       2
       1
       3
       2
       0
       1
       1
       1
       3
       8
       1
       5
       3
       4
       4
       4
       1
       5
       1
       3
       2
       6
       3
       3
       7
       3
       2
       8
       3
       2
       3
       2
       6
       3
       5
       3
       3
       1
       4
       4
       5
       4
       4
       6
       5
       4
       2
       9
       2
       6
       3
       6
       4
       3
       4
       6
       6
       6
       1
      10
       5
       9
       8
       8
       6
       2
       3
       7
       6
       3
       5
       7
       3
       1
       5
       5
       6
       3
       4
       2
       6
       1
       4
       3
       6
       2
       2
       4
       2
       4
       2
       7
       0
       4
       4
       3
       1
       4
       1
       3
       1
       3
       3
       2
       0
       4
       3
       6
       1
       1
       2
       3
       2
       0
       0
       3
       2
       2
       1
       0
       0
       0
       2
       1
       1
       1
       3
       4
       2
       1
       1
       3
       2
       0
       1
       1
       0
       0
       1
       1
       1
       0
       1
       2
       1
       2
       3
       1
       1
       0
       3
       0
       0
       2
       3
       1
       2
       1
       2
       2
       2
       3
       1
       2
       6
       2
       2
       2
       3
       4
       2
       2
       4
       6
       6
       5
       3
       7
       9
       8
      11
       7
       8
       5
       4
       7
       6
      11
       8
      18
       8
      10
       8
       9
      10
      11
      10
       9
       7
      12
      11
       9
       7
      10
      13
       9
       9
       9
       6
       6
       6
       4
       5
       4
       3
       5
       6
       8
       0
       3
       1
       4
       4
       1
       1
       2
       1
       5
       1
       0
       2
       0
       0
       3
       2
       0
       3
       1
       1
       0
       0
       1
       1
       2
       0
       2
       1
       1
       1
       1
       0
       1
       2
       0
       0
       1
       1
       0
       1
       0
       2
       0
       1
       1
       2
       0
       3
       2
       1
       1
       1
       1
       2
       1
       1
       0
       2
       0
       2
       0
       0
       1
       0
       0
       1
       0
       0
       2
       3
       2
       0
       3
       0
       0
       2
       0
       0
       0
       0
       2
       0
       0
       3
       2
       0
       0
       1
       2
       0
       1
       1
       0
       0
       0
       4
       0
       1
       0
       2
       1
       5
       2
       0
       0
       1
       0
       1
       0
       1
       1
       0
       0
       2
       0
       2
       1
       3
       1
       1
       0
       1
       1
       2
       0
       1
       2
       1
       4
       2
       0
       0
       0
       2
       1
       2
       0
       0
       2
       0
       0
       1
       2
       0
       0
       1
       1
       1
       2
       0
       0
       0
       0
       2
       0
       1
       1
       1
       0
       0
       1
       0
       0
       0
       3
       0
       1
       1
       0
       1
       2
       1
       0
       0
       1
       0
       0
       0
       1
       1
       1
       2
       0
       4
       0
       1
       1
       0
       4
       0
       0
       1
       0
       1
       1
       0
       1
       0
       4
       1
       1
       0
       1
       2
       0
       1
       2
       0
       1
       1
       0
       3
       0
       1
       1
       0
       0
       0
       0
       0
       0
       0
       0
       0
       0
       1
       0
       1
       3
       1
       1
       0
       0
       0
       1
       0
       1
       1
       1
       1
       2
       1
       0
       0
       2
       0
       0
       0
       0
       1
       2
       2
       0
       1
       1
       2
       3
       1
       1
       0
       0
       2
       3
       0
       0
       1
       1
       0
       1
       1
       3
       0
       2
       2
       0
       0
       1
       1
       2
       0
       2
       0
       0
       1
       0
       0
       0
       1
       1
       0
       2
       1
       0
       1
       0
       1
       1
       0
       0
       0
       0
       1
       0
       2
       0
       1
       0
       0
       1
       0
       0
       0
       2
       1
       1
       0
       3
       3
       1
       1
       2
       2
       0
       0
       0
       1
       0
       0
       0
       0
       1
       2
       1
       0
       2
       1
       0
       2
       2
       0
       0
       2
       1
       0
       0
       0
       0
       1
       0
       0
       0
       0
       0
       1
       2
       0
       0
       1
       1
       1
       0
       0
       0
       0
       1
       1
       0
       0
       0
       1
       0
       0
       0
       0
       0
       2
       0
       1
       1
       2
       0
       1
       1
       0
       0
       1
       1
       1
       1
       0
       1
       2
       0
       0
       0
       1
       2
       2
       1
       0
       0
       0
       1
       0
       2
       1
       2
       0
       0
       3
       0
       1
       1
       0
       1
       2
       0
       0
       3
       0
       1
       1
       2
       0
       0
       0
       0
       1
       1
       2
       0
       1
       2
       1
       1
       0
       1
       0
       1
       0
       0
       2
       2
       0
       0
       1
       0
       1
       1
       1
       1
       0
       1
       1
       2
       0
       0
       0
       3
       1
       0
       0
       0
       0
       0
       0
       0
       0
       0
       0
       1
       0
       0
       1
       1
       0
       0
       0
       0
       0
       0
       1
       0
       0
       1
       2
       0
       1
       1
       1
       0
       2
       3
       0
       1
       0
       0
       1
       0
       0
       0
       0
       0
       0
       0
       0
       0
       0
       0
       1
       1
       1
       1
       0
       2
       1
       0
       2
       0
       0
       0
       0
       0
       2
       0
       0
       1
       2
       0
       1
       0
       0
       1
       1
       0
       1
       0
       0
       1
       0
       0
       0
       0
       0
       0
       0
       1
       0
       0
       1
       0
       0
       0
       2
       0
       0
       1
       0
       1
       0
       0
       1
       1
       0
       0
       1
       0
       2
       1
       0
       0
       1
       0
       0
       2
       0
       0
       0
       0
       1
       0
       0
       0
       0
       0
       0
       1
       0
       2
       1
       0
       0
       2
       0
       0
       0
       1
       0
       0
       1
       0
       1
       1
       0
       0
       0
       0
       0
       0
       0
       2
       0
       0
       0
       0
       0
       0
       0
       0
       0
       2
       1
       2
       0
       1
       1
       0
       2
       0
       0
       0
       0
       1
       0
       1
       0
       1
       0
       0
       0
       0
       0
       1
       0
       0
       0
       0
       0
       1
       0
       0
       0
       1
       0
       0
       1
       0
       0
       0
       0
       1
       1
       1
       1
       0
       1
       1
       1
       3
       1
       1
       1
       0
       0
       1
       0
       1
       0
       0
       0
       0
       1
       1
       2
       1
       2
       1
       0
       2
       0
       0
       0
       0
       1
       0
       0
       1
       0
       1
       0
       2
       1
       0
       1
       0
       0
       1
       0
       0
       0
       0
       0
       0
       0
       0
       1
       0
       0
       0
       0
       1
       0
       0
       0
       1
       0
       2
       0
       0
       0
       0
       0
       0
       0
       0
       4
       0
       0
       0
       0
       0
       2
       0
       1
       0
       0
       0
       0
       0
       0
       0
       1
       0
       1
       0
       0
       0
       0
       0
       0
       1
       0
       1
       1
       0
       0
       0
       0
       0
       0
       0
       1
       0
       0
       0
       0
       2
       1
       0
       0
       0
       0
       0
       0
       0
       0
       0
       0
       0
       0
       1
       0
       0
       0
       1
       0
       0
       1
       0
       0
       0
       0
       0
       1
       0
       0
       1
       0
       1
       0
       1
       0
       1
       2
       1
       1
       1
       0
       0
       0
       0
       0
       0
       1
       0
       0
       0
       0
       2
       0
       3
       0
       1
       1
       0
       0
       1
       0
       0
       0
       0
       0
       0
       0
       0
       0
       1
       2
       1
       0
       0
       2
       0
       1
       2
       0
       1
       0
       2
       2
       0
       0
       2
       1
       0
       1
       2
       0
       0
       1
       1
       0
       1
       0
       1
       2
       0
       0
       0
       0
       0
       2
       1
       1
       0
       0
       1
       0
       1
       0
       0
       0
       2
       0
       0
       2
       0
       0
       1
       0
       0
       0
       1
       2
       0
       1
       0
       0
       0
       1
       0
       1
       0
       0
       0
       0
       2
       1
       0
       1
       0
       0
       0
       2
       1
       1
       0
       0
       0
       1
       2
       1
       0
       0
       0
       0
       0
       0
       0
       2
       0
       1
       0
       1
       1
       0
       0
       0
       1
       0
       1
       0
       0
       1
       0
       1
       1
       0
       0
       0
       0
       1
       0
       2
       0
       0
       0
       0
       1
       0
       0
       0
       1
       0
       0
       0
       0
       1
       0
       0
       0
       0
       0
       0
       1
       0
       0
       2
       1
       1
       0
       1
       2
       2
       0
       1
       1
       0
       1
       2
       0
       0
       1
       0
       0
       0
       0
       0
       0
       0
       0
       1
       1
       0
       0
       0
       0
       0
       2
       1
       0
       1
       2
       0
       1
       0
       0
       0
       0
       0
       0
       1
       0
       1
       0
       0
       0
       0
       1
       1
       0
       1
       0
       0
       0
       0
       0
       0
       0
       0
       1
       0
       1
       1
       2
       1
       1
       1
       0
       0
       1
       0
       0
       0
       0
       2
       0
       1
       0
       0
       0
       2
       1
       0
       0
       0
       0
       0
       1
       0
       1
       0
       0
       0
       0
       0
       0
       0
       0
       0
       1
       0
       0
       0
       0
       0
       1
       0
       0
       1
       2
       1
       1
       0
       0
       0
       0
       2
       1
       2
       1
       1
       0
       0
       3
       0
       0
       3
       2
       0
       1
       0
       0
       1
       2
       0
       0
       0
       1
       0
       0
       0
       1
       0
       2
       2
       0
       2
       0
       2
       0
       0
       1
       2
       1
       0
       1
       0
       1
       0
       0
       0
       0
       0
       0
       1
       1
       0
       2
       2
       0
       0
       0
       1
       0
       1
       0
       0
       0
       0
       2
       0
       0
       0
       0
       0
       0
       0
       0
       0
       0
       0
       0
       0
       0
       0
       0
       0
       0
       0
       0
       0
       0
       0
       0
       0
       0
       0
       0
       0
       0
       0
       0
       0
       0
       0
       0
       0
       0
       0
       0
       0
       0
       0
       0
       0
       0
       0
       0
       0
       0
       0
       0
       0
       0
       0
       0
       0
       0
       0
       0
       0
       0
       0
       0
       0
       0
       0
       0
       0
       0
       0
       0
       0
       0
       0
       0
       0
       0
       0
       0
       0
       0
       0
       0
       0
       0
       0
       0
$ROI:
1
712 830
$PRESETS:
None
0
0
$ENER_FIT:
-23.656767 2.297974
$MCA_CAL:
3
-2.365677E+001 2.297974E+000 2.836717E-005 keV
$SHAPE_CAL:
3
0.000000E+000 0.000000E+000 0.000000E+000
