$SPEC_ID:
No sample description was entered.
$SPEC_REM:
DET# 1
DETDESC# DESKTOP-I499GD2 Easy-MCA-2k SN 18191655
AP# Maestro Version 7.01
$DATE_MEA:
02/29/2024 12:49:17
$MEAS_TIM:
38 38
$DATA:
0 2047
       0
       0
       0
       0
       0
       0
       0
       1
      43
      24
      42
      31
      27
      32
      40
      26
      38
      31
      33
      30
      28
      31
      47
      32
      40
      47
      25
      38
      39
      54
      57
      41
      44
      44
      41
      47
      55
      36
      53
      55
      55
      48
      45
      50
      77
      64
      68
      59
      57
      78
      79
      75
      99
      75
      97
      95
      94
      86
      94
      83
      67
      84
     105
      96
      89
      99
      95
      94
     101
      97
      96
      92
      88
      93
     100
      87
      93
      83
      92
      91
      85
     100
      94
      87
      74
     104
      94
      71
      89
      87
     102
     112
      89
      82
      77
      81
      94
      89
      82
      75
      81
      88
      74
      92
      94
      87
      85
      92
      91
      80
      89
      68
      76
      69
      90
      83
      69
      83
      73
      65
      70
      70
      71
      78
      78
      59
      68
      72
      72
      81
      59
      64
      52
      46
      65
      68
      67
      61
      52
      61
      55
      54
      48
      59
      47
      55
      53
      52
      53
      49
      51
      72
      59
      50
      40
      50
      56
      54
      46
      42
      51
      35
      42
      44
      44
      35
      41
      32
      44
      53
      44
      37
      28
      39
      39
      42
      37
      40
      38
      52
      37
      28
      51
      49
      38
      41
      30
      39
      34
      43
      41
      30
      39
      20
      37
      41
      31
      24
      30
      34
      38
      34
      30
      27
      23
      32
      40
      41
      31
      29
      39
      33
      26
      32
      47
      52
      53
      41
      52
      51
      58
      59
      71
      74
      75
      73
      64
      83
      75
      65
      95
      80
      83
      60
      60
      59
      73
      73
      39
      41
      38
      40
      37
      44
      27
      25
      29
      28
      20
      22
      20
      23
      27
      23
      20
      18
      33
      18
      24
      29
      15
      15
      30
      19
      27
      24
      21
      22
      23
      29
      18
      24
      25
      23
      25
      21
      15
      23
      28
      22
      22
      28
      24
      22
      24
      20
      24
      15
      18
      25
      15
      17
      10
      15
      33
      21
      19
      32
      24
      25
      26
      24
      18
      24
      28
      21
      11
      25
      20
      14
      12
      13
      14
      19
      23
      27
      19
      17
      16
      19
      17
      17
      15
      13
      20
      25
      21
      18
      24
      12
      11
      24
      15
      19
      24
      20
      20
      24
      21
      20
      21
      30
      21
      15
      23
      14
      24
      17
      19
      13
      20
      24
      20
      12
      23
      18
      23
      15
      15
      16
      15
      22
      14
      16
      17
      19
      26
      15
      16
      18
      16
      12
      20
      11
      13
      16
      23
      20
      20
      10
      16
      17
      13
      18
      21
      21
      19
      12
      13
      16
      15
      16
      10
      14
      22
      16
      12
      16
      19
      14
      13
      17
      15
      19
      15
      11
      15
      19
      14
      16
      18
      16
      10
      14
      16
      16
      21
      11
      15
      13
      11
      18
      12
      17
      14
      14
      14
      19
      16
      16
      15
       9
      17
      14
      17
      12
      12
       8
      11
      15
      18
      21
      13
      19
      14
      21
       9
      16
      19
      15
      13
      16
      17
      20
      11
      25
      16
      20
      15
      13
      16
      15
      13
      17
      11
      21
      14
      13
      17
      13
      15
      12
      20
      11
      15
      19
      16
      11
      19
      21
      22
      21
      14
      18
      19
      12
      14
      21
      15
      18
      23
       9
      20
      12
      17
      17
      17
      15
      17
      16
      17
      13
      18
      14
      19
      17
      13
      15
      10
      12
      15
      12
       6
      19
      19
      11
      13
      23
      15
      10
      18
      20
       7
       7
      14
      12
      24
      20
      10
      12
       6
       9
      16
      17
      13
      14
      12
      12
      24
      24
      20
      20
      11
      17
      13
      14
      15
      14
      20
      16
      20
      28
      22
      15
      21
      13
      15
      17
      22
      17
      15
      18
      16
      19
      19
      18
      19
      17
      13
       8
      16
       9
      11
      17
      19
      17
      18
      19
      20
      18
      17
      17
      12
       9
       8
      16
      24
      16
      11
      15
      13
      16
      21
      16
      15
      16
      14
      18
      18
       7
      13
      21
      17
      15
      17
      14
      17
      13
      17
      13
      10
      19
      16
      19
      23
      12
      16
      13
      11
      21
      21
      19
      15
      15
      13
      14
      13
      18
      18
      16
      24
      16
      21
      19
      17
      24
      18
      25
      10
      18
      17
       9
      10
      28
      26
      19
      15
      10
      15
      16
      20
      19
      15
      20
      23
       9
      14
       9
      12
      12
      13
      13
       8
      19
      10
      14
      12
      13
      11
       9
      13
      12
      12
       5
       6
      10
       7
      15
      10
       8
       4
       7
       8
       9
       9
       4
       7
       9
       9
       4
       9
       9
       6
       2
       5
       9
       5
       5
       6
       7
       8
      11
      11
       7
       5
      14
       3
       8
       5
       8
       7
       4
      11
       1
      10
       3
       4
       7
       6
       0
       3
       3
       8
       8
       4
       7
       7
      11
       5
       8
      10
      14
      17
       8
      11
      18
      16
      21
      14
      27
      25
      21
      35
      20
      33
      24
      39
      25
      41
      32
      48
      39
      64
      50
      60
      61
      45
      55
      56
      56
      58
      53
      61
      49
      66
      50
      41
      48
      58
      45
      42
      46
      40
      56
      46
      39
      38
      35
      32
      33
      22
      38
      16
      24
      22
      27
      17
      14
      20
      16
      12
      14
      11
      10
       7
       9
      12
       6
       5
       9
       6
       9
       8
       7
       3
       7
       3
       7
       3
       5
       1
       6
       7
       1
       5
       5
       5
       7
       3
       6
       6
       8
       7
       0
       4
       7
       4
       7
       3
       5
       5
       3
       3
       2
       4
       2
       6
       3
       7
       2
       3
       4
       7
       3
       6
       5
       4
       6
       4
       6
       2
       3
       5
       3
       3
       8
       3
       3
       4
       2
       4
       5
       6
       5
       3
       5
       4
       2
       6
       2
       3
       4
       3
       5
       3
       6
       4
       3
       7
       3
       5
       6
       5
       4
       6
       5
       2
      10
       4
       2
       5
       5
       2
       2
       3
       1
       4
      10
       6
       5
       9
       4
       5
       6
      10
       7
       6
       8
       7
       6
       3
       5
       4
       3
       0
       4
       8
       4
       8
       8
       1
       5
       3
       4
       6
       0
       3
       4
       5
       1
       2
       6
       2
       1
       4
       3
       4
       2
       2
       4
       6
       3
       1
       5
       5
       3
       3
       4
       5
       3
       1
       1
       7
       3
       4
       2
       6
       3
       5
       0
       5
       1
       4
      10
       1
       7
       1
       2
       3
       5
       8
       2
       6
       4
       4
       1
       6
       7
       3
       6
       6
       6
       8
       5
       3
       7
       6
       5
       8
       3
       7
       2
       6
       6
       3
       5
       6
       4
       8
       5
       6
       8
       8
       6
       8
       5
       7
       5
       4
       7
       3
       3
       3
       4
      10
       3
       4
       2
       6
       5
       1
       5
       6
       3
       5
       3
       3
       3
       5
       7
       4
       5
       4
       4
       6
       2
       3
       4
       1
       5
       6
       2
       5
       5
       3
       6
       5
       3
       4
       4
       5
       8
       8
       8
       4
       4
       0
       3
       2
       2
       3
       7
       2
       2
      13
       3
      11
       3
       3
       6
       8
       6
       4
       8
       3
       3
       0
       6
       2
       2
       3
       3
       2
       4
       3
       3
       4
       3
       4
       2
       2
       1
       0
       5
       2
       2
       4
       2
       1
       3
       3
       5
       1
       5
       2
       4
       3
       4
       5
       2
       3
       1
       3
       1
       4
       2
       1
       7
       3
       3
       7
       2
       2
       7
       3
       2
       3
       2
       2
       4
       3
       4
       2
       3
       5
       2
       3
       1
       3
       2
       2
       5
       2
       1
       1
       4
       6
       3
       7
       4
       2
       6
       2
       0
       2
       5
       1
       4
       3
       2
       3
       3
       1
       4
       1
       5
       2
       3
       4
       4
       5
       5
      10
       3
       3
       5
       4
      11
       5
       5
       5
       4
       8
       3
       4
       4
       9
       3
       8
       5
       6
       4
       8
       5
       1
       4
       7
       4
      10
       4
       7
       9
       4
      10
       5
       6
       6
       9
       6
       6
       9
       3
       6
       6
       3
       3
       8
      10
       3
       5
       6
       4
       3
       4
       2
       4
       3
       5
       3
       2
       2
       4
       1
       2
       5
       5
       7
       5
       4
       0
       1
       3
       1
       3
       3
       1
       3
       3
       2
       5
       3
       2
       0
       3
       1
       2
       4
       5
       2
       2
       2
       1
       3
       1
       3
       0
       3
       1
       2
       3
       2
       4
       2
       1
       3
       3
       2
       4
       0
       2
       1
       3
       2
       3
       0
       3
       1
       1
       2
       2
       3
       1
       2
       3
       4
       3
       0
       3
       0
       2
       1
       3
       3
       4
       1
       2
       2
       1
       2
       4
       3
       5
       2
       3
       1
       2
       4
       3
       3
       1
       4
       2
       4
       6
       1
       0
       4
       3
       3
       2
       2
       4
       1
       4
       0
       2
       4
       0
       3
       1
       2
       2
       4
       2
       2
       0
       2
       3
       3
       3
       4
       2
       5
       3
       1
       1
       1
       3
       3
       2
       3
       4
       5
       1
       4
       1
       2
       6
       2
       5
       4
       1
       2
       2
       1
       5
       3
       2
       0
       0
       4
       4
       3
       0
       3
       1
       2
       0
       3
       3
       3
       3
       2
       0
       1
       2
       3
       1
       4
       2
       3
       2
       1
       2
       4
       5
       3
       4
       0
       2
       3
       1
       0
       3
       3
       0
       0
       4
       2
       5
       2
       3
       4
       1
       3
       4
       4
       2
       2
       1
       1
       0
       0
       3
       5
       2
       2
       4
       0
       1
       6
       1
       1
       2
       1
       3
       5
       0
       3
       7
       4
       4
       5
       3
       4
       3
       1
       4
       4
       0
       4
       1
       1
       1
       2
       0
       3
       2
       1
       2
       3
       2
       1
       0
       3
       0
       0
       4
       5
       2
       3
       3
       1
       0
       2
       0
       0
       4
       2
       3
       0
       0
       6
       3
       2
       1
       4
       2
       2
       2
       4
       3
       3
       6
       2
       3
       2
       1
       2
       1
       2
       4
       5
       2
       1
       2
       1
       0
       1
       2
       4
       2
       3
       5
       2
       2
       0
       1
       4
       2
       0
       1
       1
       5
       0
       2
       1
       3
       2
       2
       3
       3
       0
       3
       1
       5
       5
       0
       3
       4
       1
       2
       0
       6
       2
       2
       3
       4
       3
       2
       4
       3
       0
       1
       3
       3
       0
       3
       2
       4
       1
       3
       1
       5
       1
       4
       2
       2
       1
       0
       3
       2
       2
       3
       2
       1
       0
       3
       1
       0
       2
       0
       2
       1
       4
       1
       1
       3
       4
       4
       3
       0
       5
       2
       3
       1
       3
       2
       5
       0
       1
       1
       0
       3
       3
       2
       2
       1
       4
       4
       2
       5
       2
       3
       3
       5
       0
       4
       4
       2
       2
       0
       1
       3
       4
       4
       1
       1
       0
       4
       2
       3
       3
       2
       2
       1
       3
       6
       2
       0
       2
       3
       3
       1
       3
       2
       1
       0
       1
       3
       1
       1
       2
       0
       3
       2
       0
       1
       3
       1
       6
       1
       1
       2
       0
       4
       1
       3
       3
       2
       4
       2
       1
       2
       5
       2
       4
       3
       3
       1
       1
       2
       2
       6
       3
       0
       5
       1
       2
       4
       2
       2
       1
       1
       1
       1
       1
       3
       3
       4
       0
       2
       2
       3
       3
       3
       1
       0
       2
       2
       2
       3
       3
       6
       2
       5
       3
       5
       1
       0
       1
       0
       2
       0
       2
       4
       3
       2
       3
       3
       4
       4
       3
       3
       0
       3
       4
       0
       5
       4
       2
       3
       2
       3
       2
       3
       2
       1
       2
       2
       2
       3
       1
       2
       0
       4
       3
       2
       0
       1
       2
       1
       4
       3
       1
       4
       8
       1
       2
       5
       2
       3
       3
       2
       3
       2
       2
       4
       3
       1
       3
       1
       3
       4
       4
       2
       0
       1
       3
       2
       3
       1
       5
       4
       0
       3
       1
       5
       1
       1
       1
       5
       4
       4
       1
       2
       0
       3
       1
       3
       0
       3
       1
       1
       1
       2
       2
       2
       1
       1
       2
       2
       1
       3
       2
       3
       2
       3
       3
       2
       2
       0
       0
       3
       1
       7
       2
       1
       3
       4
       5
       1
       4
       3
       2
       3
       2
       1
       2
       2
       4
       4
       2
       4
       3
       5
       3
       5
       2
       1
       3
       4
       2
       4
       2
       3
       1
       6
       3
       1
       1
       2
       1
       1
       0
       2
       3
       5
       5
       5
       2
       2
       3
       4
       2
       5
       1
       2
       1
       1
       4
       2
       2
       3
       1
       2
       5
       3
       3
       1
       0
       2
       5
       2
       5
       2
       0
       1
       0
       5
       0
       5
       2
       0
       1
       4
       5
       2
       4
       3
       1
       4
       1
       4
       2
       4
       1
       3
       4
       3
       4
       1
       5
       2
       0
       2
       3
       4
       1
       2
       0
       7
       3
       2
       3
       1
       4
       0
       1
       4
       1
       1
       0
       1
       0
       0
       0
       0
       0
       0
       0
       0
       0
       0
       0
       0
       0
       0
       0
       0
       0
       0
       0
       0
       0
       0
       0
       0
       0
       0
       0
       0
       0
       0
       0
       0
       0
       0
       0
       0
       0
       0
       0
       0
       0
       0
       0
       0
       0
       0
       0
       0
       0
       0
       0
       0
       0
       0
       0
       0
       0
       0
       0
       0
       0
       0
       0
       0
       0
       0
       0
       0
       0
       0
       0
       0
       0
       0
       0
       0
       0
       0
       0
       0
       0
       0
       0
       0
$ROI:
1
712 830
$PRESETS:
None
0
0
$ENER_FIT:
-23.656767 2.297974
$MCA_CAL:
3
-2.365677E+001 2.297974E+000 2.836717E-005 keV
$SHAPE_CAL:
3
0.000000E+000 0.000000E+000 0.000000E+000
