$SPEC_ID:
No sample description was entered.
$SPEC_REM:
DET# 1
DETDESC# DESKTOP-I499GD2 Easy-MCA-2k SN 18191655
AP# Maestro Version 7.01
$DATE_MEA:
02/29/2024 11:58:55
$MEAS_TIM:
75 75
$DATA:
0 2047
       0
       0
       0
       0
       0
       0
       0
       0
      18
      16
      16
      17
      22
      18
      16
      22
      15
      15
      28
      24
       7
      19
      12
      21
      24
      20
      23
      25
      32
      37
      35
      26
      33
      24
      31
      27
      23
      28
      23
      33
      34
      41
      42
      42
      55
      48
      42
      34
      67
      61
      53
      59
      52
      58
      87
      66
      74
      72
      76
      79
      86
      76
      67
      83
      77
      86
      89
      76
      81
      92
      80
      84
      73
      75
      84
      83
      68
      86
      78
      81
      82
      76
      69
      67
      71
      79
      69
      82
      83
      70
      72
      60
      56
      67
      72
      62
      54
      57
      63
      66
      57
      56
      61
      53
      52
      64
      58
      47
      59
      58
      59
      62
      47
      40
      57
      55
      45
      51
      49
      37
      35
      39
      47
      47
      39
      40
      57
      55
      28
      37
      43
      34
      32
      33
      43
      33
      41
      26
      39
      42
      33
      37
      30
      25
      34
      38
      32
      26
      31
      22
      29
      36
      42
      37
      36
      34
      26
      24
      24
      32
      28
      28
      21
      27
      27
      28
      35
      30
      21
      18
      16
      20
      23
      21
      21
      14
      26
      18
      23
      13
      26
      18
      14
      20
      16
      20
      16
      16
      13
      28
      18
      28
      18
      22
      15
      23
      16
      19
      16
      11
      19
      16
      12
      18
      14
      15
      13
      18
      13
      10
       8
      20
      17
      24
      22
      17
      18
       9
      22
      18
      14
      22
      21
      25
      20
      22
      30
      23
      26
      26
      13
      14
      22
      16
      22
      21
      16
      19
      17
      15
      12
      14
      11
      10
      14
      11
       6
      17
      12
      17
      15
       9
      11
      10
      11
       6
      17
       9
       8
       9
      14
       9
       8
      11
       8
      18
      20
       7
       9
      15
      13
      18
      12
       4
       9
      14
      13
       8
       9
      10
       8
      13
      10
       9
       8
      10
       5
      12
       6
       4
      10
       9
       7
       6
      11
       5
       7
       5
       5
       4
       7
       9
      10
       7
      10
       4
      13
       6
       4
       6
       5
       5
       6
       5
      12
       7
       7
       7
       6
       9
       7
      11
       6
      12
       6
       5
      10
      10
       6
       7
       8
       8
       8
       8
      13
       8
       6
       5
       5
      12
       9
      10
       5
       6
       7
       7
       7
       5
      14
      12
       7
       6
       8
      11
      11
      11
       9
      13
      13
       9
       9
      10
      10
      13
       7
      10
      10
       9
      16
       9
       8
       8
      12
       6
       5
       6
       5
       8
       6
       7
       4
       9
       6
       6
      11
       7
       9
       4
       4
       6
       6
       9
       8
       4
       6
       7
       6
       4
       3
       5
       4
       4
       6
       5
       8
       8
       5
       5
       7
       5
       3
       2
       7
       5
       6
       8
       6
       4
       6
       8
       6
       4
       8
       5
       6
       7
       3
       8
       8
       9
       3
       0
       1
       3
       6
       7
       4
       4
       4
       2
       8
       2
       4
       6
       5
       2
       3
       3
       3
       6
       7
       4
       3
       5
       5
       7
       3
       5
       2
       2
       1
       3
       4
       4
       6
       2
       7
       5
       4
       7
       4
      11
       8
       4
       9
      10
      15
       8
      10
       5
       8
       9
      12
      15
      13
      16
      10
      11
      16
       5
       8
      11
       7
       5
       8
       9
       6
       8
       7
      10
       9
       7
       3
       4
       5
       5
       3
       5
       4
       4
       2
       3
       5
       3
       5
       1
       2
       5
       5
       1
       4
       2
       5
       6
       6
       6
       1
       0
       7
       2
       4
       3
       3
       4
       4
       5
       5
       3
       4
       6
       1
       3
       5
       3
       2
       1
       1
       6
       5
       7
       3
       7
       4
       6
       1
       2
       7
       1
       4
       0
       5
       2
       2
       5
       6
       2
       2
       3
       7
       0
       0
       3
       2
       5
       4
       2
       3
       0
       2
       3
       0
       0
       5
       0
       3
       1
       1
       1
       3
       0
       3
       0
       1
       3
       1
       2
       3
       3
       5
       5
       4
       2
       1
       2
       0
       4
       1
       4
       6
       1
       6
       3
       0
       2
       3
       3
       3
       4
       7
       4
       2
       2
       8
       1
       7
       7
       4
       5
       9
       9
       3
       9
       5
       2
       3
       4
       5
       7
       7
       4
       6
       3
       5
       9
       8
       4
       3
       3
       5
       3
       1
       2
       4
       3
       2
       3
       2
       1
       2
       1
       2
       1
       3
       1
       2
       2
       2
       4
       0
       2
       0
       1
       1
       0
       1
       2
       4
       3
       0
       0
       0
       2
       0
       1
       2
       0
       3
       1
       0
       2
       1
       1
       0
       3
       1
       1
       2
       1
       0
       3
       1
       3
       1
       1
       1
       1
       1
       1
       0
       0
       0
       1
       1
       1
       1
       2
       2
       0
       0
       1
       0
       3
       1
       1
       0
       2
       0
       1
       1
       0
       1
       3
       3
       0
       2
       2
       2
       0
       3
       1
       1
       4
       4
       1
       3
       0
       2
       1
       7
       1
       4
       2
       5
       7
       5
       6
       4
       2
       5
       4
       4
       8
       4
       7
       5
       6
       9
       2
       7
       9
       4
       3
       7
       6
       6
       9
       2
       2
       2
       4
       1
       2
       5
       4
       2
       2
       0
       1
       2
       2
       0
       1
       1
       1
       2
       1
       3
       1
       0
       0
       1
       3
       2
       0
       0
       0
       0
       1
       0
       1
       0
       1
       1
       0
       0
       0
       1
       1
       0
       2
       0
       2
       1
       0
       0
       0
       0
       0
       0
       0
       0
       1
       1
       1
       2
       1
       0
       1
       0
       0
       0
       0
       0
       0
       0
       1
       1
       1
       1
       0
       0
       1
       2
       2
       0
       1
       0
       1
       1
       0
       0
       0
       1
       0
       0
       1
       1
       4
       1
       0
       0
       1
       1
       0
       1
       0
       1
       2
       0
       0
       0
       0
       0
       0
       1
       1
       2
       1
       0
       0
       0
       0
       0
       0
       1
       0
       0
       1
       1
       0
       0
       2
       0
       0
       0
       0
       0
       3
       1
       2
       3
       1
       3
       1
       1
       1
       1
       2
       1
       0
       2
       1
       0
       0
       0
       2
       1
       0
       1
       1
       0
       0
       1
       0
       0
       0
       0
       0
       1
       1
       1
       2
       1
       0
       0
       0
       1
       1
       3
       3
       0
       0
       2
       0
       0
       0
       1
       2
       1
       0
       0
       0
       1
       1
       0
       0
       0
       0
       1
       0
       0
       0
       1
       0
       0
       0
       0
       1
       1
       0
       1
       0
       4
       1
       1
       0
       1
       0
       1
       0
       0
       0
       1
       1
       0
       1
       0
       0
       0
       1
       1
       0
       1
       1
       0
       2
       1
       0
       2
       0
       0
       0
       1
       0
       0
       0
       0
       1
       0
       0
       0
       2
       0
       2
       0
       1
       1
       1
       0
       0
       0
       1
       0
       0
       0
       1
       0
       0
       0
       1
       0
       0
       2
       0
       1
       0
       2
       1
       1
       1
       0
       0
       1
       1
       1
       0
       0
       1
       1
       0
       0
       1
       0
       1
       0
       2
       1
       1
       1
       0
       1
       2
       0
       1
       0
       0
       0
       0
       1
       0
       1
       1
       0
       0
       0
       0
       0
       0
       1
       1
       1
       0
       1
       0
       2
       3
       1
       4
       0
       1
       1
       0
       0
       1
       0
       2
       1
       3
       1
       2
       0
       0
       0
       0
       2
       2
       0
       3
       0
       1
       0
       1
       0
       0
       1
       0
       0
       2
       1
       0
       1
       0
       1
       0
       0
       0
       2
       1
       0
       1
       1
       0
       0
       1
       0
       0
       0
       1
       1
       0
       1
       1
       1
       0
       0
       0
       0
       0
       0
       1
       0
       0
       0
       0
       0
       0
       0
       1
       0
       0
       2
       1
       1
       0
       0
       2
       0
       1
       0
       0
       1
       2
       1
       0
       1
       0
       0
       1
       0
       2
       0
       0
       0
       0
       1
       0
       1
       0
       0
       1
       0
       0
       1
       1
       0
       1
       0
       0
       0
       0
       1
       0
       1
       1
       0
       0
       0
       0
       0
       0
       1
       0
       0
       1
       0
       0
       0
       1
       1
       1
       0
       0
       1
       1
       1
       0
       0
       1
       0
       0
       0
       0
       0
       0
       1
       0
       0
       1
       0
       0
       1
       0
       0
       0
       1
       1
       0
       1
       0
       0
       0
       0
       0
       0
       0
       1
       0
       0
       0
       0
       0
       0
       0
       0
       0
       1
       0
       1
       0
       0
       0
       0
       0
       0
       0
       0
       0
       0
       0
       0
       0
       1
       2
       1
       0
       0
       0
       0
       0
       0
       0
       0
       0
       0
       1
       1
       0
       0
       0
       0
       0
       0
       0
       1
       1
       0
       0
       0
       0
       0
       0
       0
       2
       0
       0
       0
       0
       0
       0
       0
       2
       0
       0
       1
       0
       1
       1
       1
       0
       1
       0
       0
       0
       0
       0
       0
       2
       0
       1
       0
       0
       1
       1
       0
       0
       0
       1
       0
       2
       0
       0
       0
       0
       0
       0
       1
       0
       1
       0
       0
       0
       0
       1
       0
       1
       0
       0
       0
       0
       0
       0
       0
       0
       0
       0
       1
       0
       0
       0
       0
       0
       0
       0
       0
       0
       0
       0
       0
       0
       2
       2
       0
       0
       0
       0
       0
       0
       0
       0
       0
       1
       1
       0
       0
       0
       0
       0
       0
       0
       0
       0
       0
       0
       0
       3
       0
       0
       1
       0
       1
       0
       0
       0
       1
       0
       0
       0
       0
       2
       0
       0
       0
       0
       0
       0
       0
       0
       0
       0
       0
       1
       0
       0
       0
       0
       0
       1
       0
       0
       0
       0
       0
       0
       1
       0
       0
       0
       0
       0
       0
       0
       0
       0
       0
       1
       0
       0
       0
       1
       1
       0
       0
       0
       0
       0
       0
       0
       1
       1
       0
       0
       0
       0
       0
       1
       0
       1
       0
       0
       0
       0
       0
       0
       0
       0
       0
       0
       0
       0
       0
       0
       2
       0
       0
       0
       0
       0
       0
       1
       1
       0
       0
       0
       0
       0
       0
       0
       0
       0
       0
       0
       0
       0
       0
       0
       0
       0
       1
       0
       0
       1
       0
       0
       0
       1
       0
       0
       0
       0
       1
       0
       2
       0
       0
       1
       1
       0
       1
       0
       0
       1
       0
       0
       0
       2
       0
       0
       0
       0
       0
       2
       2
       0
       0
       0
       1
       0
       0
       0
       0
       2
       0
       0
       0
       0
       0
       0
       0
       0
       0
       1
       0
       1
       0
       0
       2
       0
       1
       0
       0
       0
       0
       1
       0
       0
       0
       0
       0
       0
       1
       0
       0
       0
       1
       0
       0
       0
       1
       0
       0
       0
       0
       0
       1
       0
       0
       1
       0
       1
       1
       0
       0
       1
       0
       0
       0
       0
       0
       0
       0
       0
       1
       0
       0
       0
       0
       0
       0
       1
       0
       1
       0
       0
       1
       0
       0
       0
       1
       0
       0
       0
       2
       0
       0
       0
       0
       0
       0
       1
       0
       1
       0
       0
       0
       0
       0
       0
       0
       2
       0
       0
       0
       1
       0
       0
       0
       1
       0
       1
       0
       0
       0
       0
       1
       1
       0
       0
       0
       1
       0
       1
       0
       0
       1
       0
       0
       0
       0
       0
       0
       3
       0
       0
       0
       0
       0
       0
       0
       0
       1
       0
       0
       0
       1
       0
       0
       0
       0
       0
       1
       0
       0
       0
       0
       0
       0
       0
       2
       0
       0
       2
       0
       0
       1
       0
       0
       0
       0
       1
       0
       0
       0
       0
       1
       0
       0
       1
       1
       1
       0
       0
       0
       0
       1
       1
       0
       0
       1
       3
       1
       0
       0
       0
       1
       0
       0
       0
       0
       0
       1
       1
       0
       1
       0
       0
       0
       0
       0
       0
       0
       0
       0
       0
       0
       0
       0
       1
       0
       0
       0
       0
       0
       0
       0
       0
       0
       1
       0
       0
       0
       1
       0
       1
       0
       0
       0
       0
       0
       0
       0
       0
       0
       0
       0
       1
       0
       0
       0
       0
       0
       1
       2
       0
       0
       1
       2
       0
       0
       2
       0
       0
       0
       0
       0
       0
       0
       0
       0
       0
       0
       0
       0
       0
       0
       0
       0
       0
       0
       0
       2
       0
       0
       0
       0
       0
       1
       0
       0
       0
       0
       1
       0
       0
       1
       0
       0
       1
       0
       0
       0
       0
       0
       0
       0
       1
       0
       1
       0
       0
       1
       0
       0
       0
       0
       0
       0
       0
       1
       0
       1
       1
       0
       0
       0
       0
       0
       0
       1
       0
       0
       0
       0
       0
       1
       0
       1
       0
       0
       0
       0
       0
       2
       1
       0
       0
       0
       1
       1
       0
       0
       0
       1
       0
       0
       0
       0
       0
       1
       1
       0
       0
       0
       0
       0
       0
       0
       0
       2
       1
       0
       0
       0
       0
       1
       0
       0
       0
       0
       0
       0
       0
       0
       0
       2
       0
       0
       0
       0
       0
       0
       0
       0
       0
       0
       0
       0
       0
       0
       0
       0
       0
       0
       0
       0
       0
       0
       0
       0
       0
       0
       0
       0
       0
       0
       0
       0
       0
       0
       0
       0
       0
       0
       0
       0
       0
       0
       0
       0
       0
       0
       0
       0
       0
       0
       0
       0
       0
       0
       0
       0
       0
       0
       0
       0
       0
       0
       0
       0
       0
       0
       0
       0
       0
       0
       0
       0
       0
       0
       0
       0
       0
       0
       0
       0
       0
       0
       0
       0
$ROI:
1
712 830
$PRESETS:
None
0
0
$ENER_FIT:
-23.656767 2.297974
$MCA_CAL:
3
-2.365677E+001 2.297974E+000 2.836717E-005 keV
$SHAPE_CAL:
3
0.000000E+000 0.000000E+000 0.000000E+000
