$SPEC_ID:
No sample description was entered.
$SPEC_REM:
DET# 1
DETDESC# DESKTOP-I499GD2 Easy-MCA-2k SN 18191655
AP# Maestro Version 7.01
$DATE_MEA:
02/29/2024 11:56:52
$MEAS_TIM:
70 70
$DATA:
0 2047
       0
       0
       0
       0
       0
       0
       0
       1
      19
      20
      20
      12
      13
      14
      24
      14
      22
      20
      23
      23
      25
      21
      31
      27
      16
      15
      26
      31
      28
      32
      31
      36
      48
      42
      31
      32
      37
      34
      31
      38
      42
      38
      43
      39
      49
      56
      54
      61
      68
      53
      69
      70
      71
      67
      66
      70
      86
      72
      76
      81
      86
      88
      79
      72
      79
      75
     101
      85
     106
      79
      87
      64
      96
      99
      77
      91
      71
      82
      87
      85
      90
      93
      87
      69
      81
      78
      81
      66
      76
      67
      83
      53
      65
      81
      60
      76
      57
      75
      55
      61
      64
      70
      68
      63
      53
      68
      78
      68
      66
      63
      63
      58
      54
      56
      53
      54
      66
      58
      47
      51
      63
      37
      42
      50
      48
      35
      48
      48
      40
      44
      45
      36
      41
      36
      38
      46
      37
      56
      26
      39
      36
      35
      31
      44
      31
      35
      40
      31
      33
      39
      41
      31
      39
      27
      28
      22
      36
      32
      39
      24
      35
      39
      35
      24
      26
      30
      27
      28
      35
      24
      32
      23
      25
      29
      26
      23
      15
      14
      26
      15
      24
      24
      17
      21
      15
      22
      26
      17
      26
      22
      22
      27
      16
      20
      18
      19
      14
      22
      19
      18
      18
      21
      18
      15
      17
      18
      18
      23
      30
      12
      21
      24
      25
       9
      18
      19
      27
      32
      21
      24
      21
      23
      34
      32
      35
      25
      33
      29
      32
      35
      42
      27
      32
      31
      23
      29
      30
      20
      25
      21
      13
      18
      21
       7
      18
      14
      16
      12
      16
      10
      14
       9
      12
      18
      11
      13
      15
      17
      16
      12
      23
      14
      17
      14
       8
      11
      16
      17
      17
      16
      14
      19
      22
      17
      17
      15
      10
      17
      10
      11
      15
      11
      15
       8
      10
      12
       7
      12
      19
      15
      11
      10
       9
       8
      12
      16
       7
       9
       4
      13
       6
      16
       7
       9
      10
       8
      11
       8
       8
       5
       5
       7
      11
      12
      12
       8
       7
      12
       7
      15
       8
      14
      10
      16
      14
       8
       7
       8
      11
      11
       8
      12
       7
      13
      15
      10
       6
      10
      11
      12
       5
      13
       7
       5
       3
      14
      12
       8
       9
      11
       8
       8
       7
      10
       6
      10
      13
      17
      13
      13
      11
       6
      14
       9
       6
      13
      10
      13
      12
      13
      13
      12
       9
       9
      16
      13
      10
       8
      12
       8
      13
       2
       8
       6
       8
       4
       7
      11
      12
       6
      16
      10
       4
       9
      10
       9
       3
      13
       8
       8
       3
       7
       8
      11
       7
       4
       5
       8
       8
       4
       7
       9
       6
       6
       8
       4
       5
       7
       6
       6
       5
       3
       4
       5
       3
      10
       5
       4
       6
       6
       6
       8
       7
       8
       0
       6
       6
       7
       4
       6
      12
       6
       5
       7
       5
       7
      10
       8
       7
       7
       8
       3
       6
       6
       3
       8
       5
       3
       3
       5
       8
       4
       5
       5
      10
       8
       4
       2
       8
       4
       7
       8
       7
      13
       9
      10
      10
      17
      10
       9
      16
       8
       9
      13
      18
      11
      13
      13
       6
      12
      13
      14
      14
       8
       9
      14
       7
       9
      12
       8
       2
      10
       1
       8
       4
       8
       8
       6
       4
       4
       7
       6
       5
       5
       3
       4
       7
       8
       5
       5
       2
       5
       3
       8
       5
       5
       8
       6
       5
       4
       8
       2
       5
       8
       6
       5
       6
      12
       1
       1
       6
       3
       5
       3
       4
       4
       8
       3
       6
       6
       7
       7
       4
       7
       7
      11
       6
       3
       6
       9
       6
       5
       5
       9
       5
       3
       4
       5
       3
       5
       5
       3
       3
       4
       2
       3
       5
       4
       2
       4
       2
       4
       5
       3
       4
       5
       2
       1
       6
       6
      10
       2
      14
       3
       4
       3
       6
       6
       1
       0
       4
       6
       3
       5
       4
       5
       5
       2
       5
       0
       6
       7
       5
       4
       8
       6
       3
       6
      10
       8
       9
       9
       9
       7
      11
       9
       5
       7
       9
       6
       9
       8
       3
      12
       7
       3
       6
       9
      10
       5
       7
       9
       7
       9
       6
       7
       4
       5
       1
       6
       1
       4
       3
       2
       7
       3
       8
       6
       2
       3
       3
       3
       6
       3
       3
       9
       4
       1
       6
       3
       1
       3
       2
       5
       7
       3
       5
       5
       3
       1
       2
       2
       4
       2
       0
       5
       1
       2
       1
       1
       1
       1
       1
       0
       1
       4
       4
       1
       3
       1
       2
       1
       4
       0
       1
       1
       1
       2
       1
       3
       2
       1
       2
       1
       2
       1
       2
       1
       4
       0
       2
       2
       2
       1
       4
       4
       1
       2
       0
       2
       4
       4
       7
       2
       4
       6
       3
       8
       6
       4
       3
       8
       4
      11
       4
       9
      10
       8
       2
       7
      10
      11
      13
       9
      14
       8
      17
       9
      17
      14
      12
       7
      10
      10
      16
      17
      16
       5
      12
      15
      11
      12
      15
      14
       5
       7
      12
      11
       5
       6
       7
       8
       4
       8
       2
       3
       6
       4
       4
       6
       6
       6
       4
       2
       5
       3
       1
       2
       3
       1
       2
       3
       2
       1
       1
       3
       0
       1
       0
       5
       3
       1
       2
       1
       2
       6
       2
       1
       3
       1
       0
       2
       1
       3
       1
       1
       2
       3
       2
       0
       1
       3
       2
       1
       0
       0
       3
       2
       0
       0
       3
       0
       3
       1
       0
       0
       0
       0
       3
       0
       2
       0
       1
       1
       2
       0
       1
       0
       1
       2
       1
       0
       1
       0
       2
       0
       0
       0
       0
       1
       0
       1
       2
       0
       3
       3
       1
       1
       1
       0
       1
       1
       0
       0
       0
       0
       1
       1
       1
       2
       2
       1
       1
       0
       0
       1
       1
       0
       0
       2
       1
       0
       3
       4
       1
       2
       1
       0
       2
       2
       2
       0
       2
       2
       1
       1
       1
       0
       2
       1
       1
       0
       0
       1
       0
       2
       2
       2
       1
       1
       2
       4
       0
       0
       0
       1
       3
       0
       0
       0
       1
       2
       1
       2
       2
       3
       0
       2
       4
       1
       1
       1
       0
       2
       2
       0
       1
       2
       1
       1
       2
       1
       1
       0
       2
       2
       1
       1
       0
       0
       1
       1
       4
       0
       0
       0
       2
       3
       0
       3
       0
       1
       1
       3
       1
       2
       1
       1
       2
       1
       1
       1
       1
       1
       0
       0
       1
       0
       1
       0
       2
       2
       3
       1
       2
       2
       2
       2
       0
       0
       0
       0
       1
       1
       1
       1
       1
       0
       2
       1
       0
       0
       2
       0
       0
       0
       2
       1
       1
       1
       0
       0
       1
       0
       1
       0
       1
       2
       3
       3
       1
       4
       0
       2
       1
       1
       2
       1
       0
       3
       1
       1
       0
       0
       0
       0
       1
       0
       1
       1
       0
       0
       1
       1
       0
       0
       2
       1
       2
       4
       3
       1
       1
       2
       0
       2
       3
       0
       1
       1
       3
       3
       0
       3
       1
       0
       1
       1
       0
       1
       0
       0
       2
       1
       1
       0
       0
       0
       2
       2
       4
       0
       1
       0
       0
       1
       0
       0
       2
       0
       1
       3
       2
       2
       0
       1
       0
       2
       3
       0
       1
       1
       0
       1
       4
       0
       0
       0
       3
       1
       0
       0
       1
       0
       0
       0
       0
       4
       0
       0
       2
       2
       0
       0
       0
       0
       4
       0
       3
       0
       0
       0
       1
       2
       1
       1
       1
       0
       1
       0
       1
       1
       0
       2
       0
       0
       1
       1
       0
       0
       2
       2
       1
       3
       0
       1
       1
       0
       0
       1
       1
       2
       2
       0
       2
       0
       0
       0
       0
       0
       2
       3
       1
       3
       5
       1
       3
       3
       2
       3
       5
       2
       1
       2
       2
       2
       2
       1
       1
       0
       2
       1
       0
       3
       2
       3
       2
       2
       0
       0
       2
       1
       2
       1
       0
       2
       1
       0
       1
       1
       0
       0
       2
       1
       1
       0
       2
       1
       0
       0
       1
       0
       0
       0
       1
       1
       0
       3
       1
       1
       1
       1
       0
       0
       0
       0
       2
       0
       0
       0
       0
       0
       0
       1
       0
       0
       1
       1
       0
       1
       1
       0
       0
       1
       0
       1
       1
       1
       1
       1
       2
       0
       1
       0
       0
       1
       0
       0
       0
       1
       0
       1
       0
       3
       0
       1
       0
       0
       0
       0
       0
       1
       1
       1
       1
       0
       0
       1
       0
       0
       0
       0
       1
       0
       0
       0
       0
       0
       0
       3
       0
       0
       0
       0
       0
       0
       0
       0
       1
       0
       1
       0
       1
       0
       1
       1
       0
       0
       0
       1
       2
       0
       2
       1
       0
       1
       1
       2
       0
       2
       0
       0
       1
       0
       1
       0
       0
       0
       0
       1
       1
       1
       1
       0
       0
       1
       3
       0
       0
       0
       0
       1
       0
       0
       0
       0
       0
       0
       4
       1
       0
       0
       2
       0
       0
       1
       0
       0
       1
       0
       2
       0
       0
       1
       1
       1
       0
       0
       1
       1
       0
       0
       1
       0
       2
       0
       0
       1
       0
       0
       0
       0
       0
       1
       0
       0
       0
       0
       0
       1
       0
       1
       0
       0
       1
       1
       0
       1
       2
       1
       0
       0
       0
       0
       0
       1
       0
       0
       1
       2
       1
       0
       0
       1
       2
       0
       1
       0
       0
       1
       0
       1
       0
       1
       0
       1
       0
       0
       1
       1
       0
       0
       0
       1
       0
       0
       0
       0
       0
       1
       1
       2
       2
       1
       0
       1
       1
       0
       0
       2
       1
       1
       1
       0
       0
       2
       1
       0
       1
       1
       1
       2
       1
       0
       0
       1
       0
       1
       1
       0
       0
       1
       1
       0
       0
       0
       2
       2
       2
       0
       1
       0
       0
       1
       0
       0
       1
       0
       1
       2
       3
       1
       1
       0
       0
       2
       1
       0
       1
       0
       0
       0
       1
       1
       0
       1
       2
       0
       1
       0
       1
       2
       0
       0
       0
       0
       0
       2
       0
       2
       1
       0
       3
       3
       1
       0
       1
       1
       0
       0
       0
       0
       0
       0
       1
       0
       0
       1
       0
       4
       0
       0
       0
       0
       3
       0
       1
       2
       2
       0
       0
       1
       1
       0
       1
       1
       0
       1
       2
       2
       3
       1
       1
       1
       0
       0
       0
       1
       0
       2
       1
       1
       0
       1
       1
       1
       0
       0
       0
       1
       1
       0
       1
       1
       0
       1
       1
       2
       1
       1
       0
       0
       0
       1
       1
       2
       0
       0
       1
       2
       0
       0
       0
       0
       0
       0
       2
       0
       0
       0
       0
       0
       1
       1
       1
       0
       0
       1
       1
       2
       2
       1
       1
       0
       0
       1
       0
       0
       0
       0
       1
       1
       1
       2
       1
       0
       0
       0
       1
       0
       1
       0
       0
       0
       0
       0
       1
       1
       1
       1
       0
       0
       1
       0
       0
       0
       0
       0
       1
       1
       1
       1
       0
       1
       1
       1
       1
       2
       0
       2
       0
       1
       0
       2
       0
       0
       0
       0
       0
       0
       1
       1
       1
       0
       0
       0
       1
       0
       0
       1
       2
       0
       0
       2
       0
       1
       0
       0
       1
       1
       1
       1
       0
       0
       0
       1
       0
       0
       0
       1
       2
       2
       0
       1
       1
       1
       1
       0
       1
       2
       0
       0
       0
       1
       1
       0
       0
       0
       0
       0
       0
       2
       0
       2
       0
       0
       0
       0
       0
       0
       0
       1
       0
       1
       0
       0
       1
       1
       1
       0
       2
       0
       1
       0
       1
       0
       0
       0
       1
       0
       1
       2
       0
       0
       1
       1
       1
       2
       0
       1
       1
       0
       1
       1
       0
       0
       2
       2
       1
       0
       3
       0
       0
       0
       0
       0
       0
       0
       0
       0
       1
       1
       0
       0
       0
       0
       1
       0
       1
       1
       0
       0
       0
       1
       0
       0
       0
       1
       0
       1
       2
       3
       1
       0
       0
       1
       0
       0
       0
       0
       0
       0
       0
       0
       0
       2
       1
       0
       0
       0
       0
       1
       0
       0
       0
       0
       0
       0
       0
       0
       1
       1
       0
       1
       0
       0
       0
       0
       1
       1
       0
       0
       0
       0
       1
       0
       1
       0
       0
       1
       0
       0
       1
       0
       0
       1
       0
       0
       1
       1
       0
       0
       2
       0
       0
       2
       0
       4
       1
       0
       0
       1
       0
       0
       1
       1
       0
       1
       2
       0
       0
       2
       2
       1
       1
       0
       0
       1
       0
       0
       2
       0
       1
       0
       0
       0
       1
       1
       0
       1
       3
       2
       0
       1
       1
       0
       0
       0
       2
       0
       0
       0
       1
       1
       0
       0
       1
       2
       1
       1
       0
       1
       0
       0
       0
       0
       0
       0
       0
       0
       0
       0
       0
       0
       0
       0
       0
       0
       0
       0
       0
       0
       0
       0
       0
       0
       0
       0
       0
       0
       0
       0
       0
       0
       0
       0
       0
       0
       0
       0
       0
       0
       0
       0
       0
       0
       0
       0
       0
       0
       0
       0
       0
       0
       0
       0
       0
       0
       0
       0
       0
       0
       0
       0
       0
       0
       0
       0
       0
       0
       0
       0
       0
       0
       0
       0
       0
       0
       0
       0
       0
       0
       0
       0
       0
       0
       0
       0
$ROI:
1
712 830
$PRESETS:
None
0
0
$ENER_FIT:
-23.656767 2.297974
$MCA_CAL:
3
-2.365677E+001 2.297974E+000 2.836717E-005 keV
$SHAPE_CAL:
3
0.000000E+000 0.000000E+000 0.000000E+000
