$SPEC_ID:
No sample description was entered.
$SPEC_REM:
DET# 1
DETDESC# DESKTOP-I499GD2 Easy-MCA-2k SN 18191655
AP# Maestro Version 7.01
$DATE_MEA:
02/28/2024 16:46:31
$MEAS_TIM:
49 51
$DATA:
0 2047
       0
       0
       0
       0
       0
       6
      36
      41
     307
     211
     196
     243
     297
     282
     361
     417
     385
     428
     507
     530
     448
     398
     441
     366
     347
     385
     415
     546
     796
    1031
    1186
    1163
    1497
    1979
    1785
    1235
     717
     587
     609
     629
     720
     841
     969
    1096
    1203
    1359
    1620
    1738
    1910
    2123
    2358
    2610
    2812
    2908
    3029
    2948
    3008
    3219
    3704
    4610
    5977
    8752
   12757
   17067
   19737
   19366
   15570
   11418
    6970
    3935
    2086
    1201
     888
     750
     793
     755
     807
     838
     737
     743
     708
     633
     573
     475
     519
     475
     452
     490
     515
     491
     508
     462
     522
     439
     437
     380
     375
     346
     316
     280
     314
     255
     251
     241
     250
     208
     223
     197
     211
     214
     202
     213
     219
     216
     198
     188
     202
     188
     172
     196
     167
     170
     164
     172
     157
     162
     163
     170
     197
     170
     183
     173
     192
     229
     211
     244
     234
     242
     224
     219
     213
     194
     173
     179
     152
     138
     102
     108
     118
     121
      97
      95
      78
      77
      78
      88
      83
      85
      85
      85
      82
      72
      72
      83
      68
      76
      73
      73
      71
      81
      84
      73
      69
      65
      53
      71
      80
      69
      58
      54
      81
      57
      66
      66
      50
      64
      68
      73
      68
      68
      64
      68
      69
      68
      62
      72
      64
      56
      77
      63
      75
      57
      79
      49
      62
      67
      67
      81
      55
      79
      63
      69
      81
      73
      76
      91
      79
     108
      94
     119
     134
     131
     121
     167
     136
     171
     190
     176
     192
     176
     183
     199
     159
     155
     140
     131
     138
     120
     126
     108
      94
      72
      67
      75
      48
      57
      53
      37
      53
      47
      51
      41
      35
      38
      37
      33
      41
      25
      39
      37
      31
      30
      35
      42
      37
      36
      33
      30
      34
      26
      41
      23
      32
      38
      35
      29
      33
      31
      32
      28
      42
      34
      28
      41
      24
      24
      20
      37
      27
      32
      30
      38
      23
      33
      34
      29
      35
      31
      27
      28
      32
      23
      34
      31
      35
      41
      28
      28
      25
      36
      25
      29
      34
      30
      30
      19
      22
      27
      26
      16
      28
      36
      23
      30
      27
      32
      22
      21
      30
      21
      34
      36
      24
      23
      17
      25
      27
      27
      25
      20
      20
      23
      27
      33
      20
      18
      22
      18
      18
      26
      29
      25
      26
      40
      27
      30
      39
      21
      36
      29
      40
      44
      41
      34
      31
      43
      42
      32
      32
      35
      38
      34
      41
      41
      39
      33
      39
      43
      35
      45
      30
      25
      34
      34
      32
      30
      30
      23
      20
      23
      35
      25
      18
      19
      21
      13
      25
      29
      16
      18
      21
      10
      20
      17
      28
      17
      21
      30
      17
      19
      16
      22
      20
      22
      25
      18
      25
      24
      17
      15
      22
      30
      27
      17
      18
      22
      19
      28
      28
      24
      22
      28
      20
      22
      22
      20
      20
      19
      15
      17
      29
      31
      24
      29
      25
      20
      30
      31
      21
      16
      19
      16
      20
      23
      23
      20
      24
      15
      21
      17
      18
      11
      16
      16
      18
      21
      16
      13
      14
      19
      21
      16
      17
      22
      23
      25
      19
      24
      18
      11
      23
      22
      16
      21
      15
      29
      15
      22
      21
      24
      15
      20
      22
      23
      21
      24
      26
      19
      22
      17
      20
      21
      29
      19
      12
      13
      13
      19
      18
      13
      12
      15
      18
      14
      15
      18
      16
      12
      16
      20
      18
      18
      21
      17
      10
      23
      14
      18
      18
      19
      15
      16
      15
      19
      18
      19
      14
      20
      13
      16
      15
      21
      12
      16
      20
      23
      24
      25
      10
      16
      15
      31
      23
      21
      21
      20
      21
      24
      16
      17
      20
      16
      10
      20
      18
      23
      21
      16
      22
      20
      13
      16
      18
      19
      10
      14
      21
      19
      12
      16
      20
      23
      18
      20
      10
      20
      15
      16
      19
      18
      19
      15
      22
      24
      27
      21
      23
      20
      26
      16
      18
      18
      16
      18
      27
      21
      19
      28
      14
      21
      19
      14
      17
      15
      20
      15
      24
      12
      20
      19
      21
      18
      14
      23
      24
      17
      26
      24
      17
      17
      12
      31
      15
      21
      31
      15
      12
      12
      24
      21
      20
      21
      26
      30
      20
      13
      15
      15
      24
      18
       9
      11
      17
      15
      20
      19
      11
      22
      10
      18
      11
       8
       8
      10
      22
      12
      20
      13
       9
      12
      10
      12
      10
       8
      12
      17
      16
       4
      16
      15
       8
      10
       8
       6
      15
      20
      12
      14
      16
       9
      12
       6
      12
       7
       8
       9
      10
       9
      11
      14
      11
      13
      15
      11
       7
       4
       9
      12
       8
      21
      10
       6
       7
      10
      12
       8
      15
      12
      11
       6
      11
      10
       9
       8
       9
      11
      19
      12
      10
       9
      10
       7
      22
      14
      15
      12
      13
      18
      21
      25
      17
      27
      20
      18
      23
      30
      31
      30
      25
      28
      41
      40
      46
      35
      47
      32
      38
      45
      40
      45
      48
      43
      55
      45
      47
      43
      45
      46
      59
      45
      45
      46
      46
      42
      34
      43
      39
      26
      38
      28
      31
      20
      21
      27
      24
      23
      16
      19
      15
      15
      14
      15
      14
      14
      14
      12
      14
      11
       8
      17
      17
      10
       3
      14
      15
      11
       8
       5
      15
       8
      11
       6
      10
      12
       4
       9
       6
      12
      10
       7
       8
       8
      12
      10
      15
       7
      10
      14
       7
       9
       7
      10
      13
      10
      12
       4
       7
       9
       7
       8
       5
       6
       4
      11
      11
       6
      10
      11
       9
       7
      17
       7
       5
       4
       5
       8
      11
      11
       6
       4
       6
       8
      10
       9
       8
       4
       9
       6
       5
       7
       5
       4
       7
      11
      12
       8
       8
       5
       4
       9
      11
       6
       8
       6
       1
       9
      10
       4
       5
       8
       5
       9
       2
      14
       6
       4
      10
       8
       9
       5
       8
       5
       8
       6
       6
       9
      13
       7
       3
       9
       8
      10
       9
       5
       9
       9
       5
       9
       8
      13
       9
       3
       8
      10
       7
      13
       6
      10
       7
       4
       9
      12
      11
       7
       9
       6
       6
       6
       3
      13
       6
      10
       5
       5
       7
       4
       6
       5
       8
      12
       7
       7
       6
       6
      10
       4
       7
       6
      13
       4
       7
       6
       5
       4
      15
      10
       5
       3
       7
       5
       7
       7
       7
      13
      10
       6
       1
       9
      10
       9
       9
       8
       6
       7
       8
      13
       4
      14
      13
      12
      11
      10
       3
       5
       7
      12
       6
       8
       6
       4
       9
       9
       9
      10
       9
       8
      10
       8
      11
      14
       7
      11
       4
       7
       8
       9
       6
       9
       8
       5
      13
       5
       8
       9
       7
       4
       9
      14
       4
      11
       9
       9
       4
       6
       6
      10
       4
      10
       8
      11
       9
       6
      15
       7
       9
       8
       3
       5
       7
      10
       7
      11
       7
       9
      12
       6
      11
      10
       7
       7
       4
       6
       3
      10
       7
       8
      12
       6
       9
       8
       2
       6
       7
       2
       7
       9
       5
       9
       8
       7
       7
      11
       9
       6
      10
       5
      10
       8
       7
       7
      11
       9
       6
       7
       9
       6
       5
       5
       7
       7
      14
       4
       4
       5
       8
       5
       8
       4
       4
       7
      13
       6
       5
       6
       6
       6
       6
       5
       0
       8
       9
      11
       6
       6
       6
       9
       6
      10
       4
       5
       8
       5
       1
       7
       5
       7
       8
       3
      11
       5
      11
       8
       2
       9
       7
       3
       7
       5
       7
      11
       6
      10
       1
       9
       9
       6
       7
       3
       3
       9
       5
       8
       4
       5
       8
       5
       6
       3
       2
       6
       3
       5
       7
       6
       4
       3
       6
       8
      16
       7
       7
       8
      12
       7
      16
       2
      10
       8
       8
      12
       9
      13
       8
      11
      10
       6
      10
      14
       8
      12
      13
      13
      10
      20
      16
      11
      13
      10
       8
       7
      10
       8
      11
      13
      13
       9
      12
      11
      11
       4
       8
      11
       9
      10
       6
      11
       4
      11
      12
      10
      15
      10
       5
       7
       9
      10
      10
       8
       6
       5
       7
      11
       4
       8
      12
       4
       7
       6
       7
       5
       9
       4
      10
       6
       9
       5
       7
       5
       4
       6
       7
       3
       5
       6
       7
       5
       4
       5
       7
       3
       4
       7
       4
       6
       8
       5
       3
       4
       4
       4
       5
      10
       8
       5
       4
       3
       6
       2
       6
       6
       2
       5
       5
       8
       5
       6
       7
       4
       6
       5
       9
       5
       4
       5
       6
       6
       8
       5
       4
       3
       7
       6
       4
       4
       8
       5
       6
       7
       4
       7
       5
       5
       8
       6
       4
       4
       6
       1
       2
      14
       5
       6
       7
       6
       4
       6
       5
       3
       5
       6
       2
       5
       4
       6
       2
       3
       3
       9
       8
       4
       7
       6
       4
       7
       7
      10
       2
       7
       4
       7
       8
       3
       7
       5
       5
       8
       3
       5
       9
       5
       5
       3
       6
       5
      11
       7
       8
       4
       6
       4
       8
       6
       3
       6
       6
       4
       3
       2
       8
      13
       4
       5
       7
       8
       8
       9
       2
       5
       7
       8
       6
       5
       6
       2
       7
       5
       8
       8
       4
       5
       8
       5
      11
       6
       5
      10
       7
       6
       9
       6
       8
       5
      11
       4
       6
       4
       9
       7
       7
       5
       9
       4
       5
       3
       4
       8
       6
       6
       9
       3
       5
       6
       5
       5
       7
       9
       7
       5
       9
       4
       4
       8
       4
       5
       5
      10
      12
       8
       5
       8
       3
       5
       6
       5
       3
       6
      10
       7
       6
       3
       1
       8
       5
       3
       8
       6
       8
      10
       9
       7
       6
       3
       5
       2
       5
       9
       7
       5
       6
       7
       4
       4
       5
       4
      11
       6
       3
       6
       5
       4
      10
       9
       4
       5
       4
       7
       1
       7
       4
       8
       2
       4
       7
       5
       9
       4
       3
       6
       5
       7
       3
       6
       7
       2
       6
       1
       7
       3
       5
       5
       6
       6
       2
       7
       5
       3
       4
       8
       4
       7
       7
       7
       8
       7
       3
       6
       5
       1
       4
       6
       8
       5
       6
      10
       2
       8
       7
       4
       5
       7
       8
      12
       7
       7
       8
       7
       7
       5
       9
       9
       8
       4
       7
       5
       3
       6
       6
       5
       8
       7
       5
       3
       5
       6
       6
       4
       6
       8
       2
      10
       6
       5
       5
       9
       2
       5
       6
       5
      12
       4
       6
       3
       5
       6
       6
       7
      10
       5
       7
      11
       3
       7
       2
       6
      11
       6
       9
       4
       3
      11
       5
       8
       3
      11
       8
       9
       7
       7
       6
       7
       4
       9
       6
       7
       4
       6
       9
       9
       5
       7
       7
       8
       9
       7
       7
       9
      10
       6
       7
       5
       5
       9
       3
      10
       9
       8
       4
       8
       8
       3
       7
       4
       5
       5
       5
       6
       4
       8
       7
      12
      13
       8
       5
       5
       7
       9
       7
       7
       2
       4
       3
       6
       6
       4
       6
       8
       7
       4
       7
       5
       9
       4
       8
       5
       7
       3
       4
       5
       4
       4
       6
       9
       5
       5
      10
       3
       6
      10
       3
       8
       3
       6
       6
       4
       8
       6
       6
       6
       5
       6
       8
       8
       4
       8
       8
       9
       6
       2
       8
       6
       3
       7
       6
      10
       6
       8
       5
       8
       7
       9
       7
       3
       4
       3
       8
       7
       9
       7
       5
       5
       5
       6
       7
       7
       8
       5
       8
       5
       2
       7
       7
       6
       6
      14
       6
       5
       5
       7
       4
      15
       3
       1
       6
       6
       8
       6
       7
       3
       5
       4
       5
       9
       6
       9
       9
       7
       6
       5
       4
       4
       8
       7
       5
      10
       7
       4
       5
       9
       5
      10
       4
       7
      10
      10
       7
       9
       6
       4
      11
       4
       6
       6
       5
       8
       5
       5
      10
      10
       7
       2
       5
      10
       5
       5
       9
       6
       5
       5
       6
       8
       5
       7
       4
       4
       5
       6
       6
       5
       3
       8
       6
       6
       8
       4
       7
       7
       9
       6
       8
       8
      11
       2
       5
       7
       3
       5
       7
       7
      11
       6
       3
       7
       3
       7
      11
       7
       5
       7
       8
       6
       5
       5
       8
       7
       6
       9
       6
       6
       4
       9
       8
       4
      10
       6
       9
       5
       7
       8
      10
       6
      12
       7
      11
       7
       8
       3
      10
       6
       6
       3
       8
       6
       5
       3
       7
      12
       5
       8
       8
       4
       7
       7
       4
      17
       7
       3
       6
       5
       4
       4
       7
       5
      10
       3
       7
       5
       7
       4
       9
       5
       7
       8
       7
       3
       9
      10
       9
      14
       3
       7
       7
       6
      11
       7
       7
       5
       5
       5
       8
       5
       5
       6
       7
       9
       6
       6
       7
       4
       7
       4
      13
      15
       6
       6
       1
       0
       0
       0
       0
       0
       0
       0
       0
       0
       0
       0
       0
       0
       0
       0
       0
       0
       0
       0
       0
       0
       0
       0
       0
       0
       0
       0
       0
       0
       0
       0
       0
       0
       0
       0
       0
       0
       0
       0
       0
       0
       0
       0
       0
       0
       0
       0
       0
       0
       0
       0
       0
       0
       0
       0
       0
       0
       0
       0
       0
       0
       0
       0
       0
       0
       0
       0
       0
       0
       0
       0
       0
       0
       0
       0
       0
       0
       0
       0
       0
       0
       0
       0
$ROI:
1
712 830
$PRESETS:
None
0
0
$ENER_FIT:
-23.656767 2.297974
$MCA_CAL:
3
-2.365677E+001 2.297974E+000 2.836717E-005 keV
$SHAPE_CAL:
3
0.000000E+000 0.000000E+000 0.000000E+000
