$SPEC_ID:
No sample description was entered.
$SPEC_REM:
DET# 1
DETDESC# DESKTOP-I499GD2 Easy-MCA-2k SN 18191655
AP# Maestro Version 7.01
$DATE_MEA:
02/28/2024 16:42:56
$MEAS_TIM:
54 56
$DATA:
0 2047
       0
       0
       0
       0
       1
      16
      44
      66
     388
     292
     299
     312
     313
     352
     423
     504
     456
     485
     578
     564
     528
     495
     492
     415
     459
     456
     524
     616
     830
    1178
    1248
    1427
    1696
    2179
    1968
    1354
     850
     697
     681
     749
     895
     934
    1123
    1239
    1369
    1578
    1736
    1895
    2165
    2340
    2584
    2847
    3017
    3253
    3333
    3260
    3223
    3480
    3908
    4767
    6381
    9215
   13107
   17465
   20274
   20296
   16950
   12209
    7761
    4412
    2443
    1384
    1048
     917
     875
     828
     929
     912
     873
     815
     730
     671
     621
     613
     535
     578
     549
     556
     552
     530
     602
     590
     601
     541
     486
     474
     385
     383
     367
     368
     351
     332
     329
     303
     296
     309
     279
     289
     246
     281
     294
     271
     269
     274
     247
     261
     266
     241
     243
     211
     240
     240
     216
     217
     242
     229
     235
     193
     244
     220
     242
     252
     257
     256
     244
     254
     287
     269
     305
     232
     267
     231
     222
     224
     237
     181
     147
     168
     156
     146
     126
     141
     131
     126
     128
     107
     110
     132
     100
     128
     111
     127
     105
     126
     112
     124
     129
     115
     115
     107
      91
     121
     110
     109
      83
     104
     108
     112
      87
      95
     104
      94
      97
      98
      96
      88
      92
      98
      78
     114
      93
      96
      87
      93
      93
      99
      93
     100
      94
     104
      97
     101
      86
      93
      89
      89
      96
      90
      92
      96
     104
      98
     114
     114
      94
     122
     123
     170
     139
     179
     163
     181
     205
     202
     216
     220
     243
     261
     265
     247
     240
     238
     243
     243
     199
     225
     181
     172
     164
     140
     107
      97
      94
      82
      71
      90
      64
      83
      84
      43
      73
      61
      55
      65
      70
      57
      51
      53
      74
      53
      47
      49
      56
      50
      40
      63
      46
      62
      59
      39
      63
      54
      42
      53
      56
      45
      58
      46
      41
      58
      59
      53
      44
      53
      53
      52
      52
      54
      55
      62
      52
      45
      36
      49
      58
      54
      33
      42
      45
      51
      49
      54
      56
      44
      38
      46
      57
      41
      41
      49
      44
      53
      36
      55
      40
      46
      42
      51
      45
      43
      44
      46
      54
      43
      54
      38
      50
      52
      35
      47
      49
      49
      35
      47
      45
      43
      52
      32
      33
      38
      33
      31
      43
      29
      47
      39
      40
      26
      41
      30
      30
      48
      47
      55
      40
      45
      42
      48
      58
      39
      57
      50
      56
      57
      72
      48
      50
      58
      54
      53
      49
      57
      55
      68
      49
      53
      52
      64
      46
      48
      55
      40
      47
      49
      31
      41
      37
      51
      36
      26
      41
      42
      47
      30
      28
      31
      34
      38
      35
      39
      32
      37
      25
      35
      36
      31
      25
      30
      30
      38
      31
      47
      42
      31
      34
      22
      24
      34
      26
      25
      27
      34
      33
      24
      37
      38
      31
      34
      36
      39
      38
      34
      39
      30
      40
      41
      41
      40
      38
      29
      40
      53
      40
      41
      43
      49
      35
      40
      32
      34
      45
      38
      42
      34
      24
      36
      31
      44
      37
      29
      30
      29
      28
      43
      30
      38
      23
      32
      40
      32
      36
      31
      37
      33
      22
      28
      32
      25
      37
      36
      29
      34
      35
      23
      34
      22
      36
      41
      28
      36
      43
      25
      34
      32
      27
      28
      20
      25
      28
      36
      24
      28
      25
      25
      29
      29
      31
      29
      23
      25
      29
      31
      24
      25
      20
      30
      22
      26
      23
      27
      31
      34
      29
      30
      32
      24
      24
      27
      27
      31
      21
      29
      32
      24
      31
      29
      28
      30
      38
      41
      28
      30
      24
      32
      35
      39
      34
      31
      30
      36
      33
      30
      35
      29
      44
      31
      23
      36
      28
      37
      33
      29
      29
      29
      28
      25
      35
      35
      21
      30
      46
      30
      27
      29
      28
      44
      16
      27
      39
      30
      31
      25
      27
      35
      26
      29
      25
      23
      30
      31
      31
      24
      32
      43
      34
      24
      31
      31
      25
      36
      26
      29
      28
      43
      38
      26
      25
      31
      35
      29
      35
      39
      41
      32
      26
      31
      28
      25
      27
      28
      37
      36
      31
      27
      36
      35
      30
      31
      33
      25
      44
      22
      39
      31
      35
      38
      36
      33
      33
      31
      28
      32
      32
      26
      28
      30
      42
      20
      33
      28
      22
      29
      27
      39
      37
      21
      37
      28
      24
      20
      27
      20
      27
      24
      27
      16
      23
      22
      24
      20
      17
      16
      15
      30
      15
      21
      20
      16
      25
       9
      23
      32
      24
      17
      13
      23
      21
      17
      21
      15
      25
      12
      14
      16
      20
      15
      15
      18
      27
      14
      23
      28
      14
      15
      22
      21
      20
      10
      21
      18
      13
      26
      12
      20
      16
      19
      20
      15
      16
      19
      18
      15
      13
      15
      20
      21
      12
      21
      16
      14
      30
      21
      29
      27
      20
      23
      27
      35
      30
      34
      20
      36
      40
      43
      47
      34
      55
      51
      64
      51
      58
      73
      65
      64
      77
      80
      77
      84
      74
      90
      94
      81
      93
      89
      95
      86
      78
      98
      89
      82
      83
      80
      71
      78
      79
      59
      78
      64
      47
      60
      48
      55
      46
      52
      29
      52
      30
      32
      35
      35
      33
      29
      24
      31
      19
      17
      16
      13
      25
      17
      17
      23
      18
      14
      16
      16
      22
       8
       6
      16
      16
       8
      21
      19
      18
      18
      13
      17
      13
       7
      14
      10
       9
      23
      13
      10
      12
      16
      18
      10
      14
       9
       8
      14
      15
      15
      11
      18
      11
      18
      11
      17
      16
      13
      13
      15
      14
       9
      11
       8
      13
       8
       9
       9
      12
      12
      12
      14
       8
      11
      17
      13
      13
      11
      18
      14
      14
       7
      10
      14
      11
      12
      14
       9
       6
      12
      11
       9
      14
      12
       8
      12
      10
      17
      16
       7
      15
       9
      17
      12
      14
      10
      12
      13
      11
       9
       9
       9
       8
      18
       7
      13
      10
      15
      18
      12
      11
      14
      12
       9
      13
       7
      11
      12
      10
       9
      13
      15
      15
       8
      17
      10
      11
      11
      13
      10
       6
      15
       9
      14
      15
      10
      12
      10
      10
      14
       8
      14
      12
      16
      13
      17
      20
      15
       8
      18
      10
      15
       9
      15
      12
      15
       6
      21
      14
      15
      18
      12
       6
      18
      16
      20
      12
       7
       7
      11
      11
      15
      11
      14
      12
       9
      19
      14
      13
       9
      16
      16
      18
      11
      19
      22
      13
      11
      15
       8
      16
      10
       7
      11
      11
      23
      19
      11
      14
       9
      11
      21
      16
      21
      11
      12
      16
      15
      20
      19
      11
      14
       9
      10
      12
      17
      15
       9
      13
      18
      15
      13
      15
      11
      15
      17
      10
      15
      12
      16
      18
      15
      14
      15
      21
      20
       9
      22
      11
      13
      13
       7
      11
      14
      20
      12
      15
      17
       7
      14
      10
      13
      13
      14
      18
      13
      14
       9
       7
       6
       9
      14
      17
      16
      20
       8
       8
      14
      17
      13
      18
      18
      12
       6
       9
      10
      13
      23
      11
      14
      19
      10
      15
      11
       5
      13
      14
      10
       7
      10
       8
      14
      10
       6
      15
       8
      10
      13
      10
       8
      11
      14
      10
      11
       8
       8
      10
      13
       8
      15
       5
      13
      17
      12
      10
      11
       9
       9
      13
       6
      12
       9
       4
      11
       6
       6
      10
       9
       8
      12
      13
      14
       9
      11
      14
       8
      15
       8
      14
       6
      12
       4
      16
       4
       7
      11
      10
       7
       9
      12
      12
      12
      10
      18
       7
       7
      14
      10
       6
       7
      11
       7
      13
      13
      15
       5
       7
       5
       5
       9
       9
      10
      13
      14
      18
       8
      10
      14
       7
       4
      10
       9
      16
      12
       7
      14
      14
      15
      20
      13
      13
       8
      15
      20
      11
      12
      22
      19
      16
      15
      18
      13
      18
      20
      16
      12
      10
      20
      15
      15
      17
      20
      20
      16
      20
      18
      24
      17
      21
      21
       8
      13
      15
      20
      15
      18
      17
      14
      14
      12
      18
       8
      16
      15
      11
      13
      19
      12
      10
      15
      11
      11
       9
      13
       9
      13
       9
      13
       7
      19
      19
      12
      13
      11
      17
      17
      14
       7
      12
      13
       6
       7
       8
       9
      12
      12
      10
       8
       8
      17
      12
      11
       6
       6
       8
       8
       7
      10
       9
      13
      12
      10
      15
       8
       8
       6
       6
      11
       9
       4
       7
       3
      11
      17
       9
      10
      11
       6
      11
      10
       4
      12
       7
       7
       8
       7
       6
       3
       5
      10
       6
       6
      11
       7
       7
       5
      11
      10
       4
      13
       6
       7
       7
      12
      10
       7
      12
      10
       7
       6
      12
       9
       6
       8
      10
       6
       8
       8
       8
       8
      13
       7
       5
       6
       7
       6
       6
       6
      10
       3
       4
      11
      10
       8
       8
      11
      16
      13
       8
       7
       9
       7
       9
       8
      13
      12
       1
       4
       5
      11
      13
      11
      13
       5
      10
      13
      14
      11
      11
       6
      10
      12
      11
      14
       9
       5
      12
      11
      12
      12
       8
       8
      14
       6
      12
       5
      11
       2
      11
      10
      10
       3
      15
      12
      10
       5
       8
       4
       6
      11
      14
       7
      12
       6
       6
       8
       6
       5
      14
       5
       8
       4
      12
      12
      10
      10
       8
      11
       8
       9
       6
      13
       8
       8
       8
       9
      10
      12
      14
       8
       9
      13
      12
      10
      10
       9
       5
      12
       9
      15
       7
      10
       9
       9
       9
       9
       7
      11
       7
       9
      14
      10
      12
      15
       7
       5
      11
       9
       9
      12
       8
       9
      11
      10
       9
       9
       7
      18
      12
       9
      11
      11
       8
       4
      11
       7
       6
      12
       8
      10
      12
       6
       7
       4
       6
       8
      10
       9
       9
      12
      11
       9
      13
      16
       7
      12
       6
       6
      12
       5
      11
       7
       8
      13
       6
      10
       8
       8
       4
      10
       9
      10
       8
      10
      11
       3
      11
      14
      10
       8
       9
      11
      12
       8
       6
       8
       6
       8
       9
      12
       8
       9
       5
       7
       9
       5
      11
       7
      13
       7
       9
      10
      15
      12
       9
       7
       7
      11
      11
       2
      12
       9
       7
       7
       8
      14
       9
       9
       8
       6
       7
       5
       4
       9
       9
       7
      14
       6
       4
       9
       8
       9
      12
       5
       8
       7
      10
       6
       8
      13
      11
       7
      11
       5
       5
       5
      17
      12
       8
      11
      12
       8
      12
       8
       8
      11
       6
       8
       7
      12
       6
       8
       5
      10
       8
      12
       6
      12
       6
       9
      16
      10
       6
       6
       9
       4
       6
       7
       3
       5
      11
      12
       8
       4
      11
      14
      12
       8
       9
       8
      12
      13
      11
      11
      10
       7
       7
       5
      16
      14
       9
      11
       7
       7
       9
       7
      10
       9
      19
      11
       9
       8
       5
      10
      11
      15
       5
      11
       7
       8
      10
      11
      11
      12
      18
       8
       5
      11
      11
       7
       8
      12
       8
      12
      11
       8
       8
      14
      11
      14
      12
       4
       6
      14
      12
      14
       6
      14
       6
      14
      15
      10
       9
      10
       7
      10
       9
      12
       4
       8
       3
       6
      13
       9
       7
       9
       5
       7
      11
       6
      18
      10
      12
       7
       9
       6
      13
      13
       7
      11
      10
       5
       6
       5
      10
      10
      11
       7
       9
       9
      17
       6
      12
      14
       3
       5
      10
       7
       7
       9
      14
      12
       9
       6
       9
      11
       9
      13
      11
       4
      11
       8
       6
      10
      11
       8
      13
      10
       3
       8
       9
       7
       9
       6
      10
      12
       8
       6
       8
       8
       9
       8
       5
       9
      10
      14
       6
      17
       9
       9
      13
       6
       9
       8
       3
      11
       9
      11
      13
      10
      12
       9
       9
       7
      12
      11
      11
      11
      10
       5
       8
      10
       9
       9
      15
       9
      10
       4
      11
       7
      11
      13
       9
       5
       4
       7
       9
      11
      11
      16
       9
       9
       7
       6
       7
       7
      12
      11
      12
       5
      12
      12
      13
       8
       6
       8
       7
      10
       6
      10
      11
       9
      14
      15
       9
       5
      10
      12
      11
       6
       7
       9
      13
       6
       8
       5
      14
       4
      10
      13
      11
       6
      11
      11
      14
      12
       8
      11
       7
       5
       8
      13
      13
      11
       5
       8
       8
       9
      16
       9
      14
      12
       5
       9
      12
      11
      15
      13
       8
       9
      10
      19
      11
      19
      10
       7
      13
       9
       6
      12
       5
       8
      10
      10
       6
      11
      12
       7
      12
      15
       9
      14
       8
       5
      17
      11
      11
       8
      11
      13
       9
      18
       8
      15
       7
      16
      12
      17
      10
      11
      13
       6
      11
       9
      12
      12
      19
      11
      14
      11
       7
      13
      10
       8
      18
       8
       8
       6
       7
      12
       8
       6
      10
      15
      10
       9
      11
      14
       2
       0
       0
       0
       0
       0
       0
       0
       0
       0
       0
       0
       0
       0
       0
       0
       0
       0
       0
       0
       0
       0
       0
       0
       0
       0
       0
       0
       0
       0
       0
       0
       0
       0
       0
       0
       0
       0
       0
       0
       0
       0
       0
       0
       0
       0
       0
       0
       0
       0
       0
       0
       0
       0
       0
       0
       0
       0
       0
       0
       0
       0
       0
       0
       0
       0
       0
       0
       0
       0
       0
       0
       0
       0
       0
       0
       0
       0
       0
       0
       0
       0
       0
       0
$ROI:
1
712 830
$PRESETS:
None
0
0
$ENER_FIT:
-23.656767 2.297974
$MCA_CAL:
3
-2.365677E+001 2.297974E+000 2.836717E-005 keV
$SHAPE_CAL:
3
0.000000E+000 0.000000E+000 0.000000E+000
