$SPEC_ID:
No sample description was entered.
$SPEC_REM:
DET# 1
DETDESC# DESKTOP-I499GD2 Easy-MCA-2k SN 18191655
AP# Maestro Version 7.01
$DATE_MEA:
02/28/2024 16:49:58
$MEAS_TIM:
51 52
$DATA:
0 2047
       0
       0
       0
       0
       0
       6
      31
      30
     267
     223
     197
     243
     276
     293
     333
     416
     389
     446
     463
     484
     427
     383
     401
     383
     339
     331
     379
     531
     756
    1053
    1107
    1299
    1627
    1944
    1727
    1191
     700
     559
     624
     676
     748
     789
     968
    1068
    1305
    1368
    1521
    1748
    1955
    2169
    2385
    2619
    2794
    2998
    3075
    2970
    3049
    3277
    3681
    4685
    6333
    9059
   13212
   17588
   20179
   19903
   16328
   11744
    7127
    3890
    2096
    1174
     855
     730
     789
     744
     825
     842
     792
     691
     637
     583
     528
     467
     471
     487
     454
     470
     487
     471
     467
     480
     455
     480
     423
     368
     359
     330
     266
     279
     268
     223
     240
     248
     218
     245
     189
     222
     216
     171
     200
     185
     191
     187
     188
     187
     171
     164
     172
     157
     176
     161
     161
     173
     165
     158
     144
     159
     161
     160
     185
     189
     167
     194
     221
     203
     186
     234
     232
     207
     203
     178
     189
     143
     125
     115
     108
     124
      81
      93
      78
      96
      71
      75
      82
      57
      66
      65
      51
      76
      75
      62
      68
      72
      73
      60
      62
      74
      62
      48
      62
      65
      73
      62
      56
      57
      47
      45
      55
      63
      64
      58
      52
      55
      54
      49
      45
      45
      49
      55
      53
      61
      57
      49
      41
      52
      60
      50
      50
      59
      49
      47
      50
      52
      53
      49
      54
      48
      47
      54
      54
      68
      72
      72
      77
      94
      82
      68
     103
      91
     120
     117
     123
     125
     135
     146
     136
     129
     164
     139
     154
     146
     143
     133
     145
     111
     110
     106
      99
      70
      81
      56
      59
      44
      44
      28
      30
      31
      33
      38
      24
      26
      32
      28
      37
      32
      30
      32
      33
      33
      32
      29
      26
      27
      28
      23
      26
      23
      31
      35
      28
      23
      31
      26
      21
      24
      37
      33
      20
      29
      26
      24
      25
      24
      21
      22
      29
      18
      33
      13
      27
      24
      25
      25
      14
      18
      19
      21
      19
      14
      17
      12
      30
      20
      26
      22
      19
      31
      31
      19
      18
      28
      32
      29
      25
      24
      36
      14
      29
      19
      13
      22
      25
      26
      25
      19
      20
      18
      21
      22
      21
      22
      17
      17
      19
      23
      19
      19
      25
      20
      28
      17
      16
      15
      22
      20
      22
      17
      18
      15
      29
      22
      16
      16
      28
      29
      22
      30
      21
      25
      33
      33
      29
      30
      33
      27
      44
      44
      28
      41
      35
      30
      36
      30
      30
      37
      27
      33
      28
      30
      32
      32
      24
      20
      18
      24
      23
      25
      18
      18
      26
      13
      18
      15
      15
      23
      23
      16
       5
      15
      19
      18
      21
      16
      14
      20
      12
      13
      19
      18
      14
      15
      16
      13
      16
      22
      14
      17
      13
      13
      15
      18
       9
      15
      17
      10
      20
       9
      14
       9
      14
      14
      22
      19
      16
      16
      23
      12
      18
      16
      23
      20
      22
      11
      21
      19
      12
      19
      12
      22
      17
      13
      15
      15
      10
      14
      13
      12
      12
      12
      18
      13
      16
      13
      15
      14
      15
      17
      11
      12
      12
      19
      22
      17
      13
      19
      21
       8
      20
      12
      15
      25
      14
      16
      18
      15
      12
      12
      17
      17
      18
      17
      26
      13
      19
      11
      15
      19
       6
      12
      13
      15
      17
      17
      10
      13
      13
      12
       7
       8
      13
      12
       9
      13
      12
      13
      12
      12
      11
      15
       8
      13
      12
       5
      11
       8
      15
      16
      11
      11
       7
      12
       8
      14
      11
       9
       9
      13
      16
      19
       8
      13
      13
      13
      12
      15
      13
      13
      18
      12
      16
      18
      10
      20
      11
      13
      14
       9
      13
      11
      13
      22
      19
       7
      15
      13
      14
       9
      16
      14
      19
      14
      10
      17
      11
       8
      15
      10
      10
      12
      15
      14
      11
      13
       9
      14
      18
      10
      10
      12
      16
      15
      14
       7
      12
       7
      19
       6
      13
      13
      19
       9
      11
      11
      15
      10
      12
      11
      13
      14
       9
      11
      14
      11
       6
      12
       9
      10
      10
      12
      11
      10
      13
      12
      14
      19
      12
      20
      11
       9
      15
      13
      17
       9
      12
      10
      13
      12
      16
       9
      12
      11
      10
      11
      11
      11
      15
      10
      11
      13
      11
       8
       7
       7
      11
      10
       6
      17
      13
       9
       9
      13
      10
       8
       7
      17
      10
       8
       9
       9
       8
       8
       9
      10
      12
      10
       3
      15
      13
       9
       5
       6
       8
       7
       9
       7
       9
      12
       7
       7
       7
       7
       8
       3
       6
       9
       7
      10
       5
      10
       7
       3
       7
       5
       7
       9
       9
       6
       6
       5
       4
      10
       6
       7
       2
       5
       8
       6
       9
      12
       8
       5
       8
       9
       7
       4
       7
       6
      12
       5
       5
       7
       8
       4
       6
       6
       6
       5
      10
      11
      14
      12
      19
      11
      11
      16
      13
      19
      26
      29
      22
      22
      21
      27
      22
      34
      27
      31
      26
      27
      36
      21
      29
      19
      27
      30
      26
      26
      27
      24
      14
      27
      20
      30
      17
      31
      27
      25
      19
      13
      27
      15
      20
      18
      14
      18
      18
      13
      16
       8
      10
      10
      13
       6
      10
       9
       4
      11
       8
       8
       9
       9
       4
      11
       3
       9
      10
       8
       5
       7
       9
       4
       8
       7
       6
       7
       5
       9
       7
       8
      10
       6
       1
       4
       7
       8
       4
       5
       8
      12
       6
       8
       9
       7
       5
       8
       4
       6
       6
       7
      10
       5
       6
       7
       8
       1
       3
       9
       7
       7
       5
      10
       5
       7
       5
       7
       9
       5
       8
       7
       4
       5
       7
       8
       6
       2
       8
      11
       5
       9
       6
       5
       2
       4
       5
       7
       8
       7
       6
       6
       5
       4
       3
      10
       7
       1
       6
       7
       5
       7
       5
       5
       2
       5
       5
       7
       1
       8
       7
       6
       6
       6
       5
       4
       2
       4
      10
       6
       4
      13
       3
       5
       6
       7
       4
       5
       5
       5
       4
       3
       7
       5
       6
       5
       5
      10
       4
       9
      12
       8
       5
       4
       4
       3
       5
       2
       6
       6
       7
       7
       6
       5
       8
       6
       5
       6
       5
       4
       5
       5
       3
       3
       2
       7
       5
      11
       8
       6
       8
       4
       2
       3
       7
       4
       6
       7
       3
       4
       6
       7
       6
      11
       4
       5
       5
       4
       7
       5
       6
      10
       9
       2
       5
       4
       4
       4
       5
      11
       6
       9
      12
       8
      10
       7
      11
       6
       5
       4
       6
       6
       6
      10
       4
       8
       8
       2
       3
       7
       8
       4
       5
       5
       4
       7
       3
       6
       5
       7
       6
       6
       6
       7
      12
       7
       4
      13
       9
       8
       5
       3
       6
       4
       5
       7
       3
       3
       5
       6
       5
       3
       8
       3
       6
       8
      10
       9
       6
       4
       5
       6
       3
       5
       5
      12
      10
       6
       5
       6
       8
       4
       3
      10
       8
       7
       3
      10
       5
       4
       9
       4
       8
       7
       6
       2
       4
       3
       3
       5
       5
       6
       7
       5
       6
       5
       4
       3
       8
       7
       6
       5
       6
       5
       5
       4
       7
       1
       3
       5
       9
       5
       5
       5
       5
       3
       4
       9
       3
       2
       7
       3
       4
      10
       5
       3
       6
       7
       6
       4
       5
       6
       9
       8
       3
       4
       3
       5
       5
       5
       3
       3
       7
       4
       5
      10
       6
       2
       4
       7
       6
       2
       7
       3
       2
       5
       2
       4
       8
       4
       7
       9
       8
       6
       3
       3
       5
      11
       6
       7
       2
       2
       1
       9
       4
       5
       3
       6
       5
       5
       0
       6
       3
       2
       3
       4
       1
       5
       5
       3
       7
       3
       5
       7
       7
       5
       6
       3
       6
       5
       8
       5
       6
       5
       9
       2
       7
       8
       5
       7
      10
       2
       7
       4
       9
       8
       9
       7
       5
       4
       2
      12
       8
       2
       3
      12
      12
       7
       7
       7
       4
       7
       5
       8
       9
       8
       5
       6
       5
       9
       6
       5
       2
       7
       6
       1
       4
       8
       4
       2
       5
       1
       4
       6
      10
       4
       6
       8
       5
       6
       3
      11
       2
       3
      10
       5
       5
       3
       3
       6
       4
       6
       6
       4
       2
       4
       3
       4
       3
       6
       4
       3
       4
       4
       2
       1
       6
       2
       5
       4
       6
       1
       2
       4
       3
       1
       3
       6
       3
       5
       5
       4
       2
       2
       6
       5
       4
       4
       7
       2
       3
       4
       7
      12
       6
       6
       3
       6
       4
       5
       3
       5
       1
       5
       6
       5
       7
       3
       7
       4
       3
       7
       4
       3
       5
       6
       7
       1
       1
       4
       7
       2
       3
       6
       5
       3
       3
       4
       5
       3
       7
       8
       5
       2
       2
       5
       3
       6
       3
       2
       8
       6
       4
       4
       7
       6
       2
       2
       6
       6
       2
       2
       1
       6
       6
       2
       4
       7
       6
       7
       4
       4
       6
       5
       8
       4
       3
       1
       4
       3
       4
       4
       5
       6
       3
       3
       3
       4
       3
       8
       4
       5
       6
       5
       7
       6
       7
       7
       4
       8
       4
      12
       4
       4
       5
       3
       2
       8
       2
       8
       3
       2
       3
       3
       6
       3
       6
       3
       3
       4
       5
       5
       5
       7
       6
       4
       6
       2
       1
       7
       5
       5
      10
       4
       2
       8
       5
       7
       5
       3
       4
       1
       5
       9
       1
       3
       3
       3
       5
       7
       2
      11
       4
       8
       8
       9
       2
       3
       3
       8
       3
       9
       1
       1
       6
       6
       3
       7
       2
       6
       6
       2
       4
       3
       3
       4
       3
       5
       4
       8
       6
       4
       2
       6
       4
       5
       4
       7
       5
       4
       0
       3
       4
       4
       3
       5
       5
       4
       2
       9
       6
       5
       6
       4
       5
       9
       4
       2
       7
       4
       6
      11
       6
       4
       4
       6
       4
       0
       9
       2
      10
       4
       7
       4
       5
       1
       3
       5
       6
       8
       3
       2
       4
       3
       6
       2
       6
       4
       8
       3
       6
       6
       6
       7
       3
       5
       5
       4
       6
       4
       3
       1
       2
       4
       5
       7
       4
       6
       3
       4
       5
       5
       2
      10
       2
       7
       5
      11
       2
       6
       2
       5
       4
       3
       3
       7
       8
       3
       3
       3
       3
       6
       5
       7
       7
       3
       4
       9
       5
       3
       5
       7
       2
       2
       4
       4
       4
       6
       5
       3
       3
       3
       5
       8
       2
       5
       3
       7
       5
       7
       2
       3
       5
       8
       4
       9
       6
       2
       3
       9
       2
       6
       4
       6
       2
       5
       5
       1
       9
       5
       5
       4
       2
       3
       4
       4
       8
       7
       8
       3
       1
       1
       7
       3
       6
       4
       4
       4
       6
       9
       2
       7
       4
       8
       4
       5
       4
       5
       6
       4
       5
       8
       8
       5
       2
       4
       4
       6
       6
       5
       4
       6
       7
       9
       4
       5
       7
       2
       5
       8
       3
       4
       4
       6
       9
       4
       4
       6
      11
       5
       5
       6
       4
       8
      10
       4
       3
       3
       2
       7
       7
       5
       5
       8
       6
       1
      10
       3
       7
       0
       4
       3
       6
       4
       6
      10
       4
       7
       3
       4
       2
       8
       6
       6
       3
       6
       7
       4
       6
       5
       9
       5
      10
       7
       5
       6
       6
       3
       7
       3
       4
       5
      11
       4
       2
       0
       3
       7
       7
       5
       8
       6
       6
       6
       6
       4
       7
       5
       7
       6
      11
       2
      10
       5
       2
       7
       3
       6
       2
       5
       6
       8
       5
       9
       7
       7
       8
       3
       7
       3
       6
       4
       4
       5
       3
       8
       9
       6
       4
       5
       5
       4
       2
       5
       3
       5
       7
      10
       4
       5
       4
       5
       4
       3
       4
       7
       6
       5
       7
       9
       4
       2
       7
       7
       5
      11
       7
       3
       4
       5
       3
       4
       7
       6
       3
       4
       9
       5
       7
       7
       6
       6
       7
       4
      10
       9
      12
       1
      10
       6
       4
       4
       4
       6
       2
       3
       2
       6
       2
       8
       4
       4
       5
       4
       6
       0
       7
       7
       5
       6
       3
       9
       5
       5
       6
       5
       3
       2
      11
       7
       7
       6
       3
       8
       9
       7
      11
       9
       3
       8
       5
       9
       6
       6
       5
       6
       6
       7
       3
      14
      10
       3
      10
      14
       6
       8
       5
       5
       9
       2
       3
       6
       8
      10
       5
       2
       6
       4
       6
       1
       4
       7
       4
       6
       6
       9
      13
       4
      11
       5
       5
       5
       6
       5
       4
       4
       7
       9
       7
       6
       3
       7
       6
       6
       3
       4
       4
       5
       6
      12
      11
       4
       5
       2
       7
       4
       8
       6
       6
       7
      12
       7
       8
       4
       4
       8
       7
       3
       8
       8
      10
       4
       6
       6
       5
       7
       0
       0
       0
       0
       0
       0
       0
       0
       0
       0
       0
       0
       0
       0
       0
       0
       0
       0
       0
       0
       0
       0
       0
       0
       0
       0
       0
       0
       0
       0
       0
       0
       0
       0
       0
       0
       0
       0
       0
       0
       0
       0
       0
       0
       0
       0
       0
       0
       0
       0
       0
       0
       0
       0
       0
       0
       0
       0
       0
       0
       0
       0
       0
       0
       0
       0
       0
       0
       0
       0
       0
       0
       0
       0
       0
       0
       0
       0
       0
       0
       0
       0
       0
       0
$ROI:
1
712 830
$PRESETS:
None
0
0
$ENER_FIT:
-23.656767 2.297974
$MCA_CAL:
3
-2.365677E+001 2.297974E+000 2.836717E-005 keV
$SHAPE_CAL:
3
0.000000E+000 0.000000E+000 0.000000E+000
