$SPEC_ID:
No sample description was entered.
$SPEC_REM:
DET# 1
DETDESC# DESKTOP-I499GD2 Easy-MCA-2k SN 18191655
AP# Maestro Version 7.01
$DATE_MEA:
02/28/2024 16:32:52
$MEAS_TIM:
53 55
$DATA:
0 2047
       0
       0
       0
       0
       0
      14
      29
      70
     504
     290
     304
     334
     365
     367
     421
     498
     479
     470
     545
     613
     511
     469
     484
     494
     480
     436
     482
     589
     858
    1082
    1253
    1419
    1622
    2013
    1916
    1369
     860
     704
     722
     805
     841
     969
    1061
    1266
    1404
    1527
    1696
    1871
    2146
    2259
    2447
    2780
    2944
    3222
    3180
    3237
    3222
    3423
    3841
    4580
    6125
    8700
   12224
   16535
   19204
   19611
   16493
   11939
    7588
    4374
    2469
    1470
    1028
     866
     897
     875
     957
     937
     875
     863
     755
     713
     599
     591
     623
     576
     606
     563
     602
     619
     611
     599
     564
     533
     533
     491
     443
     427
     420
     411
     368
     348
     357
     360
     329
     312
     323
     336
     339
     298
     305
     297
     309
     305
     295
     271
     272
     262
     283
     277
     255
     258
     250
     263
     246
     264
     278
     285
     269
     266
     238
     291
     264
     281
     267
     279
     283
     288
     315
     293
     273
     277
     230
     242
     246
     220
     177
     176
     188
     168
     148
     143
     153
     150
     157
     151
     147
     146
     121
     121
     130
     126
     135
     136
     131
     112
     135
     125
     148
     116
     116
     126
     129
     127
     114
     112
      99
     134
     108
     125
     115
     101
     120
     125
     120
     109
     127
     109
     112
     111
     114
     124
     126
     112
     102
     111
     124
     123
     106
     112
     121
     105
     117
     104
     118
     123
     110
     101
     124
     122
     120
     119
     127
     137
     122
     150
     140
     165
     179
     189
     196
     198
     234
     252
     258
     278
     292
     289
     272
     275
     319
     262
     259
     259
     236
     219
     202
     200
     181
     172
     128
     162
     119
     117
      91
      86
      94
      87
      82
      72
      71
      59
      70
      66
      72
      70
      69
      68
      63
      84
      66
      74
      55
      54
      68
      60
      70
      69
      65
      64
      70
      67
      57
      76
      62
      48
      64
      63
      64
      62
      59
      46
      68
      57
      55
      53
      58
      60
      57
      54
      52
      70
      67
      46
      67
      59
      66
      59
      62
      61
      44
      61
      61
      56
      58
      57
      42
      42
      73
      52
      47
      55
      39
      43
      51
      51
      54
      52
      53
      60
      59
      68
      63
      63
      61
      58
      47
      54
      47
      60
      55
      43
      73
      34
      39
      40
      48
      51
      45
      52
      47
      50
      54
      68
      45
      54
      65
      41
      46
      43
      44
      61
      59
      45
      45
      48
      57
      45
      39
      49
      50
      48
      57
      59
      66
      65
      60
      73
      73
      62
      60
      58
      68
      60
      76
      87
      60
      55
      75
      56
      60
      58
      58
      43
      60
      52
      62
      50
      42
      47
      50
      36
      45
      47
      38
      53
      48
      26
      43
      36
      45
      38
      48
      41
      49
      48
      40
      34
      42
      28
      47
      41
      33
      30
      38
      34
      38
      34
      36
      42
      50
      41
      41
      36
      31
      42
      50
      47
      34
      50
      46
      47
      50
      30
      51
      65
      64
      48
      48
      63
      46
      47
      52
      55
      53
      63
      53
      58
      55
      63
      61
      46
      37
      51
      41
      46
      36
      47
      41
      33
      43
      37
      39
      35
      40
      35
      38
      38
      33
      39
      28
      29
      34
      42
      38
      50
      42
      29
      44
      48
      46
      35
      45
      32
      51
      37
      39
      41
      36
      44
      38
      37
      47
      43
      44
      41
      29
      45
      38
      37
      35
      41
      37
      37
      43
      38
      41
      32
      44
      28
      36
      37
      38
      33
      38
      38
      34
      31
      36
      40
      30
      28
      42
      40
      45
      40
      53
      35
      38
      26
      31
      33
      36
      26
      39
      35
      35
      33
      42
      52
      38
      42
      37
      58
      39
      35
      48
      39
      34
      38
      47
      31
      40
      44
      37
      49
      42
      46
      43
      38
      43
      33
      31
      53
      51
      45
      33
      43
      39
      55
      34
      47
      46
      44
      47
      38
      43
      45
      32
      35
      31
      31
      30
      38
      42
      42
      40
      33
      47
      40
      33
      38
      41
      35
      32
      45
      36
      36
      35
      51
      56
      37
      38
      39
      43
      41
      28
      34
      30
      40
      35
      46
      39
      33
      53
      36
      41
      44
      44
      46
      49
      31
      33
      51
      32
      27
      38
      42
      44
      46
      39
      46
      49
      26
      51
      48
      40
      32
      47
      46
      43
      40
      37
      37
      45
      32
      48
      45
      28
      42
      33
      37
      47
      35
      30
      38
      29
      34
      34
      42
      28
      43
      30
      34
      31
      31
      40
      32
      34
      37
      30
      22
      30
      27
      33
      27
      31
      25
      28
      24
      36
      21
      31
      19
      17
      24
      21
      28
      23
      23
      22
      29
      16
      24
      22
      21
      30
      22
      21
      16
      22
      22
      22
      22
      26
      24
      19
      17
      13
      27
      28
      23
      26
      20
      25
      18
      18
      22
      15
      33
      24
      24
      28
      24
      34
      20
      20
      23
      29
      13
      22
      28
      22
      32
      25
      31
      28
      59
      41
      47
      50
      53
      44
      47
      53
      58
      55
      74
      90
      80
      83
      87
      85
     100
     100
     102
     112
     111
      98
     118
     111
     113
      97
     112
     117
     110
     111
     118
     112
      87
     106
     110
     109
      92
      93
      89
      90
      83
      76
      87
      81
      61
      62
      69
      54
      47
      64
      41
      42
      43
      41
      40
      40
      29
      27
      30
      41
      26
      30
      24
      21
      24
      19
      21
      23
      14
      22
      21
      20
      20
      27
      11
      17
      12
      13
      22
      17
      13
      11
      20
      18
      18
      20
      19
      16
      16
      17
      20
      16
      19
      22
      26
      15
      13
      17
      19
      15
      18
      23
      28
      13
      13
      17
      21
       9
      10
      14
      21
      18
      14
      11
      13
      21
      21
      13
      10
      11
      22
      17
      15
      13
      19
      17
      12
      20
      15
      12
      18
      16
      18
      10
      15
      15
      15
      15
      15
      15
      17
      15
      13
      21
      13
      19
      13
      13
      25
      18
       9
      19
      11
      18
      13
      16
      13
      14
      14
      20
      13
      13
      12
      19
      10
      13
      11
      10
      15
      18
      16
      15
       9
      26
      18
      15
      17
      13
      13
      14
      24
      12
      15
      21
      21
      12
       6
      22
      20
      17
      14
      17
      16
      19
      18
      15
       8
      16
      18
      12
      18
      14
      21
      19
      16
      14
      20
      16
      19
      15
      12
       9
      20
      12
      15
      15
      13
      18
      14
      21
      14
      17
      11
      14
      18
      18
      17
      20
      12
       9
      11
      13
      13
      19
      18
      14
      19
      12
      22
      19
      19
      17
      22
      19
      14
      25
      24
      20
      17
      11
      16
      23
      19
      20
      16
      15
      16
      15
      19
      20
      14
      19
      11
      24
      24
      22
      21
      15
      11
      18
      17
      20
      23
      20
      11
      22
      12
      22
      13
      19
      13
      20
      13
      20
      16
      21
       9
      12
      18
      15
      20
      18
      20
      19
      20
      20
      17
      17
      13
      19
      19
      14
      17
      20
       8
      15
      20
      13
      18
      19
      16
      21
      13
      20
      15
      22
      15
      16
      18
      18
      17
      11
       8
      11
      23
      19
      11
      17
      19
      19
      15
      14
      13
      12
      14
      16
      16
      18
      22
      19
      15
      13
      16
       6
      14
      11
      13
      15
      17
      10
      14
      14
      13
      16
      12
      14
      17
      11
       8
      11
      17
      20
      14
      11
      16
      17
      14
       7
      11
      11
      12
       7
       9
      23
      19
      13
      18
      18
      14
      15
      14
      13
      14
      11
      13
      10
      18
       9
      14
       9
      10
      14
      14
      13
       8
      10
      14
       8
      10
      16
       7
      17
      12
      14
       9
      20
      12
      13
      13
       9
      15
       6
       2
      13
      10
      15
      11
      10
       7
      13
      13
       8
      11
       2
      15
      10
      12
       8
      15
      13
      13
      16
      18
      10
      15
      10
      17
      10
      16
       8
      17
      18
       8
      15
      15
      20
      15
      21
      20
      15
      14
      17
      19
      16
      25
      14
      24
      17
      23
      16
      26
      19
      27
       9
      20
      15
      27
      20
      17
      27
      24
      21
      21
      22
      17
      26
      27
      26
      19
      26
      21
      17
      19
      20
      37
      19
      18
      13
      18
      11
      21
      23
      13
      20
      20
      19
      17
      10
      10
      19
      12
      17
       9
      15
       6
      18
      16
      20
      14
      13
      17
      13
       8
      14
      13
      12
      12
      12
      10
      11
      12
       7
      17
      20
      19
      15
       9
      15
       9
      16
       9
      14
      13
       8
      17
      13
      14
      13
      17
      13
      14
      14
       9
      12
      10
      13
       8
      13
      16
      10
       9
       8
       6
      11
      13
      12
      11
      13
      11
      11
      12
      12
       9
      15
      10
      13
      11
      10
      11
      12
      12
       9
      12
       8
      10
      10
       9
      11
       7
      13
      10
      16
       8
       7
      18
       9
      17
      10
       7
      10
       5
       9
      14
      11
      12
      12
      10
      13
       8
      12
      13
       8
      14
      11
      12
       5
      12
      15
      10
       9
       8
      15
       3
      10
      16
       9
      10
      11
      12
      10
       8
       5
      14
      14
      20
       8
      12
      12
       5
       5
      11
       9
       5
       7
       9
      10
      15
       8
       5
       5
      13
       9
      11
       4
       9
      13
       9
      12
       5
      11
      13
       6
      12
       9
       3
      14
      11
       9
      15
      14
       6
       9
      19
      15
       7
       7
      10
      13
       9
      11
      10
      10
       6
       9
       8
       7
       5
       7
      11
       9
      14
       3
       9
       9
       8
       8
      13
       5
      10
      11
      11
      11
      16
      12
       8
       6
      11
      12
      18
       6
      11
      13
      11
       6
       4
      14
      16
      11
      13
      14
      12
      12
       9
       9
      14
      14
       7
      14
      11
       4
       8
       7
      17
      11
      13
      14
      11
      16
       7
       8
      17
      13
      15
       7
      10
      13
      11
       8
       9
       9
      10
       7
       9
      12
       6
      12
       7
       9
       5
       7
      10
       7
       7
      10
      12
       6
       7
       9
      15
      12
       8
      16
       8
      10
      16
       8
       5
      10
       7
      10
       6
       9
      12
      10
       7
      16
      11
       5
      10
      11
      12
      11
       8
      11
       7
       7
      15
      11
      12
      11
       7
      10
       7
       6
       9
       8
      18
      10
       5
      14
      11
       9
      11
      13
      18
       7
       8
       7
       3
      13
       6
       8
      10
       8
      14
      10
      16
      14
      10
      11
      15
       9
       9
      11
       4
       5
      14
      16
      12
      12
      12
      12
       8
      12
       9
      11
      11
      14
      10
      10
       8
      12
      12
       6
      12
      11
       7
      10
      12
       6
       8
      14
       9
       9
      11
      18
      15
       8
      11
       9
      13
      11
      12
      11
      11
       9
       5
       7
       9
      18
       6
       3
      16
      11
      17
      15
      14
      10
      12
       8
      16
      11
       3
      14
       7
      13
      16
      10
       9
      11
      13
      14
       7
       4
      12
      12
      13
      11
       6
       6
      11
       9
      16
       9
       6
       5
      20
       7
      21
       9
       7
       8
      11
       3
       7
      11
      10
      17
      12
      11
       9
      11
       5
      14
      21
      14
      14
      16
      14
      11
       7
      15
      14
      13
      13
       9
      11
       6
      14
      18
      11
      13
      15
       9
      14
      12
      10
      12
       4
       4
      12
      11
      16
      12
       8
      16
      15
      16
      11
      12
      17
       9
       9
      13
      13
       9
       6
      14
      11
       6
      14
      19
      15
      16
      19
      12
      16
      11
       9
      16
      10
      15
       8
       7
      16
       7
      14
      11
       6
       9
      12
      10
      10
      13
       6
      18
       7
      11
       6
       5
      10
      13
      13
      14
      10
      13
      12
      10
      10
      19
      12
      12
      15
       8
       7
      12
      10
      11
      12
      11
       9
       9
       9
       9
      10
       6
      13
      10
      10
      12
       9
      11
      13
      19
       7
      14
      13
      10
       9
      11
      12
      10
      13
      10
       8
      10
       4
      13
      17
       6
      11
      14
      13
       9
      11
       8
       4
       7
      14
       9
      10
      10
       6
      12
      15
      11
       7
       6
      14
       7
      10
      12
      13
      12
      10
       7
      11
      10
       5
       7
      13
      14
       7
      16
      13
       9
      12
       9
      15
       8
       5
       9
       8
      12
       8
      12
       9
      12
       6
       6
      10
       9
      12
       6
       7
      18
      16
      10
      10
      14
       6
      10
       4
      10
       9
      11
      10
      15
       8
      11
      10
      12
       8
      11
      13
       8
      17
      11
      11
      15
      10
      13
       7
       9
      17
      19
      12
      11
      11
       8
       9
       8
      11
      10
      18
      11
       8
       9
      10
      10
      10
      16
      17
      12
      17
      15
      11
      10
       8
      14
       8
       8
      10
       3
      17
      10
      13
      10
       9
      18
      11
      18
      15
      14
      20
       9
       8
      13
      14
      15
       7
       9
      10
      10
      11
       7
      12
      17
      20
      13
      16
      12
       7
      12
      22
       9
       9
      15
      13
      14
       8
      11
       9
       9
      16
      10
      12
      16
      17
      13
      10
      10
      13
      13
      16
      16
      14
      11
      16
      19
      10
      10
      11
      19
       8
      14
       8
       0
       0
       0
       0
       0
       0
       0
       0
       0
       0
       0
       0
       0
       1
       1
       0
       0
       0
       0
       0
       0
       0
       0
       0
       0
       0
       0
       0
       0
       0
       0
       0
       0
       0
       0
       0
       0
       0
       0
       0
       0
       0
       0
       0
       0
       0
       0
       0
       0
       0
       0
       0
       0
       0
       0
       0
       0
       0
       0
       0
       0
       0
       0
       0
       0
       0
       0
       0
       0
       0
       0
       0
       0
       0
       0
       0
       0
       0
       0
       0
       0
       0
       0
       0
$ROI:
1
712 830
$PRESETS:
None
0
0
$ENER_FIT:
-23.656767 2.297974
$MCA_CAL:
3
-2.365677E+001 2.297974E+000 2.836717E-005 keV
$SHAPE_CAL:
3
0.000000E+000 0.000000E+000 0.000000E+000
