$SPEC_ID:
No sample description was entered.
$SPEC_REM:
DET# 1
DETDESC# DESKTOP-I499GD2 Easy-MCA-2k SN 18191655
AP# Maestro Version 7.01
$DATE_MEA:
02/28/2024 16:48:15
$MEAS_TIM:
53 54
$DATA:
0 2047
       0
       0
       0
       0
       0
       6
      31
      37
     252
     242
     245
     253
     284
     328
     362
     404
     457
     479
     530
     536
     489
     418
     444
     391
     381
     378
     461
     550
     787
    1094
    1204
    1307
    1689
    2045
    1914
    1241
     721
     607
     590
     705
     752
     900
    1058
    1159
    1288
    1394
    1636
    1823
    2029
    2203
    2450
    2673
    2973
    3098
    3081
    3150
    3022
    3280
    3889
    4775
    6580
    9477
   13632
   18048
   20904
   20456
   16836
   12084
    7359
    4201
    2185
    1243
     893
     757
     808
     807
     864
     846
     834
     755
     717
     605
     559
     537
     509
     542
     507
     492
     508
     528
     524
     498
     525
     464
     463
     413
     393
     333
     281
     287
     266
     249
     256
     254
     228
     235
     243
     238
     212
     208
     229
     224
     232
     184
     212
     209
     180
     199
     175
     174
     176
     174
     151
     141
     151
     184
     198
     193
     174
     183
     192
     191
     218
     204
     255
     222
     234
     244
     212
     235
     218
     199
     202
     154
     153
     154
     130
     100
      91
      98
      98
     102
      87
      93
      88
      98
      77
      74
      89
      78
      89
      81
      65
      66
      77
      75
      62
      59
      77
      82
      63
      74
      60
      70
      61
      51
      65
      77
      63
      63
      60
      69
      64
      58
      62
      71
      63
      65
      63
      68
      66
      61
      73
      72
      58
      67
      57
      62
      51
      64
      70
      61
      51
      59
      62
      59
      82
      67
      69
      85
      68
      65
      77
      70
      74
      95
      86
     108
     120
     133
     118
     121
     149
     147
     153
     185
     157
     196
     176
     171
     172
     172
     179
     184
     169
     140
     127
     118
     104
      84
      98
      79
      67
      62
      56
      42
      46
      42
      33
      47
      43
      27
      35
      47
      35
      36
      35
      34
      21
      30
      50
      36
      34
      30
      32
      52
      25
      40
      37
      32
      32
      25
      39
      41
      33
      29
      30
      32
      36
      36
      34
      29
      30
      36
      32
      31
      37
      25
      30
      30
      28
      27
      25
      29
      31
      27
      28
      34
      26
      33
      29
      26
      28
      27
      24
      31
      29
      24
      17
      21
      36
      23
      36
      28
      21
      17
      27
      29
      29
      28
      26
      26
      23
      31
      22
      26
      32
      25
      25
      25
      39
      20
      27
      20
      23
      20
      27
      23
      31
      24
      24
      23
      23
      22
      29
      30
      23
      25
      27
      29
      26
      26
      35
      27
      24
      24
      30
      37
      31
      36
      38
      33
      41
      50
      24
      44
      38
      40
      43
      37
      51
      68
      41
      46
      31
      43
      35
      25
      37
      36
      33
      26
      24
      19
      27
      19
      30
      27
      23
      17
      19
      21
      17
      23
      14
      18
      21
      15
      23
      20
      22
      23
      16
      16
      18
      19
      15
      12
      16
      20
       8
      22
      17
      21
      21
      20
      14
      15
      15
      23
      25
      26
      16
      12
      27
      15
      17
      22
      16
      22
      22
      23
      17
      13
      13
      21
      21
      20
      31
      25
      23
      18
      22
      26
      13
      25
      23
      20
      24
      19
      25
      29
      19
      21
      18
      17
      18
      18
      15
      23
      18
      22
      19
      17
      12
      18
      19
      18
      14
      17
      20
      12
      17
      17
      20
      26
      17
      15
      22
      19
      16
      23
      26
      27
      25
      25
      24
      18
      25
      19
      16
      16
      27
      17
      24
      27
      30
      16
      18
      17
      15
      19
      22
      24
       9
      23
      15
      14
      22
      16
      11
      12
      19
      12
      16
      15
      17
      18
      17
      22
      16
      21
      18
      14
      11
       6
      16
      18
       7
      15
      15
      17
      12
      12
       7
      19
      16
      20
      18
      21
      15
      13
      26
      15
      10
      21
      14
      18
      19
      16
      21
      14
      17
      15
      24
      21
      14
      14
      21
      19
      22
      14
      13
      14
      21
      10
      17
      18
      18
      13
      21
      14
      18
      23
      15
      17
      17
       9
      18
      19
      15
      21
      22
      18
      12
      13
      11
      21
      19
      11
      27
      16
      22
      15
      15
      11
      16
      10
      22
      11
      14
      15
      20
      17
      24
      16
      20
      18
      10
      16
      17
      16
      17
      20
       6
      10
      19
      19
      13
      16
      19
      15
      24
      18
      23
      18
      27
      15
      16
      12
      13
      22
      24
      13
      19
      11
      17
      26
      21
      18
      17
      20
      22
      16
      14
      20
      18
       9
      15
      15
      13
      13
      20
      19
      16
      14
      12
       9
      20
      15
      10
       6
      18
      12
      11
       8
      10
      10
      17
      12
      12
       6
      16
       9
      11
       7
      15
       9
       7
      13
      16
       9
      16
      12
      15
      11
      16
      10
      10
      18
      10
      10
      11
      11
       9
       7
      19
       8
      11
       8
      14
       6
       9
      11
      14
       9
      17
      13
       6
      14
      12
      10
       4
      12
       8
      10
      13
       9
      10
       9
       9
      12
       6
      11
       6
      15
       9
       5
       6
      12
       8
       7
       3
       9
      12
      10
      16
      22
      13
      23
      13
      26
      16
      30
      12
      17
      22
      22
      23
      23
      20
      39
      22
      27
      33
      34
      37
      33
      30
      47
      32
      47
      45
      31
      37
      34
      48
      31
      51
      47
      41
      31
      41
      18
      32
      49
      32
      31
      32
      29
      27
      28
      17
      24
      14
      18
      23
      25
      12
      13
      14
      13
      13
      13
      13
      11
      12
      11
      15
      10
      13
       9
      10
       7
       7
       6
       9
      10
      10
       6
       6
       8
      15
       8
       6
       6
      10
       9
      11
       7
       8
       1
       7
       7
       8
       5
      11
       4
       8
       6
       7
       6
       4
       5
       8
       3
       9
      13
      14
       8
       9
      14
       7
       7
       7
       9
       5
      10
      10
       6
      10
       1
      10
       6
       7
       4
      13
       3
       6
       6
       3
       6
       7
       7
       3
       8
       4
      12
      10
       3
       8
      10
       8
       4
       8
       8
       7
       4
       9
      10
       8
       5
       3
       9
       9
       6
       9
       8
       6
       6
       4
       8
       9
       8
       3
       4
       5
      12
       7
      12
       4
       2
       6
       8
       5
       5
       6
      11
      14
       9
       7
       8
       5
       9
       8
       7
       6
       5
       9
      10
       7
       5
       8
       9
       6
       8
       8
      10
       4
       4
      10
       5
       6
       6
      11
      10
       6
       8
       9
      10
       9
      10
       6
       6
       8
       3
       8
       5
      11
       6
       9
       8
      12
       5
       9
       6
      10
      10
       6
      11
       7
       4
       9
      10
      11
       3
       7
       5
       8
       5
       6
      14
      10
      10
       5
      12
       9
       6
       5
       7
      10
       9
      10
       7
       9
       3
      12
       6
      10
       8
       6
      12
      11
       8
      11
       4
       6
       6
       9
       8
       4
       6
       7
       6
      15
       4
       9
       8
      13
       3
       8
       5
       9
      11
       6
       9
       4
      10
       4
       5
      11
       6
       6
      10
       7
       4
       9
       7
       7
       5
       9
       6
       6
       5
       7
      12
       4
       9
      11
       6
       5
       6
       5
      11
       9
       6
       7
       7
       5
      10
      13
       7
      10
       6
       4
       5
       5
      10
       9
      11
       7
       6
       4
       8
       7
      13
       4
       3
       8
       6
       5
       5
       4
       3
       6
       3
       3
      11
       9
       4
       7
       8
       6
       6
       2
      11
       5
       8
       6
       5
       9
       9
       4
       7
       2
       6
       8
      13
       9
       7
       8
       5
       4
       5
       2
      10
       3
       5
       4
       2
       4
       6
       2
       3
       7
       5
       1
       8
       3
       6
       5
       9
       6
       5
       7
       8
      12
       5
       4
       5
       6
      10
       5
       2
       4
       6
       4
      10
       4
       5
       7
       4
       4
       4
       8
       3
       6
       8
       4
       4
       3
      10
       8
      10
      10
       5
       4
       2
       3
       8
       4
      10
       7
       8
       7
       3
       5
       7
       5
       6
       8
       4
       5
       4
       5
       8
       9
       9
       9
       2
       8
       8
       1
       6
       6
       6
       3
      11
      10
       4
       9
       8
       4
       8
       7
       5
      11
      10
      18
       6
      10
       5
      11
       7
       8
       7
       8
       8
       8
      10
       7
       6
       8
       6
      13
       8
       8
       3
       7
      10
      11
       9
      17
      16
      10
      11
      14
      13
      10
       5
       8
       7
      11
       7
       7
      11
       7
       5
       8
      10
      12
       9
       8
      10
       5
       8
       7
       5
       5
       9
       6
       3
       5
       9
      13
       6
       5
       3
       4
       4
      10
       5
      11
       6
       2
       2
       9
       4
       7
       6
       4
       3
       4
       5
       6
       6
       9
       9
       4
       6
       8
       9
       7
       4
       9
       5
       7
       7
       6
       2
       6
       4
      10
       4
       3
       6
       4
       8
       7
       7
       4
       7
       6
       2
       6
       8
       4
       7
       4
       4
       6
       4
       7
       3
       9
       4
       6
       5
       8
       7
       3
       2
       4
       9
       6
       3
       4
       2
       7
       2
       7
       6
       4
       3
       7
      11
       3
       6
       5
       5
       7
       6
       4
       7
       7
       3
       5
       6
       5
       2
       3
       3
       4
       7
       5
       2
       6
       5
       3
       4
       5
       4
       5
       7
       4
       7
       9
       4
       3
       2
       5
       5
       3
      14
       4
       6
       5
       6
       4
       4
       4
       2
       6
       4
       4
       5
       3
       8
       8
       2
       4
       4
       3
       6
       2
       8
       3
       6
       9
       5
       5
       3
       2
      10
       5
      10
       6
       8
       4
       5
       6
       6
       2
      11
       5
       6
       7
       5
       5
       4
       3
       7
       5
       2
       6
       3
       3
       6
       6
      11
       5
       4
       7
       7
       5
       3
       6
       5
       3
       7
       9
       9
       7
       4
       5
       6
       4
       5
       6
       4
       8
       7
       7
       7
       9
       9
       7
       7
       7
       4
       5
       5
      14
       5
       3
       4
       6
       5
       3
       6
       5
       3
       7
       7
       6
       5
       5
       5
       8
       2
       6
      11
       2
       6
       6
       3
       6
       0
       5
       2
       5
       4
       4
       5
      11
       2
       4
       5
       3
       6
       7
       7
       6
       7
       5
       7
       4
       4
       8
       2
       8
       5
       6
       6
       8
       4
       5
       5
       6
       5
       4
       6
       4
       6
       8
       3
       8
       5
       5
       3
       6
       5
       4
       2
       5
       7
       6
       1
       5
       5
       3
       4
       5
       5
       4
       5
       5
       6
       6
       4
       7
       9
       4
       5
       5
       6
       5
       8
       5
       7
       7
       2
       7
       6
      11
       2
       4
       6
       4
       7
       5
       3
       6
       9
       4
       3
       8
       3
       6
       7
       6
       5
       5
      10
       7
       6
       4
       3
       6
       9
       5
       1
       8
       6
       6
       5
       7
       9
       7
       4
       8
       4
       4
       7
       6
       7
       8
       7
       6
       1
       5
       7
       4
       6
       8
       4
       7
       5
       5
       5
       4
      10
       8
       5
       8
       6
       3
       6
       8
       8
       2
       5
       4
       6
       4
       2
      11
       6
       9
       6
       3
       6
       6
       7
       6
       4
       9
       8
       6
       6
       2
       9
       5
       5
       6
      11
       8
       5
       4
       3
       3
       7
       7
       6
       2
       7
       3
       9
       2
       1
      10
       6
       9
       4
       7
       7
      11
       3
       9
       6
       6
       6
       6
       3
      11
       3
       9
       7
       5
       5
       5
       5
      12
       8
       7
       7
      10
       5
       7
       9
       8
       8
       7
       4
       8
       6
       5
       3
       7
       6
       3
       7
       6
      17
       4
       6
       8
       7
       8
       6
       5
       2
       5
       5
       7
       2
       9
       6
       7
       1
       8
       6
       4
       1
      10
       5
       8
       4
       4
       8
       9
       6
       3
       7
       5
       2
       6
       5
       6
       5
       4
       2
       8
       3
       4
       5
       4
       5
       7
       7
       8
       6
       3
       7
       8
       6
       8
       3
       9
       7
       6
       9
       9
       5
       5
       3
       6
       7
       7
       4
       4
       7
       3
       7
       8
      10
       4
       5
       4
       6
       6
       6
       2
       7
       8
       5
       3
       9
       4
       4
       5
       5
       6
       4
       3
       9
       7
       3
       3
       7
       3
       5
      10
       5
      10
       8
       9
       8
       4
       5
       4
      11
       8
       5
       4
       7
       8
       5
       5
       5
       6
       8
       6
       5
       7
       5
       6
       6
       6
       4
       9
       5
       3
       5
       8
       6
       3
       6
       3
       8
       5
       4
       4
       5
       4
       5
       4
      15
       3
       5
       1
       5
       7
       7
       9
       7
       6
       6
       4
       6
       6
       8
       8
       6
       3
       3
       8
       8
       8
       8
       8
       7
       5
       6
       9
       9
       5
       7
       9
       6
      12
      13
       5
       6
       3
       8
       7
       7
       7
       3
       7
       4
      12
       5
       6
       8
       8
       7
       8
       5
      14
       5
       8
       4
       9
       8
       8
       9
       7
       8
       2
       4
       3
       7
       4
       7
       4
       2
       4
       9
       4
      13
       8
       6
       7
       5
       6
       5
       7
       6
       7
       5
       7
       3
       3
       5
       6
       3
       6
      12
       3
       9
       6
       8
       6
       4
       6
       8
       3
       4
       8
       6
       6
       3
       0
       0
       0
       0
       0
       0
       0
       0
       0
       0
       0
       0
       0
       0
       0
       0
       0
       0
       0
       0
       0
       0
       0
       0
       0
       0
       0
       0
       0
       0
       0
       0
       0
       0
       0
       0
       0
       0
       0
       0
       0
       0
       0
       0
       0
       0
       0
       0
       0
       0
       0
       0
       0
       0
       0
       0
       0
       0
       0
       0
       0
       0
       0
       0
       0
       0
       0
       0
       0
       0
       0
       0
       0
       0
       0
       0
       0
       0
       0
       0
       0
       0
       0
       0
$ROI:
1
712 830
$PRESETS:
None
0
0
$ENER_FIT:
-23.656767 2.297974
$MCA_CAL:
3
-2.365677E+001 2.297974E+000 2.836717E-005 keV
$SHAPE_CAL:
3
0.000000E+000 0.000000E+000 0.000000E+000
