$SPEC_ID:
No sample description was entered.
$SPEC_REM:
DET# 1
DETDESC# DESKTOP-I499GD2 Easy-MCA-2k SN 18191655
AP# Maestro Version 7.01
$DATE_MEA:
02/28/2024 16:57:44
$MEAS_TIM:
122 125
$DATA:
0 2047
       0
       0
       0
       0
       1
       9
      35
      61
     548
     412
     443
     492
     561
     684
     781
     783
     864
     975
    1098
    1152
     907
     904
     869
     809
     770
     755
     865
    1226
    1735
    2368
    2687
    2825
    3639
    4718
    4212
    2622
    1509
    1208
    1237
    1335
    1644
    1848
    2164
    2458
    2810
    3146
    3674
    3900
    4542
    4999
    5379
    5888
    6418
    6869
    6940
    6792
    6966
    7489
    8608
   10810
   14944
   21698
   31389
   41383
   48057
   46195
   38072
   26864
   16339
    8895
    4656
    2666
    1910
    1863
    1770
    1761
    1760
    1895
    1690
    1586
    1508
    1334
    1160
    1102
    1079
    1016
    1025
    1008
    1070
    1087
    1115
    1113
     997
     957
     912
     821
     786
     622
     594
     544
     590
     516
     469
     485
     480
     423
     415
     413
     421
     433
     414
     403
     391
     413
     391
     363
     352
     361
     346
     315
     344
     333
     318
     341
     317
     315
     307
     325
     307
     332
     330
     380
     393
     427
     492
     480
     489
     461
     463
     431
     416
     392
     342
     308
     292
     267
     214
     208
     164
     158
     149
     143
     150
     126
     133
     160
     148
     116
     138
     116
     120
     111
     135
     113
     124
     107
     100
     132
     109
     134
     114
      96
      97
     111
      96
      93
      99
      98
     102
     111
     103
      81
      98
      99
      88
      95
     119
      81
      96
      89
      87
      80
     105
     117
     100
     104
     107
      92
     105
      99
      93
     103
     100
      95
      79
      97
     108
     114
     109
     117
     110
     115
     116
     109
     129
     160
     149
     162
     178
     201
     207
     234
     225
     245
     281
     289
     239
     312
     271
     305
     291
     310
     287
     272
     237
     231
     173
     210
     149
     137
     164
     127
     112
      88
      85
      82
      60
      68
      56
      66
      50
      52
      58
      42
      51
      43
      38
      50
      46
      40
      53
      50
      51
      36
      49
      54
      47
      36
      51
      53
      47
      44
      37
      47
      47
      42
      42
      65
      43
      51
      52
      32
      49
      27
      37
      33
      28
      35
      42
      29
      44
      46
      32
      38
      23
      34
      37
      36
      34
      44
      50
      38
      34
      28
      39
      26
      38
      30
      25
      37
      34
      20
      35
      33
      26
      36
      34
      38
      32
      24
      22
      32
      25
      30
      33
      28
      34
      28
      27
      20
      33
      30
      28
      34
      28
      29
      31
      34
      19
      28
      26
      29
      39
      28
      31
      31
      36
      29
      36
      35
      34
      32
      38
      35
      54
      50
      38
      58
      45
      46
      45
      47
      51
      60
      50
      66
      64
      73
      57
      57
      66
      70
      78
      59
      67
      49
      62
      45
      51
      58
      58
      48
      44
      49
      27
      46
      30
      25
      28
      30
      37
      27
      21
      28
      22
      23
      26
      15
      24
      14
      23
      26
      19
      20
      20
      12
      21
      16
      22
      27
      22
      15
      35
      16
      17
      25
      17
      16
      15
      24
      25
      20
      14
      25
      24
      18
      16
      16
      23
      25
      15
      22
      26
      25
      16
      21
      25
      33
      22
      21
      24
      26
      20
      14
      17
      28
      17
      11
      20
      17
      21
      18
      17
      26
      21
      23
      18
      20
      25
      21
      23
      23
      23
      22
      15
      17
      19
      22
      16
      18
      24
      19
      19
      19
      31
      17
      18
      24
      28
      22
      26
      33
      25
      33
      29
      28
      36
      26
      29
      23
      33
      27
      32
      24
      24
      24
      19
      19
      27
      22
      28
      24
      21
      19
      28
      15
      10
      21
      21
      21
      25
      10
      14
      12
      17
      14
      12
      11
      11
      23
      14
      18
      19
      19
      15
      19
      18
       9
      16
      16
      19
      19
      21
      19
      21
      21
      18
      18
      18
      18
      21
       7
      17
      18
      16
      21
      14
      15
      18
      18
      19
      14
       9
      18
      12
      11
      16
      21
      14
      18
      12
      16
       8
       8
      16
      12
       7
      25
      12
      14
      16
      12
      13
      16
      16
      16
      18
      16
       9
      20
      11
      14
      17
      15
      12
      25
      14
      22
      23
      24
      20
      24
      16
      20
      20
      12
      17
      15
      17
       9
      23
      13
      12
      22
      22
      24
      15
      19
      23
      15
      18
       9
      12
      15
      18
      23
      16
      12
      15
      16
      19
      17
      14
      17
      19
      12
      16
      12
      13
      24
      25
      19
      16
      23
      19
      24
      12
      28
      22
      23
      16
      17
      20
      17
      12
      23
      11
      19
      13
      13
      27
      13
      15
      11
       6
       7
      22
      12
       9
      14
      21
       8
      10
       9
      13
       6
      13
       9
      15
      10
      18
      10
       8
      12
      12
      10
      14
      13
      10
      17
      13
      13
       8
      12
       6
       9
       7
      12
      12
      11
      12
      12
      12
       7
       7
      10
      13
      12
      10
      10
       6
       9
       7
      10
      12
      11
      15
      11
       9
       7
      11
       6
       9
       8
      10
       8
      10
      14
       9
      18
      13
      12
      10
       9
       9
       7
      15
      11
      14
       9
      17
      15
       7
      14
      10
      10
      10
       9
       9
      13
      16
      20
      17
      16
       6
      14
      12
      13
      14
      27
      20
      23
      21
      14
      12
      22
       7
      22
      22
      20
      12
      13
      20
      24
      14
      17
      18
      19
      17
      20
      22
      21
      21
      19
      16
      14
      22
      14
      17
      13
      15
       8
      14
      15
      16
      21
      16
       6
      15
       6
      10
      16
      15
       9
      12
      11
      10
       5
       8
      12
      12
      10
      10
      10
       8
       9
       6
       7
      15
      17
      12
       7
       4
       9
      10
       9
       8
       7
       7
      11
      11
       8
       7
       7
      13
       8
      13
      12
       8
      15
      15
       7
       9
      11
      10
      13
      12
       6
       7
       9
      10
       9
       8
       7
       5
       6
      10
       7
       9
       7
       9
      13
       9
       8
       7
      10
      10
       4
       8
      11
       7
      10
      10
       5
       5
      11
      12
      10
       9
       7
       6
       4
       8
       4
      10
      11
       7
      11
       6
       3
       8
      10
       9
       6
      10
      10
      11
      14
       8
       8
      12
      10
      17
      11
       8
       6
       3
       8
       9
      15
       6
      12
      12
      10
       7
       5
      11
      12
       6
       9
       9
       4
       5
       8
      10
      11
      12
       7
       7
       9
      10
       7
      13
       9
      13
       9
       9
       9
      12
      12
       9
       6
      12
       3
       6
       1
      10
       7
       8
       6
       7
       7
       6
       5
       8
       8
       5
       9
       7
      11
      11
      12
      11
      11
      13
       7
       9
       9
       6
       7
      13
       9
       7
       5
       7
       9
      10
       3
      12
      20
       7
      10
       3
       6
       3
       4
       7
       5
      14
       5
       8
       7
      10
      10
       8
       4
       7
      11
      10
       9
       7
      11
       9
       3
       9
      14
       7
       6
       6
      10
      11
      11
       9
      13
      10
       8
       7
       8
       7
       8
       7
       7
      15
       6
      10
       9
      12
       9
       3
       3
      10
       5
       9
      19
       9
       9
       7
       8
      14
       9
      11
       8
      14
       6
       8
       4
       9
       7
       8
      10
      10
       1
       7
       9
      11
       7
      12
       6
       5
       7
       5
       7
      11
       4
       9
       3
       8
       3
       6
       3
      10
       9
       8
       7
      14
       6
       8
       8
       6
       6
       8
      12
       4
      11
       6
      11
       6
       5
       9
       7
       9
       8
       7
       7
       4
       9
       3
      10
       3
      10
       9
       7
       3
       9
      15
       7
       5
      11
       6
       4
       9
      10
       5
       9
      14
       5
       6
      10
       7
       3
       9
      11
      14
       5
       7
       3
      10
       7
       8
       5
       5
       6
       8
       6
       7
      11
       8
      15
       9
      12
       7
      10
      10
       7
       6
       9
       5
       9
       2
       9
       7
       8
       7
       9
       8
       3
       7
      10
       7
       7
       8
       6
       5
       7
       5
       7
       9
       6
      10
      10
       4
       6
       5
       8
       6
       9
       8
       9
      11
       5
      11
      11
       8
       9
       9
       7
       1
       8
      10
       4
       8
       3
       5
       9
       9
      12
       7
       5
       9
       8
       8
      10
       9
       9
       9
       7
       7
       8
       9
       5
      11
       9
       7
      10
      12
       7
       9
      12
       9
       9
       5
       8
       6
       8
       8
      10
       6
      12
       8
      12
       9
       5
      11
       5
      12
      11
      10
      10
      11
      11
       8
       9
       8
      11
       9
       7
      10
       5
      10
       9
       3
      14
       8
       3
       5
      14
       5
       5
       4
       9
       6
       9
       5
      11
       9
       6
       8
       7
       5
       2
       2
       4
      11
       9
       7
      12
      13
      11
       6
       5
       6
      11
       9
       4
       5
       7
       7
       7
       8
       8
      14
       4
      14
       9
      11
       6
       4
       8
       8
       7
       2
      14
       7
      10
       7
      10
      10
       8
       3
       5
       6
       8
      10
       8
       7
       8
      10
      11
       6
       2
       6
       6
       7
       8
      10
       6
       8
      17
       7
       6
       4
       6
       7
      11
       5
       4
       6
       8
       9
       7
       9
       6
      15
       9
       6
      12
       7
       9
       5
       4
       4
       7
       7
       5
       4
       8
       7
       8
       7
       6
      10
       5
       3
       6
      15
       6
       6
       8
      10
       8
       8
       6
       6
       7
       5
       2
       6
       5
       7
       6
       6
      11
       9
       6
       7
       4
       8
       6
       6
       5
       8
       3
       6
       1
       5
       9
       7
       5
       7
       8
       6
      13
       9
       8
       8
       4
       9
      12
       6
       4
       7
      11
      11
       6
       5
       6
       8
       7
      10
       4
       7
       7
       7
       8
       6
       5
       7
      10
      10
       4
       7
       9
       5
       7
      10
      14
       8
       3
       7
       6
       6
       5
      15
       8
       7
       4
       8
       3
       5
       6
      10
       6
       7
       5
      13
       9
      10
       4
       7
       5
       6
       7
       2
       9
      10
       9
       9
       8
      12
      14
       1
       6
       5
       9
       4
      10
      12
       9
       6
       5
       6
      13
      10
       7
       6
      10
       7
       7
      10
      12
      10
       4
       9
       2
      10
       9
       3
       7
       9
       9
       4
       2
      13
      10
      11
       5
       9
      12
       7
       9
       6
       8
       5
       3
      10
       8
       7
      12
       7
      11
       5
      10
       6
      11
       5
      11
      11
      13
      11
      10
      11
      13
       8
      11
       7
       9
      11
       7
       9
       6
      12
       7
       3
      10
      10
       5
       6
       6
      11
      11
       8
       4
      12
      10
       9
       6
       7
       5
      12
       4
       8
       6
       8
       8
       9
       9
       8
      13
       8
      14
       6
       9
      10
       8
      11
       9
      10
       7
       7
       8
      11
       8
       7
       5
      12
       3
      16
       9
       7
      12
       4
       6
       6
       9
      13
      11
       9
       9
      11
       5
       7
       8
       6
       5
      11
       6
      12
      13
      12
       8
       5
       6
      16
      13
      12
       5
       8
      10
      11
       8
       5
       7
       4
       7
       6
       4
       8
       7
       9
       5
       8
      10
       9
      10
       8
      12
      11
      13
       6
       6
      10
       8
      14
      10
       9
       9
      11
      11
      10
       8
       3
      15
      14
      10
       9
       5
      14
       7
       8
       7
       5
      11
      10
       8
      13
       8
      10
       9
       8
      15
      10
       6
       5
       6
       7
      12
       6
       4
      11
       8
       7
       8
       2
      10
       6
      11
      11
       6
      15
       6
       9
       8
       8
       3
      10
       8
       4
       5
       4
       8
      13
       9
       8
      11
       9
      11
      14
       8
       6
       9
       5
      10
      13
      11
       6
       9
       8
      12
       8
      12
       5
      14
      12
      10
       6
      10
      17
      14
       7
      10
       4
       5
       8
       8
       9
      13
      15
      14
       5
      14
       8
      11
       7
       7
       8
      11
       8
      11
       6
      11
      11
       4
      10
      14
       6
      10
       5
       8
      12
       9
       6
      10
      10
       9
       6
       8
       6
      12
      11
       7
      18
      10
      14
       8
      13
       2
      10
      10
       7
      10
       9
      11
       8
      10
      15
       8
       9
       9
      12
      10
       7
      16
      10
      11
       6
      13
      11
       6
      10
      12
       8
      13
       9
       7
      16
       5
       9
       9
      12
      13
       4
      12
       7
      11
      12
      13
      12
      17
       7
      11
      11
       8
       9
       8
       8
       8
       5
      15
       7
      11
       9
       5
       5
      11
       5
       8
      10
      14
      11
      13
       6
       8
      11
       3
       8
       7
      12
       8
       8
      10
      10
       6
       6
      10
       7
      12
       7
      13
       5
      14
       6
       7
      14
      11
      15
      12
      13
      13
      10
      13
       8
       9
      10
      15
       9
      14
       5
      10
       8
       9
      11
       9
      26
      14
       9
      13
       8
       7
      10
       7
      10
       9
      14
      16
       6
      13
       8
       8
      10
      10
       7
      12
      12
      10
       7
       9
       8
      11
      16
      12
      14
      12
       9
      12
      11
       7
      11
       9
       7
      16
      10
       8
       9
       8
       8
       6
       8
      12
      12
      11
       5
       9
       8
       7
      15
      12
       3
      12
      18
       8
      11
       9
      11
      12
      13
       7
       8
       7
      18
      12
      11
      11
      12
      11
      19
       8
      12
      11
       9
       8
      12
      11
      12
      12
       8
      10
       9
      11
      10
      15
       7
       8
       5
       9
       0
       0
       0
       0
       0
       0
       0
       0
       0
       0
       0
       0
       0
       0
       0
       0
       0
       0
       0
       0
       0
       0
       0
       0
       0
       0
       0
       0
       0
       0
       0
       0
       0
       0
       0
       0
       0
       0
       0
       0
       0
       0
       0
       0
       0
       0
       0
       0
       0
       0
       0
       0
       0
       0
       0
       0
       0
       0
       0
       0
       0
       0
       0
       0
       0
       0
       0
       0
       0
       0
       0
       0
       0
       0
       0
       0
       0
       0
       0
       0
       0
       0
       0
       0
$ROI:
1
712 830
$PRESETS:
None
0
0
$ENER_FIT:
-23.656767 2.297974
$MCA_CAL:
3
-2.365677E+001 2.297974E+000 2.836717E-005 keV
$SHAPE_CAL:
3
0.000000E+000 0.000000E+000 0.000000E+000
