$SPEC_ID:
No sample description was entered.
$SPEC_REM:
DET# 1
DETDESC# DESKTOP-I499GD2 Easy-MCA-2k SN 18191655
AP# Maestro Version 7.01
$DATE_MEA:
02/28/2024 16:25:38
$MEAS_TIM:
44 46
$DATA:
0 2047
       0
       0
       0
       0
       0
       8
      30
      54
     338
     239
     246
     240
     251
     295
     313
     374
     377
     392
     410
     467
     433
     421
     379
     353
     349
     378
     398
     478
     670
     871
     997
    1023
    1282
    1594
    1527
    1064
     683
     508
     585
     595
     686
     767
     843
     905
    1116
    1157
    1346
    1399
    1676
    1810
    1965
    2125
    2316
    2362
    2554
    2513
    2402
    2723
    2973
    3643
    4730
    6810
    9678
   13107
   15168
   15287
   12921
    9491
    6001
    3439
    1895
    1125
     843
     661
     622
     710
     690
     700
     731
     634
     584
     517
     486
     494
     460
     474
     418
     455
     461
     506
     484
     467
     435
     421
     403
     358
     373
     316
     284
     292
     302
     286
     261
     281
     273
     247
     227
     258
     257
     265
     238
     252
     240
     223
     213
     230
     223
     231
     204
     192
     209
     205
     170
     220
     208
     186
     208
     216
     176
     206
     197
     215
     231
     206
     244
     231
     209
     225
     223
     241
     208
     201
     216
     182
     157
     147
     171
     130
     148
     136
     129
     131
     114
     129
     124
      95
     115
     103
     117
     103
     100
     100
     102
      98
     133
     109
     107
      98
      95
      94
      83
      98
      97
      94
     100
     101
      98
      93
     113
      90
     100
      93
      91
     100
      75
      94
      94
      90
      97
     100
      95
      84
      99
      90
      91
      87
      96
      92
      63
      99
      96
      86
      84
     100
      88
     105
      91
      75
      85
      83
      96
      80
     106
     112
     119
     102
     107
     142
     146
     157
     150
     157
     179
     213
     192
     195
     193
     228
     222
     211
     241
     238
     205
     211
     200
     191
     171
     178
     136
     137
     125
     103
      80
      93
      58
      74
      72
      61
      59
      62
      56
      61
      64
      51
      64
      53
      59
      57
      70
      51
      52
      51
      52
      46
      45
      49
      51
      48
      63
      50
      41
      49
      46
      64
      51
      55
      39
      55
      45
      38
      39
      62
      53
      50
      53
      63
      57
      38
      46
      42
      56
      38
      48
      50
      45
      47
      33
      43
      42
      42
      46
      39
      56
      55
      54
      56
      45
      47
      44
      51
      41
      44
      32
      44
      46
      31
      53
      55
      38
      37
      51
      50
      45
      42
      31
      35
      37
      42
      48
      45
      40
      40
      43
      37
      42
      35
      48
      48
      36
      45
      32
      33
      38
      37
      48
      47
      34
      43
      45
      34
      42
      41
      44
      43
      51
      47
      46
      45
      54
      46
      49
      64
      57
      58
      61
      68
      64
      50
      55
      63
      53
      59
      42
      42
      52
      61
      38
      44
      50
      52
      49
      43
      51
      30
      39
      34
      33
      39
      39
      41
      34
      31
      36
      33
      48
      30
      42
      28
      35
      33
      43
      29
      28
      25
      30
      36
      32
      32
      33
      33
      31
      46
      28
      20
      29
      35
      30
      35
      33
      34
      27
      32
      41
      32
      28
      37
      33
      36
      37
      38
      37
      36
      47
      35
      31
      43
      39
      41
      41
      40
      37
      49
      48
      38
      44
      31
      44
      35
      28
      40
      35
      30
      26
      33
      39
      34
      41
      28
      28
      37
      32
      32
      28
      29
      30
      29
      27
      26
      24
      32
      32
      39
      23
      42
      22
      19
      28
      18
      39
      30
      37
      36
      30
      36
      31
      31
      33
      28
      25
      33
      44
      34
      33
      24
      36
      29
      38
      31
      23
      40
      28
      41
      34
      39
      41
      34
      34
      24
      27
      17
      22
      28
      31
      34
      34
      28
      20
      29
      24
      31
      29
      41
      21
      23
      35
      33
      31
      30
      22
      31
      29
      23
      34
      24
      26
      30
      42
      37
      28
      31
      32
      28
      31
      44
      38
      41
      38
      33
      25
      36
      34
      24
      36
      37
      43
      31
      38
      39
      42
      31
      40
      32
      39
      36
      28
      30
      37
      33
      31
      31
      21
      29
      33
      33
      29
      26
      26
      40
      29
      38
      33
      33
      32
      31
      32
      37
      28
      24
      31
      39
      21
      28
      24
      34
      31
      34
      30
      46
      26
      17
      23
      38
      27
      36
      37
      38
      31
      27
      26
      30
      28
      37
      27
      31
      30
      35
      32
      33
      31
      39
      31
      32
      23
      31
      37
      44
      31
      37
      34
      26
      32
      40
      35
      44
      39
      28
      35
      20
      29
      34
      34
      30
      38
      33
      37
      28
      35
      32
      40
      35
      36
      29
      23
      34
      27
      29
      25
      28
      18
      24
      26
      29
      38
      19
      31
      25
      25
      25
      26
      18
      21
      17
      26
      20
      16
      29
      20
      24
      32
      19
      22
      21
      18
      19
      14
      26
      16
      15
      17
      15
      12
      26
      16
      11
      18
      20
      19
      19
      23
      15
      14
      16
      12
      19
      17
      14
      22
      23
      15
      18
      14
      20
      16
      16
      14
      20
      15
      21
      16
      17
      16
      23
      20
      22
      14
      18
      16
      21
      25
      18
      19
      28
      24
      20
      26
      26
      23
      34
      31
      38
      38
      42
      32
      54
      55
      53
      43
      41
      49
      77
      56
      59
      87
      67
      67
      83
      81
      85
     110
      95
      94
      89
      99
      88
     111
      82
      80
      88
      83
      97
      71
      75
      93
      85
      66
      69
      80
      65
      50
      59
      50
      55
      49
      61
      49
      41
      43
      37
      40
      28
      29
      21
      31
      16
      29
      18
      19
      24
      21
      18
      11
      17
      19
      17
      22
      19
      12
      15
      16
      13
      19
      14
      14
      14
      13
      13
      11
      15
      19
      16
      15
      15
      18
      16
      10
      17
      11
      15
      11
      11
      17
      16
      15
      10
      16
      15
      12
      13
      15
      21
      11
      21
      15
       8
      16
      15
      12
       9
      18
       6
      16
       9
      15
      12
       7
       9
       8
      12
      16
       8
      16
      10
      10
      21
      18
      15
      17
       7
      10
      13
      13
      12
       7
      12
      15
       7
       9
      14
      15
      15
      10
      14
      14
      15
      11
      14
      13
       8
      13
      13
      16
       7
      17
      14
      11
      15
      11
      18
      14
      12
      14
      13
      10
      16
      10
      10
      13
      14
      13
      15
      17
      10
      16
      18
      13
      16
      17
      17
      11
       8
      18
      12
      15
      14
      14
       8
      11
       9
       9
      13
      12
      12
      19
      18
       8
      11
      13
       9
      16
      14
      15
      17
      10
      14
      10
      15
      12
      11
      13
       6
      11
      14
      10
      14
      14
      14
      13
       6
      10
      10
      12
      15
      10
      12
      10
      13
       9
      11
      14
      10
      10
      17
      10
      19
      16
      14
      18
      20
      10
      10
      11
      14
      17
      14
      11
      10
      16
      11
       9
      14
      11
      14
      14
      14
      14
      15
      18
      12
      13
      11
      20
      14
      16
      14
      21
      12
      15
      19
      16
       9
       9
      16
      14
      19
      19
      14
      17
      12
      10
      13
      17
      16
      12
      11
      21
       8
       9
      16
      20
      13
      19
      15
      17
      14
      12
      11
      17
      12
      15
      12
       9
      18
      18
       7
       9
       9
      11
      11
      11
      14
      14
      14
      13
      10
       7
       9
      13
      12
      12
       9
      14
       8
      16
      10
      11
      13
      16
      11
       9
       8
       8
      10
      10
      15
      15
       9
      12
      20
       9
      18
      11
       2
       9
       8
       9
       8
       7
       8
      20
      10
       8
       9
       7
      10
       8
      11
       9
       8
       8
      10
       7
      12
      10
      14
       9
      12
      13
       5
       8
       8
      19
      10
       7
       7
      11
       9
      10
      10
      15
      12
       9
       7
      10
      11
       6
      13
      11
      10
       8
       9
       9
      10
      12
       8
       8
      14
      13
       5
       6
       4
       8
       8
       9
      11
       9
       6
      13
       4
      12
      14
      12
       9
       9
      14
      10
       9
      11
       5
       8
      11
       1
       9
       7
       9
       9
       6
       8
       5
       8
      10
      13
       9
      12
       8
      14
      11
       6
       8
      10
       9
       9
      10
       6
      17
      15
      14
      17
      18
      13
      13
      21
      12
      18
      17
      10
      23
      11
      20
      23
      15
      16
      19
      16
      11
      18
      25
      16
      11
      20
      23
      16
      16
      26
      14
      24
      17
      19
      24
      15
      21
      23
      14
      16
      10
      17
      17
      17
      13
      13
      26
      12
      14
      16
       7
      13
      17
      15
      13
      14
      15
      14
      17
      13
       9
      15
      16
       7
       5
       8
      10
      18
      13
      12
      15
      13
      10
       7
      11
      15
      12
      11
       6
      12
      12
       6
       9
      10
      14
       7
       6
       9
       6
      10
       7
       9
       7
      11
      10
      11
       4
       8
       8
       8
       4
      11
      10
       9
       9
       3
      13
       7
       7
       7
      11
       7
      11
       9
       8
       8
       7
       9
       5
       9
       9
       8
       8
       8
       5
       7
       8
       8
      16
      10
       6
       6
      11
       6
      14
       6
       7
       7
       9
       5
       4
       7
       5
       6
      11
       5
       4
       9
       5
      15
      10
      10
       2
       8
       7
       4
       9
      13
       9
      13
       5
       5
       8
       8
      11
       8
       9
       5
       6
       9
      12
      12
       3
       6
       3
      10
       5
       7
       8
       9
       3
       3
      17
      10
       6
       6
       3
       9
      12
       7
       7
       8
       9
      12
       7
       7
       5
      10
       7
       8
       6
       9
       5
      10
       9
       8
       6
       8
       9
      10
       6
       6
      14
       8
      10
      10
       9
       8
       8
       8
       5
      10
      13
      11
       9
       9
      15
       9
       8
       5
      10
       6
      13
      11
       7
       9
       9
       5
       2
       9
       9
       4
       6
       6
       5
       6
       7
       8
       1
      11
       5
      14
      10
       9
       4
       7
       9
       5
       9
      11
       6
      13
       9
       6
       4
       8
      10
       8
       5
      14
       7
      11
       8
      12
       8
       7
      14
      10
      12
      10
       5
       6
       8
       6
      11
      12
       6
       6
       8
      14
       9
       9
       9
       7
       5
       5
       6
       9
       8
      11
      10
      11
       9
       8
       8
       9
      10
      10
       3
      12
      10
       9
      10
      11
       9
      12
       7
       9
       2
       8
       5
       2
       9
      13
      10
       7
       8
       9
       6
       8
       5
      10
       8
       9
       7
       8
       9
       7
       9
       8
       9
       9
       6
       9
       9
      13
       6
       4
       5
       9
       4
       9
      10
       6
       7
      10
       9
       5
       4
       7
       4
       7
      10
      10
      16
       5
       9
       9
       5
       6
       5
       8
       7
      10
       7
       7
       6
       9
       8
      12
       9
       4
       9
       4
       5
      14
      10
       9
       5
       5
       7
      16
       8
      11
       9
       6
       5
       9
       7
      11
       7
      10
       4
       7
      12
      12
       4
       7
      12
      11
       9
       7
       7
       4
      14
      10
       9
      13
       8
       8
       8
       9
       6
       7
      11
       7
       8
       5
       8
      11
       8
       7
       7
       5
       5
       9
       7
       9
       6
      10
       8
       9
       7
       6
      12
       6
       5
       7
       9
       9
       6
       9
       6
       5
      11
      11
       8
       6
       7
      10
       7
      10
      14
      17
      15
       6
       6
       6
       7
       6
      14
       6
      11
      11
      11
       4
      11
       9
      10
      12
       5
       6
      14
      12
      12
      11
       8
      12
      12
      13
      10
       3
       5
       9
       7
       5
      10
      11
      12
       7
      10
       7
      10
       7
      16
      10
      13
       9
      12
      14
       9
      14
      13
       5
       6
       9
      12
       5
      11
      11
       7
       9
      11
       3
      10
      12
       7
      12
      10
       7
      13
       6
       9
      10
      11
      11
      13
       7
       7
       5
       2
       8
       4
       6
      13
       6
       6
       9
      15
      10
       5
       8
       7
       9
       8
      13
       8
      15
       8
       6
       9
       5
      10
      10
      13
       5
      19
       9
       3
      10
      12
       6
       8
       8
      10
       4
       4
       6
       9
       6
       8
      11
      10
      10
       3
       7
       9
       8
       6
      12
      10
       4
      10
       8
       5
      10
      11
      11
      12
       6
      15
       7
       4
       6
      12
      11
       6
       8
      13
       8
       7
       6
       9
      19
       8
       7
       4
      10
      13
       9
       7
       8
       6
      10
      10
      11
       6
       5
      11
       7
      10
      12
       9
      10
      14
       7
       9
      10
       5
       3
       4
      10
       7
       9
       4
      13
      11
       6
       8
       7
       9
       6
      12
       9
       9
       8
      10
       8
      11
       8
       8
       8
       8
      12
       9
      11
       7
      11
       9
      15
      16
      11
      14
       5
       8
       6
       9
       7
       7
       8
      11
       7
      16
       7
      12
       9
      10
      11
       8
      14
      14
       7
       3
      10
      11
      11
       8
       9
       8
      13
      11
       9
       8
      15
       9
       8
       7
      10
       9
      12
       9
      13
      13
      14
       6
       9
      10
      15
      10
       8
       7
       6
      14
      11
      13
      10
      12
      10
      13
       9
      15
       9
       9
       6
      13
      14
      12
      14
       9
       5
      13
       9
      11
      12
       7
      10
      14
       5
      12
       8
       9
      12
      13
       9
       7
      11
      10
       8
      11
       9
      15
       9
       7
      12
      10
       9
       8
       9
       9
      15
       6
       7
       7
      11
       9
       9
       6
      11
      12
      10
       3
       2
       1
       0
       0
       0
       0
       0
       0
       0
       0
       0
       0
       0
       0
       0
       0
       0
       0
       0
       0
       0
       0
       0
       0
       0
       0
       0
       0
       0
       0
       0
       0
       0
       0
       0
       0
       0
       0
       0
       0
       0
       0
       0
       0
       0
       0
       0
       0
       0
       0
       0
       0
       0
       0
       0
       0
       0
       0
       0
       0
       0
       0
       0
       0
       0
       0
       0
       0
       0
       0
       0
       0
       0
       0
       0
       0
       0
       0
       0
       0
       0
       0
       0
       0
$ROI:
1
712 830
$PRESETS:
None
0
0
$ENER_FIT:
-23.656767 2.297974
$MCA_CAL:
3
-2.365677E+001 2.297974E+000 2.836717E-005 keV
$SHAPE_CAL:
3
0.000000E+000 0.000000E+000 0.000000E+000
