$SPEC_ID:
No sample description was entered.
$SPEC_REM:
DET# 1
DETDESC# DESKTOP-I499GD2 Easy-MCA-2k SN 18191655
AP# Maestro Version 7.01
$DATE_MEA:
02/27/2024 12:10:56
$MEAS_TIM:
71 71
$DATA:
0 2047
       0
       0
       0
       0
       0
       2
       1
       5
     154
      71
      58
      73
      64
      87
      69
      67
      77
      90
      74
      84
      77
      79
      86
      91
      96
      83
      89
      94
     131
     111
     123
     161
     136
     173
     154
     123
     121
     129
     122
     124
     126
     168
     147
     157
     171
     153
     175
     197
     185
     196
     234
     262
     290
     258
     331
     273
     225
     250
     239
     263
     304
     369
     443
     490
     548
     584
     538
     439
     362
     274
     265
     218
     218
     186
     215
     224
     212
     213
     188
     187
     195
     230
     207
     237
     194
     195
     195
     221
     194
     229
     213
     202
     237
     228
     220
     206
     229
     199
     204
     192
     176
     182
     193
     184
     171
     179
     173
     199
     190
     168
     167
     160
     178
     175
     159
     176
     165
     139
     140
     150
     154
     140
     141
     154
     148
     164
     143
     143
     144
     131
     141
     128
     118
     139
     124
     149
     123
     132
     108
     133
     127
     135
     131
     119
     142
     128
     113
     100
     108
      99
     111
     107
     124
     111
      98
     111
      98
     108
     112
      83
      88
     115
      82
      91
      83
      88
      90
      95
      78
      85
      87
      92
      84
      64
      97
      99
      65
      97
      70
      92
      78
      72
      85
      98
      92
      77
      82
      82
      87
      88
      75
      77
      75
      89
      81
      84
      59
      66
      82
      75
      77
      74
      73
      72
      70
      63
      83
      72
      72
      70
      67
      86
      76
      62
      74
     102
      89
      97
     113
     104
     137
     145
     130
     127
     144
     156
     162
     164
     171
     222
     190
     197
     171
     162
     171
     143
     152
     134
     116
     101
     102
      78
      77
      78
      71
      61
      69
      56
      70
      58
      56
      50
      56
      55
      48
      55
      49
      57
      47
      44
      45
      51
      46
      54
      45
      45
      47
      45
      47
      59
      50
      37
      50
      61
      46
      46
      48
      54
      46
      45
      43
      50
      51
      49
      47
      34
      48
      36
      43
      41
      43
      45
      54
      35
      39
      53
      52
      41
      46
      39
      48
      42
      48
      55
      39
      42
      45
      44
      40
      51
      33
      41
      44
      42
      47
      46
      50
      40
      47
      55
      55
      40
      45
      43
      42
      47
      44
      43
      36
      53
      43
      43
      45
      48
      31
      33
      27
      33
      34
      41
      44
      44
      52
      40
      39
      40
      42
      37
      25
      36
      38
      42
      34
      34
      32
      47
      44
      39
      44
      46
      31
      31
      35
      37
      39
      38
      40
      32
      44
      39
      33
      31
      35
      23
      38
      37
      29
      38
      25
      42
      43
      44
      41
      37
      29
      23
      29
      32
      41
      44
      27
      35
      38
      30
      36
      36
      50
      32
      27
      31
      36
      43
      27
      49
      27
      34
      31
      43
      29
      30
      42
      49
      34
      32
      39
      29
      26
      36
      38
      28
      30
      38
      19
      29
      25
      28
      29
      34
      28
      49
      29
      30
      31
      38
      31
      47
      34
      24
      35
      27
      33
      30
      34
      33
      26
      31
      45
      24
      33
      28
      25
      25
      26
      21
      34
      30
      28
      32
      37
      22
      34
      34
      36
      29
      27
      35
      30
      29
      31
      44
      30
      27
      26
      22
      36
      31
      27
      31
      30
      32
      38
      37
      40
      30
      26
      30
      36
      34
      39
      44
      36
      29
      32
      33
      36
      35
      31
      33
      32
      46
      17
      41
      32
      39
      36
      26
      32
      21
      31
      29
      33
      32
      33
      31
      28
      34
      32
      33
      38
      28
      31
      19
      28
      33
      28
      28
      26
      20
      32
      24
      30
      28
      26
      26
      32
      32
      17
      30
      31
      28
      35
      34
      34
      35
      35
      39
      37
      20
      34
      31
      36
      36
      31
      34
      34
      42
      33
      33
      37
      21
      36
      45
      40
      33
      42
      29
      29
      43
      34
      29
      33
      31
      39
      22
      37
      35
      31
      27
      35
      24
      30
      34
      24
      31
      38
      35
      23
      19
      27
      39
      43
      34
      28
      34
      25
      30
      29
      30
      33
      28
      22
      35
      30
      31
      31
      33
      29
      38
      35
      27
      43
      30
      24
      30
      29
      39
      47
      32
      31
      36
      33
      33
      27
      31
      35
      36
      31
      31
      27
      30
      34
      34
      39
      37
      39
      34
      29
      24
      43
      30
      33
      29
      34
      41
      31
      35
      41
      29
      32
      32
      34
      30
      37
      40
      40
      30
      29
      39
      29
      21
      26
      38
      31
      29
      14
      25
      27
      32
      24
      29
      27
      30
      20
      23
      20
      17
      19
      26
      23
      15
      24
      17
       9
      12
      21
      13
      12
      12
      15
      19
      18
      15
      22
      23
      17
      14
      13
      19
      13
      10
      10
      14
      20
      12
       9
      12
      10
       7
      20
      24
      15
      11
      13
      21
      14
       9
      11
      15
      19
       9
      18
      15
      22
      17
      16
      19
      18
      10
      13
      17
      17
      23
      19
      30
      26
      17
      24
      26
      26
      34
      32
      49
      57
      41
      38
      51
      55
      48
      55
      65
      76
      78
      92
      79
      88
      96
      98
      95
      91
      98
      93
     107
     122
      93
     121
     105
     122
     105
     128
     142
     100
      93
     102
      89
      90
      82
      96
      67
      77
      62
      67
      76
      70
      62
      65
      51
      49
      41
      31
      35
      34
      29
      38
      32
      34
      16
      25
      28
      22
      24
      24
      17
      13
      13
      14
       5
      15
      13
       9
      16
       8
      13
       8
       6
       7
       8
       8
       7
       8
       8
       8
       9
       6
      11
      11
       6
      14
       4
       8
       7
       7
      12
       8
       4
      10
      14
      10
      14
       8
      12
      15
      10
      10
       3
       4
       5
      13
       9
       8
      10
       8
       8
       6
       9
       9
       9
       6
       9
      11
       4
      11
       7
       9
      11
       6
      14
      11
       7
       4
      15
       4
      13
       8
      17
       5
       9
       4
       7
      12
       5
       9
       6
      11
       3
       9
       7
      13
      12
       3
       6
       7
       5
       6
      12
       5
       9
       6
      12
       7
      14
       9
       5
       8
       8
      13
       8
       7
       3
       9
       6
       7
       9
      13
       5
       3
      10
      10
       7
       6
      13
      12
      14
       9
       6
      11
       6
       7
       7
       7
       6
      11
       8
      16
       7
       5
       8
       2
       6
      11
       3
       8
       6
       4
       9
       9
       4
       5
      11
       8
       5
       4
       8
       7
       5
      13
       6
       7
       6
       9
       7
       9
       8
       7
      16
       9
      10
       5
       7
       5
       8
       9
      13
       3
       5
      11
       7
      12
       7
       8
       5
       3
       5
      10
       9
       5
       7
       6
       7
       8
       6
       4
      13
       7
      12
      13
      11
       8
       3
      10
       7
       7
      12
       8
       7
      13
      14
       9
       5
      12
      14
       3
       6
      10
       5
      15
       5
       9
      10
      12
       9
       8
       9
       4
       8
       9
       7
       8
       6
       4
       4
      10
       8
       5
      12
      12
       8
       5
       3
      10
       9
       7
      13
       6
       6
       8
       7
       7
       8
       5
       7
       9
       2
       9
       7
       5
       9
       6
      10
       4
       6
      11
      10
       8
       7
       7
      10
       9
      12
      13
      14
       7
       7
       4
       6
       9
       5
       6
      10
       5
       8
      11
      10
       4
      10
      10
      11
       8
       5
      12
       9
       8
       5
       8
       5
       3
      12
       7
       5
       4
       8
       6
      14
       7
       7
      11
       7
      10
       7
       4
       2
      16
       8
       5
       6
       1
      11
       3
       9
       8
      11
       5
       6
       6
       4
       7
       5
       8
       6
      12
       8
       6
       9
       8
       8
       6
       5
       7
       8
       5
      10
      10
      11
       8
       5
       7
      10
       6
       6
       3
       5
       4
       7
      10
       3
       5
       3
       5
       4
      10
       7
       9
       5
       9
       7
       4
      16
       2
       7
      10
       5
       7
      11
       8
      11
       7
       9
      10
       6
       3
       7
      12
       5
      10
       6
      10
      11
       3
       8
      11
       6
      10
       6
       6
       9
       5
       9
       8
      10
       5
      13
      12
      10
      15
       8
       5
       1
       7
       9
      13
      10
      13
       6
       8
       7
       5
       5
      11
       6
       8
       7
       7
       7
       6
      12
       5
       8
       7
       7
       5
       6
       6
       8
       8
       7
      10
       6
       7
      15
       6
       3
       8
      10
       7
      11
       7
       4
       8
       6
      10
      10
      11
      11
       6
       6
       6
       4
      12
       9
       9
       7
       7
       9
       7
       4
       5
       9
       7
       5
       3
       6
      10
       2
       8
       8
       5
       4
       7
       6
       3
       7
       9
       6
       6
      11
       5
       5
       6
       8
       7
       3
      12
       8
       6
       8
       4
       8
       4
       7
      10
       8
       4
       7
       7
       4
       9
       8
       9
       4
       9
      10
       8
      10
       8
       9
       5
       7
       3
       8
       7
      12
       5
       5
      11
       9
       7
      11
       5
       4
       7
       9
       6
       8
       6
       4
      11
      10
       5
       4
       6
       4
       7
       5
       6
      10
      12
       6
       7
      10
       3
       8
       7
       2
       7
       4
       6
       5
       6
       3
       8
       4
       4
      13
       5
       7
       6
       7
      10
       8
       7
       5
      11
       4
       7
       3
       5
       5
       5
       6
       7
       9
       8
       5
       8
       3
       8
       5
       4
       7
       7
       6
       4
       5
       4
       4
       4
       6
       6
       4
       3
       3
       8
       7
       4
       9
       8
       2
       5
       4
       7
       6
       4
       3
       8
      10
       8
      10
       6
       8
       5
       4
       8
       7
       7
       8
       4
       9
       8
       6
       6
       9
       4
       6
       2
       5
       8
       5
       8
       6
       6
       3
       5
       6
       4
       9
       6
      11
       3
       4
       6
       5
       6
       8
       4
       1
       7
       8
       5
       4
       7
      10
       6
       5
       4
       5
      11
       5
      10
       8
       6
       4
       4
       3
      10
       4
       5
       7
       9
       6
       5
       5
       7
       5
       5
       6
       5
       1
      10
      11
       9
       6
       7
       5
       5
       5
       5
       2
       4
      11
      11
       4
       7
       7
       4
       6
       3
       7
       6
      12
       5
       3
      10
       2
       8
       8
       8
       3
      12
       4
       2
       4
       9
       3
       5
       6
       5
       7
       7
       9
       3
      10
       7
       7
       8
      11
       3
      13
       4
       8
       8
       9
       9
       8
       9
       6
       4
       7
       6
       5
       8
      14
      11
       8
       6
       9
       5
       8
       9
      11
       5
       7
       8
       3
       3
       6
       8
       6
       7
       9
      13
       9
       7
       5
      14
       7
       4
      10
       8
       4
       2
       8
       6
       5
       8
       6
       4
       8
       8
       7
       6
       9
       7
       9
       6
       9
       8
       5
       7
       5
      12
       6
       8
      12
       8
       2
      11
       3
       7
       8
       9
       6
       4
       9
       7
      10
       6
       9
       4
       6
       9
      15
       5
       4
       4
       6
       8
       3
       7
       8
       5
      10
       1
       9
       5
       7
       9
       7
       2
       4
       3
       4
       5
       3
       6
       7
      12
       6
       7
       6
       4
       4
       4
       8
       5
      11
       7
       7
       9
       5
       9
       8
       9
       7
       6
       6
       7
       7
       6
       3
       3
       8
      11
       5
       5
       7
       9
       8
       5
       4
       8
       8
       3
       5
       6
       7
       7
       4
       8
       4
       9
       9
       8
      10
       8
       8
       7
       8
      10
       8
      10
      12
       6
       9
       7
       7
       5
       8
      10
       4
       5
       5
       9
       8
      14
       7
       4
      10
      12
      10
       8
      10
       4
       4
       8
       7
       7
       5
       7
       4
       9
      11
       6
       9
       7
      17
       9
       6
       9
      10
       7
      10
       6
       4
       9
       8
      12
       5
       8
      10
      13
       9
       9
       6
      14
       7
      11
       9
       6
       9
       5
      10
       6
       7
      13
       7
       5
       9
       7
      10
       8
       7
       5
      13
       8
       8
       7
       7
       4
      13
       9
       9
       8
       9
       5
       8
       8
      12
       5
      14
      10
       6
      11
       9
      10
       9
       8
       9
      10
       6
      11
       7
       8
       6
       4
       7
       8
       5
      10
      14
      15
       8
       8
       5
      10
       4
       9
       7
       6
       7
       4
       3
       7
       3
      11
       7
       4
       8
       7
       5
      10
       8
      17
       6
       6
       7
       3
       6
       5
      10
       4
      10
       6
       4
       9
       2
       6
       9
       8
       9
       9
       7
       8
       9
       9
      10
       6
       9
       7
       5
      10
      10
       9
       8
      10
       9
       9
       2
       6
       1
       7
      16
      11
       7
       4
       7
       7
       6
       3
       8
       6
       7
       4
       5
       7
       5
      10
       8
      14
       7
       7
       4
      10
       7
       7
       7
       9
       6
      10
       5
       5
       9
       7
       8
       6
       5
       7
       4
       7
       8
       4
       6
       4
       5
       7
      14
       5
       3
       8
       3
       5
       9
      12
       6
       5
       9
       4
       9
      11
       6
      14
      10
      10
      10
       8
       3
       8
       8
       6
       7
       2
       6
       7
       5
      10
       9
       7
       8
       9
      11
       2
       5
       7
       5
       3
       9
       4
      10
      11
       8
       7
      16
       6
       4
       5
       9
       1
       0
       0
       0
       0
       0
       0
       0
       0
       0
       0
       0
       0
       0
       0
       0
       0
       0
       0
       0
       0
       0
       0
       0
       0
       0
       0
       0
       0
       0
       0
       0
       0
       0
       0
       0
       0
       0
       0
       0
       0
       0
       0
       0
       0
       0
       0
       0
       0
       0
       0
       0
       0
       0
       0
       0
       0
       0
       0
       0
       0
       0
       0
       0
       0
       0
       0
       0
       0
       0
       0
       0
       0
       0
       0
       0
       0
       0
       0
       0
       0
       0
       0
       0
$ROI:
1
712 830
$PRESETS:
None
0
0
$ENER_FIT:
-23.656767 2.297974
$MCA_CAL:
3
-2.365677E+001 2.297974E+000 2.836717E-005 keV
$SHAPE_CAL:
3
0.000000E+000 0.000000E+000 0.000000E+000
