$SPEC_ID:
No sample description was entered.
$SPEC_REM:
DET# 1
DETDESC# DESKTOP-I499GD2 Easy-MCA-2k SN 18191655
AP# Maestro Version 7.01
$DATE_MEA:
02/27/2024 12:15:12
$MEAS_TIM:
130 130
$DATA:
0 2047
       0
       0
       0
       0
       1
       0
       2
       7
     117
      65
      84
      68
      84
      87
      91
     104
      80
     109
     110
     103
     104
      77
      97
      86
     109
      89
     107
     113
     146
     156
     140
     161
     179
     241
     177
     158
     121
     138
     107
     149
     145
     157
     185
     193
     208
     239
     233
     239
     244
     278
     344
     315
     343
     395
     405
     376
     324
     323
     371
     393
     429
     520
     692
     818
     851
     829
     810
     646
     500
     403
     322
     274
     280
     259
     268
     237
     231
     249
     243
     253
     244
     246
     247
     249
     243
     246
     239
     238
     228
     258
     254
     281
     267
     267
     236
     200
     232
     233
     190
     189
     189
     198
     190
     197
     202
     195
     188
     205
     183
     204
     200
     169
     173
     179
     175
     176
     169
     184
     150
     141
     148
     172
     132
     162
     139
     147
     136
     150
     134
     155
     134
     139
     122
     142
     158
     143
     146
     117
     131
     120
     127
     123
     126
     118
     118
     103
     105
     117
     108
     105
     102
     107
     106
     107
     114
     117
     121
     108
      89
     116
      97
      92
     113
     105
      87
     104
      89
      83
      93
      89
     102
      96
      76
      87
      88
      81
      89
      79
      76
      58
      81
      78
      84
      91
      79
      70
      64
      78
      90
      74
      61
      72
      67
      75
      68
      64
      63
      65
      78
      94
      73
      57
      66
      52
      78
      91
      59
      69
      97
      71
      86
      65
      84
      85
      77
     101
      97
      69
     108
     100
     109
     100
     128
     127
     129
     159
     154
     176
     158
     170
     146
     162
     134
     148
     141
     115
     125
     106
     118
     101
      89
      83
      82
      68
      64
      49
      46
      54
      48
      39
      52
      47
      63
      35
      46
      40
      47
      53
      46
      42
      49
      45
      51
      42
      47
      52
      57
      42
      42
      58
      31
      44
      60
      42
      37
      39
      34
      39
      38
      46
      44
      47
      36
      32
      41
      46
      40
      46
      43
      40
      32
      39
      35
      38
      42
      49
      33
      38
      44
      41
      42
      26
      28
      33
      34
      36
      40
      43
      36
      25
      28
      31
      48
      37
      34
      34
      32
      35
      28
      36
      45
      49
      35
      41
      30
      34
      43
      45
      42
      39
      28
      45
      44
      35
      31
      49
      35
      27
      29
      38
      37
      26
      35
      38
      29
      22
      38
      29
      40
      27
      37
      36
      44
      40
      48
      41
      50
      42
      39
      27
      27
      36
      32
      40
      28
      27
      30
      43
      31
      33
      40
      41
      33
      38
      40
      29
      26
      27
      37
      28
      32
      32
      36
      32
      24
      27
      26
      32
      26
      26
      24
      31
      30
      32
      26
      22
      34
      28
      25
      27
      31
      39
      29
      21
      24
      40
      21
      20
      32
      38
      26
      30
      31
      34
      19
      42
      26
      25
      27
      31
      28
      28
      26
      28
      24
      22
      32
      20
      28
      20
      26
      26
      21
      30
      37
      17
      21
      28
      31
      21
      26
      21
      26
      30
      26
      25
      20
      21
      23
      23
      34
      14
      24
      26
      25
      26
      21
      25
      31
      19
      26
      23
      26
      17
      28
      35
      29
      24
      21
      30
      41
      24
      27
      20
      27
      22
      28
      30
      36
      27
      39
      27
      32
      39
      29
      33
      39
      39
      30
      28
      35
      36
      20
      33
      25
      30
      31
      42
      26
      27
      28
      31
      27
      25
      25
      26
      29
      26
      31
      28
      35
      30
      31
      20
      20
      26
      32
      21
      21
      23
      26
      26
      29
      29
      31
      26
      20
      25
      23
      30
      24
      23
      18
      14
      20
      26
      36
      29
      20
      25
      25
      23
      16
      31
      16
      31
      29
      23
      28
      41
      32
      21
      27
      26
      13
      25
      36
      27
      30
      34
      26
      30
      31
      21
      24
      28
      34
      21
      30
      20
      24
      17
      26
      23
      20
      23
      19
      30
      17
      26
      20
      17
      22
      29
      24
      25
      15
      21
      28
      17
      24
      25
      26
      26
      18
      24
      30
      22
      19
      27
      14
      20
      16
      16
      18
      34
      19
      21
      26
      25
      23
      38
      23
      29
      26
      25
      25
      20
      26
      30
      22
      20
      28
      29
      33
      22
      27
      29
      28
      24
      27
      21
      29
      29
      33
      26
      30
      22
      20
      29
      31
      24
      32
      20
      24
      22
      29
      23
      27
      27
      25
      23
      28
      14
      31
      16
      22
      22
      24
      30
      22
      35
      20
      19
      12
      18
      19
      19
      14
      19
      14
      26
      18
      23
      18
      18
      14
      13
      12
      16
      15
      15
      16
      11
      18
      13
      18
      14
      15
       9
      16
      11
      15
      11
      10
      11
      11
      19
      12
      12
       7
      13
      13
       7
       8
      12
       4
       7
      14
       8
      12
       7
      12
       9
       9
      11
      12
      11
       9
       8
       6
       8
       9
      11
      14
      14
      13
      10
       8
      17
      10
      14
      18
      20
      16
      19
      15
      18
      21
      24
      18
      32
      34
      36
      49
      52
      43
      33
      33
      44
      42
      45
      62
      61
      48
      62
      72
      84
      75
      69
      84
      58
      76
      78
      67
      68
      80
      79
      69
      86
      71
      67
      76
      62
      60
      54
      51
      61
      52
      61
      44
      38
      31
      43
      39
      39
      42
      30
      27
      17
      16
      29
      12
      22
      11
      17
      15
      13
      12
      14
      13
      10
      10
       9
      10
      17
       2
      13
       5
      10
       9
       5
       7
      11
       8
       8
      12
      11
       8
       6
       5
      10
       7
       5
       6
       8
      13
       8
       4
       6
       4
       6
       3
       6
       8
       8
       8
       5
      12
       7
       6
       5
       6
       9
      10
       6
       6
       7
       9
       4
       8
       7
       5
       6
       7
       9
       7
       6
       4
       5
       7
       3
       3
       8
       4
       8
       6
       6
       8
      12
      10
       7
      12
      13
       5
       5
      11
      10
      11
       4
      12
       6
       7
       8
      10
       7
       6
       3
       5
       9
       9
       9
      11
      10
      10
       4
       6
       3
       6
       9
       6
       9
       6
       7
       8
       8
       9
       8
       7
       6
       8
       5
       9
       3
       5
       7
       7
       7
       6
       2
       9
       7
       8
       7
      10
       9
       8
       7
       4
      10
       2
       5
       6
       4
       5
      10
       9
       9
       5
       7
       5
       7
       2
       7
       5
       8
       7
       8
       2
      10
       8
       6
       3
       3
       4
       8
       8
       5
       5
      13
       6
      11
       7
      10
       6
       8
       9
       4
      10
       8
       8
       8
       5
       9
       8
       8
      11
       7
       5
       7
       5
       3
       6
      10
       7
       9
       3
       6
      13
       7
      11
       6
       7
       9
       5
       4
      14
       3
       7
       5
       7
       6
      10
       6
       8
      10
       5
       5
      11
       5
       7
       4
       5
       9
       6
       8
       5
       6
       6
       6
       7
       5
       8
       3
       4
       7
       6
       7
       7
       3
       2
       9
       3
       6
       6
       4
       6
       6
       9
       5
       4
       7
       7
       3
       4
       9
       9
       6
       3
       2
       5
       3
       4
       7
       6
       2
       6
       5
       3
       7
       6
       8
       5
       6
       8
       9
       5
       6
       6
       6
       8
       0
       6
       5
       7
       4
      13
       3
       7
       7
       1
       9
       7
       8
       6
      12
       3
       6
       7
       3
       8
       6
       5
       6
       4
       4
       5
       0
       8
       5
       8
      10
       8
       3
       6
       8
       3
       6
       4
       4
       5
       9
       7
       5
       5
       5
       7
      10
       5
       7
       5
       6
       5
       4
       8
       7
       5
       3
       6
      10
      10
       8
       9
       4
       6
       4
       1
       6
       4
       6
       6
       9
       7
       5
       5
       5
       4
       6
       7
       5
       4
       7
       2
       6
       3
       8
       5
       2
       4
       7
       6
       5
       5
       7
       8
       6
       3
       6
       0
       4
       4
       6
       3
       4
       3
       4
       3
       2
       7
       5
       8
       6
       3
       4
       6
      10
       3
       5
       2
       3
       8
       8
       5
       4
       5
       4
       4
       4
       6
       5
       4
       7
       9
      12
       7
      11
       7
       4
       8
       6
       7
       4
       2
       9
       4
      12
       7
       8
       6
      11
       3
       9
       2
       6
       5
       4
       7
       5
       6
       7
       3
       5
       7
       1
      10
       2
       3
       3
       4
       5
       2
       2
       6
       6
       6
       3
       6
       6
      10
       8
       4
       4
       7
       6
       4
       6
       5
       4
       5
       4
       4
      10
       5
       4
       5
       2
       9
       6
       5
       4
       4
       3
      10
       5
       7
       7
       3
       1
       4
       5
       6
       8
       1
       7
       9
       1
       7
       6
       7
      10
       5
       4
       5
       5
       6
       6
       5
       6
       5
       4
       6
       3
       5
       5
       2
       4
       4
       2
       7
       6
       4
       1
       8
       2
       4
       4
      10
       6
       8
       8
       8
      14
       2
       4
       4
       5
       3
       5
       2
       5
       4
       2
       1
      10
       8
       4
       9
       4
       6
       5
       4
       5
       3
       9
       5
       6
       2
       2
       4
       2
       5
       4
       7
       8
       4
       2
       3
       4
       5
       7
       6
       6
       6
       3
       6
       6
       6
       4
       2
       8
       6
       3
       7
       7
       7
       0
      10
       5
       7
       5
       7
       9
       7
       8
       1
       4
       2
       3
       2
       6
       5
       2
       7
       6
       7
       5
       2
       5
       5
       3
       2
       4
       4
       9
       5
       8
       4
       4
       9
       4
       6
       7
       3
       5
       6
       6
       3
       4
       5
      10
       5
       3
       5
       7
       9
       5
       5
       8
       7
       1
       0
       7
       5
       8
       4
       8
       6
       5
       9
       2
       9
       6
       3
       5
       6
       8
       1
       3
       6
       3
       5
       8
       7
       7
       2
       4
       7
       7
       4
       1
       4
       1
       8
       6
       3
       4
       4
       4
       3
       8
       7
       1
       5
       2
       9
       6
       5
       7
       4
       4
       5
       4
       3
       4
       9
       6
       4
       2
       5
       8
       2
       8
       7
       8
       7
       4
       3
       6
       3
       5
       8
       4
       9
       6
       1
       6
       4
       2
       3
       5
       3
       6
       3
       7
       2
       8
       3
       4
       3
       6
       3
      11
      10
      11
       5
       3
       9
       5
       4
       7
       6
       7
       8
       4
       4
       3
       3
       8
       6
       3
       5
       6
       6
       2
       8
       5
       7
       4
       7
       3
       4
       6
      14
       3
      11
       2
       2
       5
       7
       6
       4
       3
       4
       5
       6
       4
      10
       7
       4
       7
       5
       8
       4
       8
       6
       6
       9
       5
       7
       3
       2
       3
       4
       4
       3
       8
       4
       6
       5
       5
       5
       4
       6
      13
       6
       5
       5
       6
       5
       8
       3
       7
       2
      10
       5
       3
       5
       5
       3
       8
       5
      10
       6
       8
       3
       6
       4
       3
       4
       7
       3
       5
       1
       6
       9
       3
       5
       4
       5
       3
       8
       7
       5
       9
       6
       6
       4
       7
       4
       5
      13
       7
       4
       6
       5
       2
       2
       3
       3
       4
       2
       7
       6
       3
       8
       2
       7
       4
      12
       5
       5
       5
       3
       4
       9
       9
      11
       9
       6
       7
      10
       5
       1
       5
       6
       7
       5
       5
       4
       3
       5
       8
       6
       6
       7
       4
       9
       5
       5
       9
       6
       5
       3
      11
       4
       7
       5
       5
       6
       5
       5
       6
       6
      11
       9
       6
       6
      11
       7
       5
       6
      10
       8
       4
       4
       4
       7
      10
       6
      11
       9
       9
       7
       7
       4
       7
       1
       5
       6
       2
       7
       8
      10
       4
       3
       4
       8
       7
       5
       2
       5
       4
       5
       5
       4
       9
       6
       4
       3
       5
       3
       7
      10
       5
       8
       5
       7
       4
       5
       3
       8
       8
       6
       3
       5
       5
       9
       9
       5
      10
       4
       4
      11
       6
       5
       8
       4
      10
       3
       6
       7
       5
       6
       9
       6
       6
       9
       4
       7
      11
      10
       3
       4
      11
      12
       5
       5
       3
       7
       4
       8
       4
       7
       8
       3
       5
       4
       5
       5
       6
       8
       8
       6
       3
       8
       7
       7
       4
       8
       4
       8
       7
      10
       3
       5
       6
      11
       3
       4
       5
       8
       5
       4
       6
       8
       5
       8
       2
       8
       3
       4
       8
       5
       1
       3
       5
       3
       8
       3
      11
       7
       2
       6
       8
       7
       4
       4
       4
       3
       3
       5
       7
       3
       6
       4
       7
      10
       6
       2
       2
       5
      10
       7
       6
       6
       3
       3
       3
       4
       4
       7
       3
       5
       6
       4
       6
       7
       5
       9
       7
       9
       7
       7
       8
       6
       8
       4
       4
       5
      12
       9
       8
       8
       4
       4
       7
       6
       4
      10
       6
       5
       4
      14
       4
       3
       6
       4
       6
       4
       6
       3
       7
       3
       5
       3
      10
       2
       9
       3
       7
       7
       4
       6
       6
       7
       4
       5
       8
       4
       4
       8
       7
       7
      10
       7
       7
       6
       5
       4
       7
       5
       5
       5
       8
       8
       6
       4
       6
      10
       3
       7
       5
       6
       6
       0
       0
       0
       0
       0
       0
       0
       0
       0
       0
       0
       0
       0
       0
       0
       0
       0
       0
       0
       0
       0
       0
       0
       0
       0
       0
       0
       0
       0
       0
       0
       0
       0
       0
       0
       0
       0
       0
       0
       0
       0
       0
       0
       0
       0
       0
       0
       0
       0
       0
       0
       0
       0
       0
       0
       0
       0
       0
       0
       0
       0
       0
       0
       0
       0
       0
       0
       0
       0
       0
       0
       0
       0
       0
       0
       0
       0
       0
       0
       0
       0
       0
       0
       0
$ROI:
1
712 830
$PRESETS:
None
0
0
$ENER_FIT:
-23.656767 2.297974
$MCA_CAL:
3
-2.365677E+001 2.297974E+000 2.836717E-005 keV
$SHAPE_CAL:
3
0.000000E+000 0.000000E+000 0.000000E+000
