$SPEC_ID:
No sample description was entered.
$SPEC_REM:
DET# 1
DETDESC# DESKTOP-I499GD2 Easy-MCA-2k SN 18191655
AP# Maestro Version 7.01
$DATE_MEA:
02/27/2024 11:52:45
$MEAS_TIM:
67 68
$DATA:
0 2047
       0
       0
       0
       1
       1
       2
       7
      14
     563
     137
     160
     158
     168
     155
     173
     155
     174
     167
     170
     148
     194
     186
     155
     173
     181
     190
     170
     199
     207
     233
     231
     222
     245
     271
     273
     225
     243
     233
     245
     239
     296
     266
     320
     275
     319
     357
     367
     346
     338
     404
     413
     407
     419
     466
     447
     461
     463
     437
     432
     459
     511
     529
     631
     720
     792
     773
     719
     627
     581
     491
     458
     409
     386
     399
     418
     411
     401
     427
     401
     401
     387
     351
     397
     421
     399
     405
     423
     410
     410
     424
     390
     376
     420
     425
     384
     390
     387
     355
     382
     356
     357
     350
     373
     386
     420
     370
     366
     379
     340
     368
     336
     368
     380
     340
     328
     347
     351
     347
     346
     289
     323
     323
     321
     320
     313
     294
     309
     311
     278
     278
     291
     256
     289
     291
     295
     280
     274
     264
     272
     268
     251
     289
     262
     261
     283
     222
     246
     253
     223
     239
     243
     236
     204
     226
     244
     246
     227
     229
     200
     220
     205
     189
     214
     236
     216
     215
     215
     197
     190
     200
     186
     203
     191
     175
     193
     193
     151
     186
     191
     160
     199
     184
     189
     171
     171
     211
     174
     178
     169
     160
     170
     160
     164
     162
     154
     167
     170
     160
     184
     148
     168
     184
     169
     137
     168
     188
     194
     162
     159
     174
     161
     165
     183
     179
     176
     203
     213
     246
     232
     231
     280
     284
     296
     330
     344
     381
     397
     386
     416
     450
     412
     428
     443
     421
     384
     385
     333
     307
     303
     255
     219
     214
     199
     169
     161
     167
     136
     106
     125
     129
     145
     116
     116
     129
     106
      99
      97
     129
      89
     112
     105
     108
     111
     117
     105
     115
     120
     110
     116
     108
     128
      90
     106
     116
     117
     110
     116
     129
     113
      98
     128
     100
      99
     107
     110
     110
     129
     109
     104
      94
      96
      97
      84
     120
     106
     114
      83
     103
     102
     100
      90
     115
      90
      93
      79
     108
     117
      87
      84
     115
      94
      91
      96
     107
      98
     111
     117
      94
     118
      93
      90
     107
      95
     114
     101
     106
      98
      99
     105
     108
     110
     118
     101
      94
     112
     102
     106
      84
     110
      90
      88
      69
      83
     102
      74
     107
      87
      73
      83
     103
      89
      96
      90
      75
      81
      87
      89
      83
      77
      91
      86
      89
      91
      73
      74
      78
      94
      84
      72
      85
      87
      77
      96
      77
      97
      74
      94
      86
      70
      79
      77
      77
      81
      94
      90
      72
      77
      90
      77
      93
      69
      73
      75
      69
      85
      73
      80
      82
      76
      86
      80
      64
      89
      75
      70
      87
      73
      72
      58
     108
      80
      83
      71
      77
      79
      72
      95
      73
      75
      87
      75
      68
      80
      87
      74
      65
      75
      83
      80
      90
      75
      81
      73
      85
      76
      83
      71
      71
      76
      85
      79
      80
      65
      85
      75
      73
      67
      77
      74
      74
      77
      60
      68
      76
      71
      71
      71
      73
      94
      85
      87
      69
      82
      66
      67
      73
      69
      57
      86
      59
      80
      68
      74
      77
      73
      78
      79
      85
      65
      84
      86
      64
      83
      65
      72
      82
      76
      77
      90
      77
      79
      75
      65
      94
      70
      71
      80
      67
      87
      95
      89
      72
      79
      77
      79
      57
      75
      50
      79
      89
      82
      61
      71
      86
      58
      81
      67
      74
      59
      72
      64
      64
      67
      74
      70
      70
      70
      74
      77
      75
      71
      74
      66
      75
      78
      89
      71
      74
      77
      79
      71
      80
      84
      82
      80
      71
      90
      90
     103
      86
      89
      95
      76
      96
     102
      91
      82
     107
      96
      89
      84
     105
      92
      96
      86
      74
      92
     100
      89
      91
      81
      75
      64
      79
      76
      89
      71
      70
      92
      87
      82
      97
      73
      80
      69
      69
      82
      71
      70
      78
      72
      64
      91
      57
      94
      87
      67
      78
      67
      70
      96
      69
      75
      74
      96
      84
      65
      80
      77
      76
      87
      66
      87
      71
      86
      86
      85
      97
      70
      78
      87
     100
      90
      82
      90
      81
      81
      89
      92
      87
      92
      69
      80
      91
      96
      89
      95
      80
      93
      87
      80
      97
     116
      73
      84
      88
      89
      72
      78
      97
      62
      75
      85
      97
      69
      80
      71
      78
      81
      64
      62
      83
      64
      60
      59
      65
      75
      55
      59
      70
      61
      48
      62
      47
      65
      61
      51
      44
      45
      52
      45
      41
      62
      46
      51
      49
      44
      60
      47
      48
      41
      43
      31
      43
      39
      32
      43
      45
      33
      40
      28
      34
      33
      39
      49
      25
      30
      39
      34
      40
      34
      38
      35
      37
      30
      39
      47
      43
      31
      37
      34
      40
      46
      35
      34
      50
      43
      42
      36
      41
      44
      61
      52
      50
      58
      42
      44
      62
      71
      68
      92
      86
      93
     104
     126
     119
     113
     133
     128
     160
     166
     157
     212
     173
     201
     216
     191
     211
     260
     267
     261
     285
     280
     271
     279
     275
     279
     253
     274
     266
     233
     253
     270
     273
     238
     218
     220
     219
     211
     207
     159
     182
     160
     149
     131
     141
     141
     131
     113
     114
     106
      81
      80
      73
      73
      85
      68
      66
      54
      61
      51
      55
      26
      44
      20
      29
      39
      34
      24
      28
      33
      25
      31
      29
      23
      32
      27
      22
      28
      21
      25
      28
      25
      16
      21
      28
      19
      18
      24
      29
      22
      21
      20
      23
      24
      23
      29
      20
      21
      19
      19
      31
      20
      22
      16
       9
      23
      23
      15
      22
      23
      29
      24
      17
      19
      19
      16
      27
      25
      23
      27
      31
      24
      24
      31
      21
      24
      21
      19
      27
      33
      27
      30
      19
      22
      22
      18
      29
      29
      13
      25
      20
      23
      23
      31
      17
      21
      24
      18
      24
      17
      23
      18
      24
      26
      25
      22
      24
      19
      13
      18
      21
      20
      21
      17
      15
      17
      21
      27
      20
      13
      21
      22
      23
      27
      24
      18
      21
      19
      25
      26
      26
      20
      26
      17
      13
      20
      18
      12
      29
      18
      18
      23
      17
      17
      21
      21
      18
      24
      17
      19
      15
      21
      17
      20
      17
      20
      15
      15
      19
      26
      16
      14
      22
      24
      18
      21
      20
      20
      16
      15
      20
      18
      15
      23
      23
      28
      15
      18
      15
      24
      22
      28
      22
      18
      24
      24
      22
      28
      14
      24
      25
      22
      26
      32
      24
      24
      22
      22
      30
      21
      19
      22
      15
      20
      20
      23
      23
      15
      18
      21
      23
      24
      16
      23
      22
      29
      22
      32
      29
      15
      20
      19
      17
      12
      14
      24
      14
      30
      14
      24
      17
      17
      19
      23
      18
      16
      14
      21
      19
      19
      13
      11
      23
      14
      19
      16
      14
      13
      17
      17
      12
      22
      20
      15
      21
      20
      15
      15
      15
      11
      19
      14
      24
      20
      18
      19
      20
      17
      15
      17
      16
      20
      14
      18
      15
      20
      28
      17
      17
      24
      14
      21
       9
      19
      19
      21
      16
      25
      20
      25
      19
      12
      16
      24
      14
      13
      10
      12
      22
      16
      23
      18
      23
      15
      21
      19
      19
      23
      16
      20
      15
      27
      26
      21
      18
      15
      17
      18
      29
      16
      23
      17
      14
      13
      16
      20
      10
      10
      20
      19
      15
      13
      22
      19
      19
      17
      11
      17
      15
      16
      21
      17
      14
      13
      22
      12
      13
      16
      11
      13
      16
      25
      14
      18
      16
      17
      25
      22
      16
      10
      12
      17
      14
      15
      21
      10
      15
      14
      20
      17
      18
      13
      20
      13
      16
       9
      14
      13
      13
      14
      17
      18
      16
      18
      11
      16
      20
      11
      15
      21
      19
      24
      26
      25
      16
      28
      21
      15
      19
      14
      15
      12
      16
      17
      17
      30
      29
      22
      26
      22
      29
      25
      16
      20
      30
      25
      17
      22
      21
      25
      19
      17
      27
      15
      24
      20
      22
      18
      28
      14
      24
      15
      12
      12
      31
      23
      20
      16
      19
      19
      21
      26
      21
      21
      17
      12
      21
      16
      16
      15
      16
      14
      17
      19
      22
      13
      17
      18
      17
       9
      15
      16
      16
      16
      16
      18
      16
      19
      14
      16
      20
      14
      14
      15
      15
      18
      14
      22
      13
      14
      18
       9
      14
      18
      18
      18
      18
      19
      11
      17
      17
      17
      19
       9
      11
      12
      14
      14
      15
      16
      14
       8
      15
      17
      15
      12
      15
      17
      16
      14
      19
      15
      14
      18
      17
      11
      16
      18
      14
      11
      12
      18
      15
      12
      22
      16
      19
      16
      12
      10
      16
      18
      15
      10
      18
      16
      17
      13
      13
      24
      18
      12
      17
      18
      19
      13
      23
      19
      12
      16
      11
      18
      18
      13
      18
      16
      12
      10
      11
      17
       7
      15
      12
      14
      16
      14
      16
      14
      16
      11
      15
      14
      16
      11
      23
      15
      15
      22
       8
      14
       8
      16
      16
      21
      17
      15
      20
      11
      12
      12
      18
      14
       8
      10
      13
      18
      26
      16
      11
      14
      11
      21
      21
      10
      15
      21
      12
      13
      14
      14
       9
      11
      11
      12
      13
      21
      15
      11
      16
      15
      12
      16
      20
      10
      18
      16
      19
      10
      17
      13
      11
      23
      15
       7
      15
      17
      14
      14
      12
      15
      13
      14
      17
      15
      15
      13
      12
      14
      15
      22
      13
      21
      20
      20
      12
      13
      18
      14
      16
      18
      17
      12
      12
      17
      21
      11
      13
       8
      18
      11
      13
      17
      14
      11
      18
       8
      14
      13
      16
      10
      12
      16
      12
      23
      19
      15
      20
      18
       8
      10
      23
      16
      15
      16
      14
      15
       8
      11
      13
      16
      19
      11
      14
      17
      18
      21
      17
      19
       9
      15
      15
      19
       9
      21
      21
      18
      18
      14
      18
       9
      16
      11
      23
      18
      23
       9
      10
      14
       9
      12
      15
      19
      20
      19
      17
      19
      13
      19
      12
      17
      23
      10
       9
      19
      21
      14
      19
      18
      15
      12
      19
      21
      13
      10
      13
      17
       8
      19
      15
      16
      18
      20
      17
      18
      21
      12
      20
      16
      21
      18
      14
      15
      20
      22
      16
      20
      17
      16
      17
      23
      11
      19
      24
      22
      18
      21
      16
      18
      20
      23
      19
      12
      10
      18
      19
      19
      18
      21
      12
      20
      17
      14
      15
      18
      17
      11
      17
      24
      20
      22
      15
      15
      13
      15
      22
      24
      15
      14
      13
      20
      19
      29
      13
      12
      14
      20
      16
      15
      10
      16
      15
      21
      14
      16
      16
      16
      26
      23
      17
      15
      16
      13
      19
      13
      17
      21
      15
      13
      19
      17
      17
      17
      21
      16
      23
      20
      20
      11
      18
      13
       7
      13
      18
      21
      27
      12
      16
      12
      17
      13
      10
      20
      21
      16
      17
      24
      17
      21
      23
      27
      15
      23
      30
      19
      15
      16
      14
      26
      14
      16
      13
      18
      14
      12
      13
      12
      13
      19
      17
      16
      16
      24
      13
      17
      21
      19
      20
      14
      18
      12
      18
      21
      16
      11
      20
      17
      15
      15
      19
      24
      20
      25
      16
      11
      17
      23
      21
      14
      27
      20
      29
      19
      12
      25
      15
      20
      21
      19
      20
      24
      21
      29
      23
      22
      16
      22
      13
      22
      22
      18
      17
      20
      19
      13
      20
      14
      15
      22
      16
      22
      22
      26
      14
      16
      21
      24
      27
      17
      23
      10
      20
      21
      27
      10
      24
      23
      19
      20
      18
      12
      20
      27
      26
      16
      21
      23
      21
      17
      12
      23
      12
      36
      24
      18
      22
      23
      26
      15
      18
      24
      29
      23
      23
      20
      25
      20
      21
      14
      22
      22
      17
      30
      15
      18
      21
      24
      23
      23
      19
      15
      19
      19
      24
      18
      27
      17
      18
      15
      16
      16
      18
      22
      10
      16
      16
      24
      20
      27
      20
      12
      24
      17
      21
      19
      24
      15
      24
      16
      10
      20
      14
      18
      28
      22
      23
      15
      22
       7
      19
      17
      14
      23
      11
      15
      15
      12
      19
      21
      11
      18
      19
      22
      22
      12
      13
      18
      18
      12
       9
      14
      14
      21
      18
      15
      21
      19
      17
      15
      16
      13
      14
      17
      21
      19
      17
      20
      16
      13
      10
      15
      20
      23
      19
      20
      24
      18
      20
      20
      26
      14
      24
      17
      21
      28
      11
      17
      19
      17
      17
      11
      17
      22
      24
      25
      14
      18
      20
      11
      10
      17
       8
      16
      19
      26
      12
      15
      11
      14
      19
      16
      19
      18
      29
      16
      26
      12
      22
      19
      14
      16
      14
      26
      19
      13
      23
      20
      14
      21
      26
      23
      24
      20
      14
      14
      20
      12
      17
      19
      16
      20
      13
      21
      14
       2
       0
       0
       0
       0
       0
       0
       0
       0
       0
       0
       0
       0
       0
       0
       0
       0
       0
       0
       0
       0
       0
       0
       0
       0
       0
       0
       0
       0
       0
       0
       0
       0
       0
       0
       0
       0
       0
       0
       0
       0
       0
       0
       0
       0
       0
       0
       0
       0
       0
       0
       0
       0
       0
       0
       0
       0
       0
       0
       0
       0
       0
       0
       0
       0
       0
       0
       0
       0
       0
       0
       0
       0
       0
       0
       0
       0
       0
       0
       0
       0
       0
       0
       0
$ROI:
1
712 830
$PRESETS:
None
0
0
$ENER_FIT:
-23.656767 2.297974
$MCA_CAL:
3
-2.365677E+001 2.297974E+000 2.836717E-005 keV
$SHAPE_CAL:
3
0.000000E+000 0.000000E+000 0.000000E+000
