$SPEC_ID:
No sample description was entered.
$SPEC_REM:
DET# 1
DETDESC# DESKTOP-I499GD2 Easy-MCA-2k SN 18191655
AP# Maestro Version 7.01
$DATE_MEA:
02/27/2024 12:09:19
$MEAS_TIM:
48 48
$DATA:
0 2047
       0
       0
       0
       0
       0
       2
       7
       4
     176
      61
      73
      62
      87
      71
      60
      74
      91
      81
      86
      84
      89
      71
      86
      90
      95
      97
      78
     107
      94
     114
     109
     107
     129
     137
     125
     117
     115
     105
     134
     132
     114
     118
     135
     177
     142
     150
     158
     150
     177
     174
     195
     262
     230
     209
     254
     223
     239
     240
     248
     237
     244
     283
     331
     364
     415
     445
     381
     369
     287
     210
     191
     198
     193
     200
     202
     193
     201
     180
     202
     192
     215
     191
     186
     191
     209
     202
     173
     173
     213
     192
     212
     216
     202
     191
     176
     179
     167
     152
     158
     166
     169
     186
     169
     153
     177
     157
     188
     181
     160
     156
     145
     141
     161
     172
     169
     145
     138
     150
     137
     118
     155
     169
     156
     148
     153
     131
     145
     148
     105
     127
     148
     130
     147
     123
     129
     142
     124
     126
     130
      97
     116
     126
     110
     102
     107
     104
     119
     119
     112
     114
     101
     110
     113
      95
      73
      91
     105
      90
     109
      95
      82
      95
      87
     111
      97
      75
     116
      97
      74
     103
      89
      96
      79
      81
      72
     101
      79
      67
      77
      69
      78
      72
      87
      81
      94
      60
      78
      78
      69
      84
      80
      73
      76
      72
      61
      79
      71
      72
      76
      59
      76
      61
      59
      68
      74
      82
      79
      64
      68
      79
      70
      70
      86
      75
      90
      85
      97
     123
     108
     102
     139
     128
     137
     141
     143
     176
     193
     171
     198
     166
     193
     158
     167
     145
     143
     157
     126
     116
     130
     111
      98
      90
      86
      86
      73
      72
      69
      74
      53
      51
      62
      51
      48
      55
      45
      43
      39
      47
      37
      60
      52
      48
      42
      47
      54
      45
      52
      51
      49
      34
      43
      47
      48
      43
      52
      45
      40
      47
      40
      49
      60
      42
      40
      37
      39
      43
      63
      44
      48
      47
      50
      40
      43
      47
      47
      53
      50
      34
      47
      41
      53
      36
      37
      34
      46
      47
      48
      44
      37
      46
      49
      37
      46
      47
      41
      38
      37
      39
      36
      38
      46
      45
      40
      45
      49
      54
      38
      49
      36
      40
      37
      45
      49
      42
      47
      37
      44
      33
      27
      28
      41
      35
      42
      45
      36
      44
      47
      42
      38
      47
      35
      37
      44
      27
      32
      42
      32
      51
      32
      30
      38
      37
      41
      39
      39
      41
      39
      39
      40
      37
      37
      27
      33
      30
      44
      29
      33
      29
      31
      27
      42
      35
      32
      40
      43
      27
      37
      40
      32
      45
      44
      27
      23
      25
      35
      34
      41
      37
      32
      35
      40
      27
      34
      31
      36
      31
      35
      36
      26
      26
      43
      27
      32
      38
      34
      34
      29
      37
      33
      32
      33
      39
      31
      36
      34
      25
      27
      38
      24
      33
      35
      40
      31
      37
      26
      25
      38
      37
      36
      32
      17
      23
      28
      30
      28
      32
      26
      32
      31
      34
      28
      30
      23
      40
      30
      37
      21
      26
      27
      32
      33
      32
      35
      28
      22
      28
      33
      36
      39
      32
      40
      29
      37
      30
      32
      35
      32
      39
      29
      36
      29
      36
      34
      24
      30
      40
      33
      27
      26
      30
      25
      29
      37
      21
      32
      24
      34
      30
      33
      28
      21
      28
      34
      35
      29
      33
      30
      35
      36
      27
      40
      28
      33
      29
      29
      31
      28
      24
      29
      23
      34
      36
      26
      42
      31
      40
      31
      22
      34
      42
      27
      26
      40
      25
      35
      39
      30
      23
      35
      33
      44
      32
      26
      28
      41
      29
      30
      27
      35
      41
      34
      46
      31
      36
      46
      38
      34
      40
      39
      39
      40
      25
      42
      37
      30
      38
      39
      38
      29
      30
      44
      41
      31
      42
      43
      31
      33
      22
      26
      32
      34
      37
      31
      30
      21
      22
      33
      20
      35
      23
      34
      31
      43
      40
      27
      28
      32
      26
      31
      31
      34
      37
      30
      34
      31
      33
      36
      36
      35
      42
      27
      29
      27
      33
      29
      43
      26
      38
      31
      34
      31
      40
      31
      38
      31
      40
      38
      35
      32
      30
      34
      38
      32
      35
      46
      32
      41
      45
      46
      35
      34
      40
      36
      38
      38
      42
      38
      31
      39
      33
      35
      40
      49
      34
      30
      42
      27
      32
      33
      39
      29
      24
      21
      35
      32
      19
      30
      21
      30
      27
      25
      19
      17
      35
      18
      22
      24
      19
      26
      15
      23
      19
      21
      20
      27
      21
      20
      19
      18
      19
      10
      15
      22
      12
      10
      16
      11
      17
      14
      15
      17
      12
       7
      19
      11
      10
      25
      14
      20
      21
      16
      14
      11
      23
      25
      10
      10
       9
      14
      11
      13
      16
       8
      12
      17
      19
       8
      18
      13
      20
      17
      26
      16
      13
      24
      26
      20
      22
      38
      34
      35
      41
      35
      44
      57
      37
      63
      58
      68
      80
      76
      61
      89
      78
      81
      93
      84
      93
     101
      99
      99
     111
     102
     101
     117
     106
      99
     117
     133
     105
     101
     105
     107
      95
      84
      91
      92
      86
      88
      73
      75
      75
      66
      71
      61
      57
      55
      50
      39
      41
      41
      31
      29
      23
      39
      29
      21
      20
      22
      13
      19
      10
      16
      12
      17
      24
      21
      11
       6
      14
       8
      11
       8
      12
      10
       6
      18
       6
      12
       9
      15
      10
       6
      10
      10
       3
       6
       9
      12
       8
       9
      12
      12
      10
       6
       8
      10
      10
       8
       5
      15
       6
      16
      12
      11
       7
      11
      12
      15
      10
      12
       3
      11
      10
      10
       8
       9
       4
      19
      12
       9
      11
       6
       9
       6
       3
       7
      16
       9
       7
       8
       7
      13
       7
      12
       3
       7
       7
      10
      10
       9
       3
       9
       8
      10
       7
      13
      11
       3
       7
       8
       7
       6
      14
       4
       9
       9
      10
       7
       9
       9
      16
      14
       6
       6
      14
       5
      10
      11
       9
       8
       8
      11
       8
      10
       3
       5
       6
      10
      11
      12
      11
       8
       7
      12
       9
       8
      10
       5
       6
       6
      10
       8
      10
       9
      11
       7
       5
       6
       7
      10
       6
       4
       5
       8
      11
       8
      12
       5
       2
       4
       9
       7
       9
       9
      14
       7
       4
      12
       8
       5
       8
       8
       8
       7
       6
       9
      11
       3
      10
       8
      15
       6
      12
       9
      10
       5
       4
       9
       7
       8
       7
       5
       8
      16
      12
       9
      11
       9
       7
      13
      15
       7
       7
      14
      13
      10
      11
      10
       7
       7
       7
       5
       7
      16
       9
       6
      11
      11
      20
       4
       9
      15
       7
      12
       9
      11
       7
       7
       8
       7
       7
       5
       3
      11
       8
       5
       9
       6
       5
      12
       4
      10
      12
       6
       4
       8
      10
       4
       4
       8
       5
       8
      17
       6
       6
       9
       4
      12
       5
      10
      10
       9
       6
      10
      10
       8
      15
       7
       6
       9
       7
       5
       6
       5
       9
       3
      10
       2
       5
      13
       9
       3
       6
       9
       3
       5
       9
      10
      14
      13
       5
       5
       6
       6
      11
       7
      11
       6
      11
      10
      10
       2
       4
      12
      12
       8
       8
       6
       5
      10
       8
       7
       4
       9
      14
       6
       7
      11
       6
       8
       2
       8
       4
      10
       7
       6
       6
       6
      10
       4
       9
       4
       4
       6
       2
      13
       9
      12
       9
       6
       8
       6
       9
       9
       6
       9
       9
       8
       3
       6
       5
       6
       5
       6
       8
       3
       6
       7
       7
      12
      10
       5
      11
       8
       5
       6
       5
       4
       8
       3
       7
       3
       5
       7
      11
      12
       6
       6
       5
       4
       9
       8
       9
       5
      10
       6
       6
      10
       8
       5
       5
      11
       7
       5
      20
      12
       2
       7
      10
      10
       9
      12
       6
       8
      12
      10
       6
      13
      10
       6
       8
       8
      11
       5
      10
      18
      17
       8
      13
       6
      18
       8
       9
       9
       7
       7
      11
      11
      10
       8
      16
       7
       9
      11
      10
       4
      10
       6
       7
       5
       8
      10
       5
      12
       8
       6
       8
      11
       6
       6
       4
      10
       6
       7
       4
       0
       5
       3
       4
       7
       5
       6
       5
      10
       6
       9
       9
       4
       5
       6
      10
       8
       3
       6
       2
       4
       3
       6
       7
       4
       5
       5
       5
       6
       3
       9
      11
       6
       4
       8
       7
      10
       5
       4
       5
       3
      10
       2
       3
      11
       7
       7
       6
       2
      11
       6
      10
       5
       3
       9
       4
       3
       7
      12
       6
       4
       6
       8
       5
      12
       7
       8
       6
       7
      16
       3
      12
       7
       2
       8
       6
       6
       9
       9
       1
      10
      11
       8
       5
       5
      11
       3
       4
       4
       5
       7
      11
       7
       7
       4
       6
       5
       3
       5
       8
       6
      10
       7
       7
      10
       5
       8
      12
       5
       3
       2
       4
       6
       3
       6
      11
      10
       5
       6
       4
       6
       4
       8
      10
       5
       7
       6
       5
      10
       3
       7
      10
       6
       8
       4
       4
       2
       5
       6
       9
       9
       6
       4
       9
       6
       4
       3
      11
       7
       4
       2
       9
       7
       7
       9
       5
       3
       5
       7
       6
       4
       5
       6
       7
       6
       4
       6
       5
       5
       3
       5
       3
       4
       8
       5
       4
       5
      10
       5
       5
       7
       8
       3
       8
       6
       4
       9
      10
       4
       4
       7
       5
       7
       6
       6
       5
       5
       4
       9
       7
       6
       8
       7
       6
       3
       8
       8
       5
       2
       3
       6
       5
       5
       8
       3
       6
       9
       6
       9
       3
       7
       7
       5
       7
       7
      11
       6
       6
       8
       5
       6
       3
       7
      10
       3
      10
       8
       5
       2
       9
       2
       2
       7
       6
       5
      11
       5
       3
       5
      11
       5
       5
       4
       7
      10
       8
      13
       5
       7
       6
       2
      11
       7
      11
      13
       6
       6
       4
      11
       8
       8
       7
       6
      10
       2
       1
       9
       9
       6
      10
       7
       4
       8
       5
       6
       6
      10
       4
       4
       9
       7
       7
       9
       7
       9
       8
      10
       5
      11
       5
       6
      13
       3
       8
       3
       7
       6
      12
       6
       9
       5
       7
       7
       7
       5
       4
       8
       8
      11
       8
      12
       7
       7
       2
       6
      12
       6
      13
       4
      10
       5
       9
       8
       6
       4
       6
       6
       6
       6
      16
       8
       4
       0
      13
       9
      10
       3
       5
       6
       9
       8
       7
       5
      11
       8
       8
       2
       5
       6
      10
       2
       8
       6
       6
       3
      11
       7
       3
       7
       8
       3
       5
      10
       6
       6
       9
       6
      14
       5
       3
      12
       9
       5
       8
      10
      12
       6
       6
       6
       3
       9
       6
       7
      11
       6
       8
       7
       6
       5
       9
       5
       5
       6
       5
      10
       6
       5
       7
       7
       6
       3
       6
       8
       7
       6
       4
       7
       5
       5
      10
      10
       8
      14
      12
       6
       8
       9
       6
       8
      10
      11
      10
       8
      12
      10
       6
       7
       6
       8
       3
       5
       5
      12
       7
       8
       3
       8
      12
      10
      11
       9
       9
       7
      13
       6
       7
       5
      11
       3
       3
       9
       4
       4
       5
       6
       7
       9
       9
       8
       9
       6
       3
       8
       7
      12
       5
       4
       5
       8
      11
       7
       9
       5
      13
       9
      10
       9
       3
       8
       8
       8
       8
       5
       6
       8
       9
      13
       2
       6
      10
       5
       8
       9
       6
      10
       9
      10
       6
      10
       3
       7
       9
       7
       5
       4
      11
       7
       7
      11
       8
       8
       4
       5
       3
       9
      11
       9
       6
       4
      11
      15
       6
       8
      14
      10
      14
      10
      12
      10
       9
       9
      11
       4
       9
      12
       5
       6
       8
      14
       9
       9
       9
      14
      10
       4
       8
      13
      11
      14
      11
      11
       4
      14
       9
      12
       5
       5
       5
       6
       7
       7
       8
       9
       5
       9
      10
       7
       6
       8
       7
       4
      14
       4
       5
       8
       8
       6
      10
       7
       5
       7
       8
       7
       5
       7
       6
      12
       6
       6
       6
       8
       7
       5
       3
       4
       6
       8
       7
       8
       5
       6
       9
      10
       9
       7
       5
       6
       3
       9
       4
       7
       7
       7
       2
      10
       6
       6
       8
       3
       7
       8
       4
      12
       2
       7
       7
       7
      15
       2
       7
      10
      10
       9
       7
       8
       6
       6
       6
       5
       5
      11
       9
       7
       3
       6
       9
       8
       9
       9
       9
       7
       5
       6
       4
       6
       5
       7
       8
       6
       9
       6
       9
       6
      10
       6
       5
       5
       6
       6
       5
       8
       5
      10
       5
       9
       6
       3
       7
       7
       8
       3
       6
       9
      10
       8
      10
       4
       5
       6
      15
       4
       9
       5
       6
       5
       9
       8
       7
       5
       6
       7
       7
       7
       8
       5
       4
      13
       5
       1
       0
       0
       0
       0
       0
       0
       0
       0
       0
       0
       0
       0
       0
       0
       0
       0
       0
       0
       0
       0
       0
       0
       0
       0
       0
       0
       0
       0
       0
       0
       0
       0
       0
       0
       0
       0
       0
       0
       0
       0
       0
       0
       0
       0
       0
       0
       0
       0
       0
       0
       0
       0
       0
       0
       0
       0
       0
       0
       0
       0
       0
       0
       0
       0
       0
       0
       0
       0
       0
       0
       0
       0
       0
       0
       0
       0
       0
       0
       0
       0
       0
       0
       0
$ROI:
1
712 830
$PRESETS:
None
0
0
$ENER_FIT:
-23.656767 2.297974
$MCA_CAL:
3
-2.365677E+001 2.297974E+000 2.836717E-005 keV
$SHAPE_CAL:
3
0.000000E+000 0.000000E+000 0.000000E+000
