$SPEC_ID:
No sample description was entered.
$SPEC_REM:
DET# 1
DETDESC# DESKTOP-I499GD2 Easy-MCA-2k SN 18191655
AP# Maestro Version 7.01
$DATE_MEA:
02/29/2024 10:46:40
$MEAS_TIM:
34 35
$DATA:
0 2047
       0
       0
       0
       1
       1
       3
       0
       4
     190
      58
      53
      56
      64
      80
      68
      72
      63
      70
      58
      76
      65
      67
      61
      48
      61
      64
      72
      78
      74
      89
      74
      85
      96
      96
     104
      98
      94
      89
      98
     109
      97
      99
     112
     115
     122
     129
     136
     136
     128
     134
     140
     155
     151
     163
     142
     163
     152
     162
     171
     189
     179
     207
     258
     311
     333
     324
     302
     298
     216
     185
     187
     168
     181
     143
     152
     162
     175
     152
     160
     154
     162
     160
     175
     157
     154
     176
     161
     167
     167
     147
     139
     162
     147
     151
     131
     136
     138
     141
     152
     162
     155
     139
     129
     138
     140
     134
     135
     145
     129
     132
     112
     125
     127
     132
     133
     135
     125
     140
     137
     119
     120
      94
     103
     104
     119
     105
     114
     113
     133
     106
     118
     102
     128
     102
     125
     112
     122
     105
     109
      88
      84
      90
     103
      93
     104
      99
     108
     109
      92
      87
      95
     101
      86
      97
      84
      88
      82
      83
      79
      85
      81
      73
      83
      72
      86
      66
      69
      87
      73
      69
      59
      66
      70
      83
      65
      78
      64
      79
      84
      70
      63
      69
      54
      68
      64
      72
      59
      63
      76
      76
      52
      63
      70
      66
      73
      64
      57
      57
      64
      63
      63
      63
      66
      52
      57
      47
      66
      56
      50
      68
      69
      72
      83
      66
      76
      60
      88
      86
     104
     100
      98
      99
     120
     142
     120
     142
     140
     153
     159
     160
     162
     148
     155
     126
     117
     136
     115
     108
      89
      95
      82
      70
      73
      60
      57
      53
      46
      51
      49
      41
      36
      41
      46
      40
      47
      34
      46
      27
      38
      41
      29
      58
      32
      42
      45
      44
      39
      29
      44
      41
      44
      44
      41
      29
      39
      38
      48
      45
      38
      53
      36
      39
      43
      33
      29
      37
      27
      31
      37
      30
      46
      32
      45
      46
      40
      43
      28
      36
      40
      29
      41
      37
      39
      33
      28
      41
      44
      36
      26
      34
      29
      29
      29
      36
      33
      34
      37
      37
      30
      33
      40
      30
      30
      41
      35
      46
      39
      46
      48
      38
      36
      36
      45
      30
      36
      40
      36
      29
      27
      31
      33
      22
      22
      48
      29
      41
      39
      26
      26
      31
      36
      34
      33
      34
      31
      29
      28
      36
      22
      28
      39
      37
      20
      34
      26
      43
      43
      37
      34
      33
      35
      35
      29
      28
      31
      32
      29
      30
      32
      37
      25
      35
      33
      38
      32
      32
      27
      19
      29
      35
      33
      30
      26
      31
      28
      29
      29
      35
      24
      29
      26
      29
      29
      22
      35
      30
      24
      43
      23
      23
      32
      28
      30
      33
      32
      30
      28
      33
      37
      26
      30
      31
      25
      20
      23
      23
      35
      31
      22
      27
      32
      25
      33
      33
      26
      25
      27
      41
      23
      27
      33
      25
      28
      24
      31
      29
      24
      19
      31
      21
      33
      26
      17
      28
      28
      21
      29
      26
      25
      29
      23
      21
      23
      18
      23
      26
      27
      19
      25
      26
      26
      24
      27
      24
      21
      34
      23
      27
      23
      20
      18
      28
      28
      28
      23
      30
      36
      27
      31
      20
      24
      28
      30
      36
      24
      35
      33
      23
      25
      36
      36
      21
      38
      28
      22
      31
      33
      29
      25
      20
      29
      28
      17
      31
      18
      20
      26
      20
      26
      14
      25
      23
      21
      24
      25
      24
      27
      29
      19
      34
      23
      27
      23
      32
      20
      23
      35
      25
      26
      30
      26
      32
      24
      28
      30
      30
      23
      23
      23
      23
      25
      31
      34
      44
      35
      28
      28
      35
      25
      33
      35
      32
      31
      28
      40
      31
      34
      31
      35
      26
      31
      32
      41
      30
      34
      38
      34
      30
      28
      29
      22
      30
      26
      33
      20
      34
      28
      28
      37
      20
      29
      23
      29
      21
      30
      28
      34
      31
      17
      33
      33
      25
      24
      28
      23
      27
      33
      26
      33
      49
      30
      33
      30
      27
      26
      34
      25
      38
      42
      29
      29
      25
      23
      32
      24
      24
      31
      18
      28
      27
      40
      36
      33
      34
      26
      25
      31
      30
      47
      31
      39
      29
      46
      25
      27
      33
      26
      21
      30
      35
      34
      32
      33
      27
      31
      33
      27
      36
      27
      27
      30
      17
      22
      29
      23
      16
      24
      23
      26
      21
      22
      15
      18
      21
      17
      12
      20
      16
      23
      20
      19
      22
      15
      16
      21
       7
      13
      12
      18
      11
      18
      18
      15
      10
      16
      12
      14
       8
       9
      15
      15
      12
      15
      16
      11
      12
      23
      11
      13
       9
      14
      12
      11
      18
      17
       9
       9
       8
      19
       9
      14
      15
      13
      20
      19
      15
      16
      14
      24
      17
      14
      19
      25
      17
      25
      21
      33
      38
      31
      45
      57
      39
      29
      44
      43
      56
      66
      67
      71
      70
      75
      93
      74
      74
      84
      66
      91
     103
     104
     120
     111
      90
      89
      98
      94
     109
      92
      88
     100
      94
      90
      86
      81
      93
      82
      65
      61
      61
      61
      45
      49
      47
      44
      48
      35
      38
      28
      32
      46
      27
      28
      23
      21
      11
      18
      15
      11
       9
      26
      14
      13
      10
      15
      14
       8
      15
       6
       9
       6
      10
       8
      10
      11
      14
       7
       5
       6
       9
       6
       8
       3
       6
       8
       4
       4
       7
       9
       3
       9
       3
       8
       5
       9
      13
       9
      10
       7
       8
       8
      11
      10
       8
       8
       8
      13
      22
       7
       4
       6
       6
       2
       9
      15
       6
      12
       8
      13
       2
       9
       9
       9
       7
       8
       6
      10
       5
       9
       8
       9
       7
      12
       9
       5
       6
      11
       6
       4
       8
       7
      10
      10
       7
       6
       7
       6
       6
       3
       6
       7
       5
       7
       7
       6
       2
      10
       8
       5
       8
       1
       6
      11
       3
       3
      10
       7
       9
      12
       5
       1
       3
      10
       7
       5
       7
       5
       6
       7
       7
       8
       9
       4
       2
       3
       7
       7
      12
       6
       8
       6
       3
      10
       7
       7
      10
       3
       5
       5
       4
       6
       7
       8
       3
      11
       7
      10
       6
       5
       5
      11
       5
       3
       4
      10
       7
       8
       9
       8
       1
       6
       7
       5
       7
       8
      15
       4
       5
       6
      14
       3
      10
       6
       3
       8
       7
      10
       7
       8
       6
       6
       9
       9
       6
      10
       9
       8
      13
       8
       4
       7
       7
       5
       3
      12
      10
       6
      10
       8
       5
       5
      12
      13
       7
       6
       6
      11
       8
      10
       7
       7
       5
      10
       4
       4
       8
       5
       8
       7
       5
      11
       8
       6
       9
       8
      10
       7
       7
      12
       8
       8
       8
       7
       7
       8
       5
      13
       6
       6
       4
       6
       4
      11
       3
       7
       6
       8
       8
       5
       5
       6
      10
       7
       3
       5
       6
       7
      10
      11
       3
      10
       6
       3
       4
       7
       6
       7
       7
       3
       6
       6
       6
       9
       6
       7
       4
       5
      10
       8
       7
       9
       6
       6
      10
       2
      11
       6
       9
       6
       1
       8
       5
       8
       5
       9
       7
       7
       8
       9
       5
       4
       5
       2
       7
       8
       6
       5
       7
      10
       2
       7
       6
       5
       5
       4
       7
       6
       7
       6
       6
       4
       4
       7
       4
       9
       7
       4
       6
       5
       4
       6
       6
       5
       7
       6
       9
       7
       5
       5
       3
       7
       3
       6
      11
       4
       6
       3
       5
       6
       6
       5
       3
       7
       6
       5
       3
       6
       4
       7
       6
       9
       5
       7
       9
       3
       4
       6
       7
       2
       6
       8
       4
       5
       8
       3
       7
       4
      10
       4
       1
      11
      11
       7
       5
       8
       5
       9
       5
       9
       4
       5
       5
      11
       6
       6
       6
       9
       7
      11
       9
       9
       4
       5
       8
       7
      11
      15
       8
       6
       9
       8
       9
      11
      11
       5
      11
      11
      11
       9
       3
       6
       6
       4
       5
       6
       7
       8
       7
       8
       6
       7
       4
       5
       6
       6
       4
       7
       3
       8
       5
       7
       8
       4
       2
       8
       7
       4
       5
       9
       6
       8
       3
       2
       2
       8
       4
       9
       4
      10
       7
       8
       4
       8
       3
       3
       2
      11
       6
       4
       8
       6
       5
       5
       7
       5
       5
       5
       3
       4
       9
       7
       5
       4
      10
       4
       6
       4
       6
       5
       9
       3
       4
       8
       6
       7
       7
       7
       7
       7
       7
       7
       4
       1
       8
       7
       7
       6
       6
       5
      10
       4
       9
       4
       4
       7
       4
       5
       1
       9
       5
       4
       9
       6
       4
       8
       3
      10
       7
       5
       7
       5
       8
       5
       6
       2
       6
       7
       1
      10
       2
       4
       7
       3
       2
       6
       2
       7
       8
       3
       3
       4
       8
       8
       3
       5
       6
       4
       6
       6
       6
       6
       5
       6
       2
       9
       5
       3
       7
       5
       3
       6
       5
       5
       3
       3
       8
       4
       8
       4
       7
       3
       5
       4
       8
       1
       6
       4
       6
       3
       2
       7
       3
       7
       8
      10
       4
       6
       5
       4
      10
       1
       5
       4
       8
       5
       3
       5
       8
       3
       3
       5
       2
       2
       6
       5
       6
       1
       5
       1
       4
       2
       7
       6
       6
       4
       5
       5
       2
       5
       7
       5
       8
       7
       6
       5
       8
       2
       3
       1
       9
      12
       5
       5
       9
       5
       7
       5
       6
       8
       7
       6
       2
       6
       3
       4
       5
       5
      14
      12
       4
       8
       7
       7
       8
       5
       5
       6
       6
       5
       4
       9
       4
       3
       5
       8
       2
       5
       2
       4
       4
       6
       7
       5
       5
       7
       2
       6
       1
       6
       7
       1
       9
       5
       9
       7
       6
       4
       4
       6
       3
       4
       7
       6
       9
       6
       9
       7
       6
       2
       5
       6
       9
       4
       2
       1
       4
       6
       9
       7
      12
       6
       5
       9
       6
      10
       6
       7
       5
       8
       8
       5
       3
       7
       8
       4
       4
       3
       2
       9
       7
       4
      11
       8
      10
       4
       5
       6
       6
       7
       7
       7
       9
       6
       5
       6
       4
       9
       5
       6
       7
       5
       8
       9
       7
      11
      11
       5
       3
       8
       3
       4
       6
       1
       7
       8
       3
       6
       3
       5
       4
       5
       4
      12
       5
       2
       4
       9
       2
       4
       5
       4
       5
       9
       5
       5
       1
       5
       4
       3
       4
       3
       1
       3
       3
       6
       4
       9
       5
       5
       9
       4
       8
       4
       3
       9
       9
       3
      11
       4
       6
       6
       7
       4
       5
       8
      11
       8
       3
      11
       4
       5
       6
       5
       3
       2
       4
       4
       5
       3
       6
      10
       7
       6
       5
       5
       2
       9
       6
       5
       6
       3
       7
       7
       4
       7
       4
       3
       4
       5
       6
       6
       4
       5
       3
       4
       3
      10
       6
       3
       7
       9
       4
       5
       6
       5
      14
       6
       8
       6
       9
      10
       3
      10
       5
       7
       7
       6
       1
      11
       9
       7
       7
       5
       7
       6
       4
       5
       6
       7
      12
       6
       3
       9
      13
      11
       3
       5
       7
       9
       4
       6
       6
       8
       8
       5
       3
       6
       7
       9
       5
       2
       7
       4
       4
      12
       6
       6
       6
       5
       8
       8
       5
       3
       8
       5
       6
       5
       6
       6
       3
       4
      11
       3
       4
       5
      11
       4
       4
       7
       5
       6
       6
       6
       8
       4
       6
       1
       9
       6
       5
       6
       5
       3
      13
       3
       5
       7
      10
      13
       5
      13
      11
       8
       5
       9
       5
       7
       3
       7
       2
       5
       8
      10
      12
       4
       6
       8
       7
       9
      10
      10
      10
       7
       7
      11
       7
      10
       6
      11
       9
      10
       4
       6
       3
      13
       7
       7
       6
       3
       6
       8
       8
       7
       5
       7
       4
       7
       7
       6
      10
       9
       5
       6
       7
       4
       3
      10
       4
       4
       3
       6
       5
       6
       7
       3
       3
       6
       6
       4
       6
       4
       7
       7
       5
       7
       4
       5
       7
       5
       6
       4
       6
       6
      11
       6
       9
       7
       3
       3
       7
       9
       6
       6
       3
      12
       4
      10
       5
       5
       1
       8
       6
       8
      10
       9
       5
       7
       3
       5
       2
       4
       5
       8
       4
       4
       3
       2
       7
       5
       5
       7
       1
       5
       6
       9
      10
       4
       4
       8
       7
       6
      14
       6
       4
       4
       6
       3
       6
       6
       5
       9
       5
       5
       5
       2
       5
       6
       8
       6
       4
      10
       6
      13
       8
       9
       7
       8
       4
       6
       8
       5
       7
       8
       3
       7
       7
       5
       2
       8
       3
       6
       6
       3
       5
       8
       4
       6
       5
       6
       2
       3
       6
      10
       5
      10
       5
       5
       7
       8
       8
       7
       6
      11
       6
       4
       9
       0
       0
       0
       0
       0
       0
       0
       0
       0
       0
       0
       0
       0
       0
       0
       0
       0
       0
       0
       0
       0
       0
       0
       0
       0
       0
       0
       0
       0
       0
       0
       0
       0
       0
       0
       0
       0
       0
       0
       0
       0
       0
       0
       0
       0
       0
       0
       0
       0
       0
       0
       0
       0
       0
       0
       0
       0
       0
       0
       0
       0
       0
       0
       0
       0
       0
       0
       0
       0
       0
       0
       0
       0
       0
       0
       0
       0
       0
       0
       0
       0
       0
       0
       0
$ROI:
1
712 830
$PRESETS:
None
0
0
$ENER_FIT:
-23.656767 2.297974
$MCA_CAL:
3
-2.365677E+001 2.297974E+000 2.836717E-005 keV
$SHAPE_CAL:
3
0.000000E+000 0.000000E+000 0.000000E+000
