$SPEC_ID:
No sample description was entered.
$SPEC_REM:
DET# 1
DETDESC# DESKTOP-I499GD2 Easy-MCA-2k SN 18191655
AP# Maestro Version 7.01
$DATE_MEA:
02/29/2024 11:08:24
$MEAS_TIM:
87 87
$DATA:
0 2047
       0
       0
       0
       0
       0
       0
       0
       0
      44
      20
      22
      27
      26
      32
      34
      42
      31
      32
      34
      41
      35
      43
      33
      28
      32
      42
      36
      44
      66
      75
      90
      67
      95
     115
     117
      54
      64
      55
      47
      47
      58
      70
      68
      83
      90
      97
     102
     108
     133
     131
     145
     174
     157
     173
     183
     168
     166
     171
     172
     164
     254
     304
     399
     557
     571
     515
     477
     344
     245
     163
     146
     121
     119
     119
     105
     102
     115
     138
     109
      91
     112
     110
     103
      88
      98
     102
     110
      99
     100
     106
     101
      93
      91
     105
      98
      85
      97
     110
      92
      66
      77
      91
      74
      76
      84
      80
      80
      91
      70
      82
      70
      63
      71
      64
      69
      68
      77
      76
      58
      65
      69
      54
      58
      67
      69
      69
      60
      57
      49
      55
      67
      52
      61
      47
      56
      60
      48
      45
      51
      51
      63
      43
      48
      41
      58
      33
      39
      35
      41
      35
      42
      42
      46
      50
      44
      22
      43
      37
      42
      39
      31
      33
      29
      33
      32
      33
      32
      32
      33
      26
      37
      35
      27
      32
      22
      17
      22
      16
      25
      35
      17
      34
      21
      23
      21
      24
      29
      25
      25
      19
      17
      28
      26
      21
      34
      28
      28
      22
      20
      21
      22
      15
      18
      18
      20
      24
      15
      26
      25
      36
      25
      28
      20
      35
      27
      27
      27
      32
      42
      40
      28
      37
      31
      42
      45
      36
      38
      47
      47
      42
      41
      37
      32
      37
      39
      37
      24
      30
      31
      26
      11
      16
      21
      23
      25
      15
      26
       9
      17
      17
      20
      15
      10
      13
      16
      18
      16
      21
      20
      15
      18
      17
      10
      16
      16
      22
      16
      15
      17
      13
      15
      12
      14
      11
      15
      19
      12
      12
      17
      14
      12
      19
      16
      13
      12
       8
       8
      20
       9
       7
      14
      14
      14
      13
       8
      13
      11
      14
       6
       9
       8
      10
      13
       7
       9
       9
       5
      13
      10
      16
       8
      14
       9
      13
       7
      16
      16
      13
       8
      16
      10
      16
      10
       5
      12
      14
      14
       8
       8
      15
       9
      10
       8
      13
       7
      13
      17
       8
      13
      13
      10
      14
       8
      15
      14
       6
      10
       8
      10
       8
       8
      12
      11
      11
      18
      12
      12
      13
      17
       9
      13
       9
      11
      15
      19
       8
      13
       6
       7
      12
       8
       9
       8
       9
      12
      13
       7
      10
       7
       9
      13
      10
       9
       9
       2
       8
       8
      11
      10
       9
      11
      10
       6
       7
      12
      11
      10
       6
       8
       6
       6
       1
      15
       4
       5
       9
       9
       5
       7
       2
      13
       9
       7
       5
       6
       6
      14
       5
      10
      11
       7
      11
       7
       5
       9
       9
       3
       5
       7
      10
       9
       8
       7
       4
       6
       6
       3
       4
       4
       9
       2
       7
       7
       2
       3
       5
       7
       6
       4
       9
       9
       3
       9
       6
       8
       9
       6
       9
       6
       6
       4
       4
       5
       4
       4
       7
       5
       7
       4
      13
      10
       4
       6
       5
       9
       7
      11
      11
      10
      10
       7
      10
      15
      11
      14
      18
       6
       9
      10
      11
      10
      16
       8
      12
       6
       9
       9
      12
      11
      10
       9
       9
       7
       5
       3
       6
       7
       5
      11
       5
      10
       4
       5
       5
       8
       6
       6
       3
       3
       9
      10
       4
       3
       7
       2
       7
       2
       3
       4
       5
       5
       7
       7
       5
       4
       8
       5
       4
       4
       1
       4
       8
       6
       2
      11
       1
       1
       6
       3
      10
       6
       8
       4
       4
       5
       8
       5
       3
       5
       7
       5
       1
       5
       2
       6
       2
       5
       2
       8
       2
       3
       8
       3
       4
       2
       2
       6
       0
       4
       3
       3
       5
       3
       5
       3
       5
       4
       6
       6
       4
       5
       5
       2
       0
       3
       3
       4
       6
       5
       2
       2
       4
       2
       1
       3
       7
       2
       6
       3
       4
       3
       6
       8
       1
       5
       3
       4
       7
       8
       7
       7
       6
      12
       7
       8
      11
      11
      11
      14
      11
      10
       9
       4
      10
      12
       6
       7
      10
      11
       4
       7
       7
       3
       4
       6
       2
       6
       5
       8
       5
       2
       6
       2
       2
       3
       5
       1
       4
       2
       8
       4
       3
       5
       1
       4
       1
       2
       1
       3
       5
       2
       3
       4
       2
       2
       4
       1
       4
       1
       3
       3
       0
       0
       0
       8
       1
       1
       1
       0
       2
       2
       7
       1
       3
       1
       3
       4
       4
       1
       3
       7
       1
       4
       2
       6
       1
       3
       3
       3
       2
       2
       3
       0
       4
       4
       3
       0
       2
       2
       1
       2
       4
       3
       1
       4
       2
       0
       3
       4
       2
       3
       1
       0
       2
       4
       7
       3
       3
       3
       4
       6
       4
       6
       1
       6
       9
       7
      12
       8
       6
      12
       5
      12
       7
       8
      11
      13
      14
      10
      12
       7
       9
       6
      18
      15
       8
      12
      10
      10
      13
       9
      10
       8
       6
       7
       5
       5
       7
       6
       8
       2
       3
       4
       7
       2
       5
       1
       6
       6
       3
       0
       1
       0
       2
       0
       1
       3
       4
       3
       5
       2
       1
       5
       1
       3
       2
       2
       0
       1
       1
       0
       0
       1
       1
       0
       1
       2
       2
       1
       0
       3
       0
       2
       1
       1
       1
       1
       1
       1
       1
       2
       0
       2
       0
       2
       1
       0
       0
       2
       0
       2
       2
       1
       3
       0
       2
       1
       4
       2
       0
       0
       3
       1
       0
       1
       2
       0
       1
       0
       2
       0
       1
       2
       1
       0
       0
       0
       3
       0
       0
       2
       4
       2
       2
       1
       0
       1
       2
       0
       1
       0
       1
       4
       1
       1
       2
       0
       0
       1
       2
       1
       1
       2
       2
       1
       3
       0
       0
       1
       2
       1
       3
       3
       0
       1
       4
       0
       1
       0
       0
       2
       2
       1
       0
       1
       1
       1
       1
       1
       1
       2
       3
       1
       2
       1
       1
       2
       1
       2
       2
       2
       1
       2
       0
       1
       1
       2
       1
       2
       2
       2
       0
       4
       1
       0
       2
       2
       1
       3
       2
       1
       0
       0
       2
       0
       3
       1
       1
       2
       0
       2
       1
       0
       1
       3
       0
       2
       0
       1
       1
       2
       0
       1
       1
       1
       2
       0
       0
       1
       3
       3
       1
       1
       2
       0
       1
       1
       1
       3
       2
       0
       0
       1
       0
       1
       1
       2
       0
       1
       1
       0
       3
       1
       0
       1
       3
       1
       0
       2
       1
       1
       1
       2
       1
       2
       1
       1
       2
       0
       1
       0
       2
       0
       1
       1
       1
       1
       2
       0
       0
       0
       2
       0
       1
       1
       1
       0
       0
       0
       0
       1
       1
       1
       2
       1
       1
       1
       1
       1
       1
       0
       1
       0
       0
       0
       1
       1
       1
       1
       0
       0
       0
       0
       0
       3
       0
       1
       3
       0
       0
       2
       2
       1
       0
       2
       2
       1
       0
       1
       0
       0
       2
       0
       1
       0
       0
       2
       0
       0
       0
       2
       2
       3
       2
       1
       0
       2
       4
       2
       1
       2
       2
       0
       1
       1
       0
       2
       4
       1
       2
       1
       3
       1
       1
       2
       1
       1
       1
       3
       1
       2
       3
       1
       0
       0
       2
       3
       5
       2
       0
       2
       1
       1
       3
       1
       2
       0
       1
       2
       0
       0
       0
       0
       0
       1
       0
       1
       1
       0
       1
       0
       0
       1
       1
       1
       1
       1
       0
       2
       1
       0
       2
       1
       1
       0
       1
       1
       0
       1
       0
       0
       2
       0
       0
       1
       0
       0
       2
       1
       0
       1
       1
       0
       1
       1
       0
       2
       0
       0
       2
       0
       0
       3
       2
       1
       0
       2
       1
       0
       0
       0
       2
       1
       2
       2
       1
       1
       0
       0
       1
       2
       0
       2
       0
       2
       0
       1
       0
       2
       4
       1
       0
       1
       3
       2
       4
       1
       2
       0
       0
       0
       0
       2
       2
       3
       1
       1
       1
       0
       1
       1
       0
       2
       3
       1
       0
       0
       1
       1
       0
       2
       1
       1
       0
       0
       1
       0
       1
       2
       0
       2
       0
       0
       1
       0
       0
       0
       1
       1
       0
       1
       1
       1
       1
       1
       0
       1
       2
       2
       1
       1
       0
       0
       0
       0
       1
       3
       0
       0
       1
       0
       0
       0
       0
       0
       1
       1
       1
       0
       0
       0
       0
       3
       0
       1
       1
       1
       0
       1
       1
       0
       1
       1
       0
       0
       3
       0
       1
       0
       0
       0
       2
       0
       0
       0
       2
       1
       1
       0
       1
       1
       0
       3
       1
       1
       0
       1
       0
       1
       0
       1
       0
       2
       0
       1
       1
       0
       1
       0
       1
       1
       0
       1
       0
       2
       1
       1
       1
       0
       1
       1
       0
       2
       2
       0
       1
       0
       1
       1
       0
       0
       1
       0
       0
       1
       0
       0
       0
       1
       0
       0
       0
       0
       0
       1
       0
       2
       1
       0
       0
       2
       0
       2
       1
       1
       0
       3
       2
       1
       0
       0
       0
       1
       0
       0
       1
       0
       0
       1
       0
       3
       1
       1
       3
       1
       0
       1
       0
       0
       1
       0
       0
       1
       0
       0
       0
       0
       3
       0
       2
       0
       1
       2
       1
       1
       0
       1
       2
       0
       1
       0
       0
       2
       0
       0
       0
       2
       1
       2
       3
       0
       0
       1
       1
       3
       2
       0
       0
       0
       0
       0
       0
       1
       1
       1
       2
       1
       0
       0
       0
       1
       1
       0
       0
       0
       2
       1
       0
       1
       0
       1
       0
       1
       2
       2
       1
       0
       1
       0
       0
       2
       0
       2
       2
       0
       0
       1
       0
       2
       2
       0
       1
       2
       1
       1
       0
       1
       0
       0
       1
       0
       1
       0
       0
       1
       2
       0
       0
       1
       0
       0
       0
       1
       1
       0
       1
       0
       0
       0
       1
       1
       2
       0
       1
       2
       1
       2
       0
       2
       0
       1
       1
       0
       0
       0
       1
       2
       0
       1
       1
       0
       0
       0
       1
       1
       2
       1
       1
       1
       0
       0
       1
       0
       1
       1
       0
       1
       0
       1
       2
       0
       0
       1
       0
       0
       3
       1
       0
       0
       0
       1
       3
       2
       1
       2
       2
       1
       0
       0
       1
       0
       2
       0
       1
       1
       1
       1
       0
       0
       0
       0
       1
       2
       2
       0
       1
       2
       1
       0
       0
       1
       1
       1
       1
       2
       0
       0
       0
       1
       0
       0
       1
       1
       0
       0
       1
       1
       0
       1
       0
       2
       0
       1
       0
       0
       1
       2
       1
       0
       1
       1
       0
       2
       0
       2
       0
       0
       1
       0
       2
       1
       0
       0
       1
       2
       0
       0
       0
       0
       0
       3
       0
       1
       1
       1
       1
       0
       1
       1
       0
       0
       0
       0
       0
       0
       3
       1
       0
       0
       1
       0
       0
       0
       2
       1
       2
       0
       1
       0
       1
       3
       0
       0
       1
       2
       1
       0
       2
       1
       1
       1
       0
       1
       2
       0
       1
       1
       2
       0
       1
       0
       1
       1
       1
       1
       2
       3
       0
       0
       1
       1
       2
       0
       0
       1
       3
       3
       1
       4
       0
       2
       0
       0
       0
       1
       0
       0
       1
       1
       1
       2
       2
       0
       0
       2
       2
       0
       1
       1
       3
       2
       0
       0
       1
       0
       0
       0
       0
       0
       2
       0
       2
       0
       0
       0
       0
       1
       3
       2
       1
       0
       1
       1
       2
       0
       0
       1
       1
       0
       2
       0
       3
       1
       1
       2
       0
       2
       2
       4
       0
       0
       1
       1
       0
       0
       0
       1
       1
       1
       1
       0
       1
       2
       1
       0
       4
       1
       0
       0
       1
       2
       1
       1
       0
       1
       1
       4
       2
       0
       0
       0
       0
       0
       0
       2
       0
       2
       0
       0
       0
       1
       0
       1
       3
       0
       1
       0
       2
       0
       2
       1
       0
       2
       2
       2
       2
       0
       0
       1
       1
       1
       4
       3
       0
       0
       0
       0
       0
       1
       0
       1
       0
       1
       0
       0
       1
       1
       0
       1
       0
       2
       1
       1
       0
       0
       1
       3
       1
       2
       1
       2
       1
       2
       0
       0
       0
       2
       0
       1
       0
       1
       0
       1
       1
       1
       2
       2
       1
       2
       1
       3
       2
       1
       1
       1
       0
       0
       0
       1
       1
       2
       0
       0
       0
       0
       1
       0
       1
       1
       2
       1
       2
       2
       1
       0
       1
       0
       1
       0
       3
       1
       1
       1
       1
       1
       2
       0
       0
       1
       0
       0
       1
       2
       1
       2
       3
       3
       1
       0
       1
       1
       2
       1
       1
       1
       0
       1
       0
       0
       0
       2
       0
       1
       0
       0
       0
       0
       0
       0
       0
       0
       0
       0
       0
       0
       0
       0
       0
       0
       0
       0
       0
       0
       0
       0
       0
       0
       0
       0
       0
       0
       0
       0
       0
       0
       0
       0
       0
       0
       0
       0
       0
       0
       0
       0
       0
       0
       0
       0
       0
       0
       0
       0
       0
       0
       0
       0
       0
       0
       0
       0
       0
       0
       0
       0
       0
       0
       0
       0
       0
       0
       0
       0
       0
       0
       0
       0
       0
       0
       0
       0
       0
       0
       0
       0
       0
       0
       0
$ROI:
1
712 830
$PRESETS:
None
0
0
$ENER_FIT:
-23.656767 2.297974
$MCA_CAL:
3
-2.365677E+001 2.297974E+000 2.836717E-005 keV
$SHAPE_CAL:
3
0.000000E+000 0.000000E+000 0.000000E+000
