$SPEC_ID:
No sample description was entered.
$SPEC_REM:
DET# 1
DETDESC# DESKTOP-I499GD2 Easy-MCA-2k SN 18191655
AP# Maestro Version 7.01
$DATE_MEA:
02/29/2024 10:52:51
$MEAS_TIM:
51 51
$DATA:
0 2047
       0
       0
       0
       0
       0
       0
       0
       3
     106
      58
      59
      54
      60
      55
      44
      50
      51
      52
      67
      54
      70
      63
      67
      54
      62
      69
      67
      64
      58
      97
      89
      88
     104
     113
     110
      93
      74
      80
      80
      80
      81
      99
     106
      89
     127
     118
     122
     127
     130
     123
     161
     172
     173
     166
     176
     164
     166
     168
     203
     190
     233
     243
     309
     354
     428
     402
     350
     264
     221
     193
     154
     160
     154
     120
     145
     140
     102
     153
     144
     155
     140
     152
     150
     158
     150
     116
     124
     165
     150
     155
     153
     149
     127
     131
     143
     130
     145
     114
     132
     131
     118
     118
     121
     134
     111
     120
     130
     134
     116
     124
     115
     106
     131
     116
     113
     113
     114
     118
     109
      95
     104
     106
      88
      87
      90
     100
     107
     114
     105
      93
      96
      79
     109
      99
      82
      92
      91
      97
      94
     100
      86
      81
      98
      90
      71
      75
      95
      82
      74
      73
      61
      63
      68
      81
      85
      83
      76
      78
      57
      60
      70
      72
      60
      65
      72
      68
      66
      65
      62
      48
      56
      48
      59
      58
      50
      59
      52
      47
      52
      73
      52
      57
      62
      57
      42
      49
      62
      46
      57
      55
      45
      48
      54
      44
      43
      46
      52
      41
      52
      53
      59
      40
      41
      53
      56
      43
      38
      51
      50
      41
      63
      64
      57
      58
      83
      58
      75
      58
      71
      96
      99
      79
      94
     101
     107
     132
     135
     125
     122
     104
     131
     129
     114
     119
     106
     100
      82
      85
      68
      61
      56
      46
      41
      39
      27
      56
      25
      36
      44
      34
      36
      32
      40
      25
      37
      26
      40
      52
      39
      25
      39
      36
      25
      42
      37
      39
      36
      30
      28
      25
      36
      29
      38
      34
      34
      31
      29
      42
      37
      32
      43
      29
      42
      33
      44
      29
      30
      28
      26
      33
      36
      36
      25
      31
      37
      43
      29
      25
      28
      33
      44
      34
      31
      28
      36
      33
      33
      29
      35
      34
      21
      26
      26
      26
      23
      24
      32
      22
      27
      35
      37
      30
      34
      31
      38
      21
      26
      25
      26
      30
      28
      33
      27
      25
      30
      35
      27
      33
      21
      28
      21
      30
      35
      26
      35
      33
      28
      25
      23
      24
      28
      24
      27
      27
      39
      24
      24
      29
      25
      22
      25
      31
      27
      26
      21
      26
      26
      26
      25
      26
      29
      19
      27
      25
      32
      30
      24
      26
      21
      23
      19
      21
      32
      28
      17
      26
      26
      25
      24
      30
      24
      20
      19
      18
      31
      19
      27
      27
      15
      18
      16
      31
      33
      19
      19
      23
      17
      21
      24
      16
      19
      29
      25
      23
      16
      28
      13
      18
      16
      27
      26
      16
      15
      18
      17
      17
      23
      20
      30
      19
      22
      22
      19
      30
      13
      26
      20
      22
      24
      22
      19
      30
      20
      18
      26
      18
      18
      18
      18
      24
      15
      28
      24
      21
      26
      25
      22
      22
      25
      17
      13
      23
      14
      18
      21
      19
      19
      18
      19
      22
      19
      20
      19
      17
      32
      29
      24
      27
      15
      27
      29
      15
      33
      21
      21
      27
      24
      24
      28
      22
      29
      27
      33
      18
      36
      19
      21
      25
      28
      18
      22
      25
      22
      19
      15
      18
      27
      19
      20
      25
      18
      16
      26
      28
      24
      18
      24
      15
      28
      20
      14
      12
      17
      17
      20
      20
      21
      21
      22
      23
      17
      24
      14
      21
      25
      13
      28
      21
      23
      20
      28
      28
      24
      27
      15
      29
      34
      28
      25
      25
      34
      20
      24
      26
      26
      23
      37
      29
      24
      24
      26
      29
      29
      21
      22
      29
      36
      26
      17
      19
      18
      24
      21
      21
      12
      25
      24
      19
      24
      26
      14
      29
      28
      22
      19
      24
      21
      20
      21
      30
      26
      17
      20
      17
      32
      13
      14
      25
      17
      31
      12
      28
      19
      26
      19
      31
      29
      24
      15
      22
      27
      24
      24
      23
      31
      21
      24
      32
      20
      21
      15
      16
      27
      22
      21
      14
      25
      25
      23
      25
      22
      22
      21
      19
      22
      21
      27
      24
      29
      27
      29
      27
      32
      29
      26
      20
      21
      17
      22
      32
      21
      15
      23
      27
      22
      18
      21
      15
      19
      17
      31
      10
      18
      12
      17
      11
      10
      11
      14
      14
      13
      14
      17
      19
      17
       9
      10
      13
      14
      20
      14
      16
      16
      10
      14
      13
      11
      15
      10
      11
      11
      12
      14
       8
       6
       9
      13
      10
      16
       5
       9
      12
       6
      10
      12
       5
      12
       9
      15
      11
      11
       5
      10
      12
      17
      11
      11
      13
      10
      14
      12
       6
      10
       9
       7
       8
       8
      14
      21
      10
      13
      22
      15
      15
      15
      18
      19
      32
      13
      28
      24
      37
      32
      26
      45
      46
      37
      50
      53
      59
      69
      56
      55
      69
      69
      75
      58
      64
      76
      83
      72
      72
      62
      84
      69
      74
      63
      87
      88
      76
      61
      64
      64
      66
      68
      50
      51
      49
      41
      46
      39
      36
      34
      39
      34
      26
      28
      25
      26
      21
      21
      15
      19
      10
      10
      20
      16
      15
      11
       4
      11
       9
       7
       9
       4
       5
       8
       8
       6
       7
       6
       7
       4
       7
       4
      11
       8
      10
       6
       6
       3
      10
       6
      10
       8
       9
       5
       9
       4
       3
       4
      10
      12
       4
       7
       4
       8
       9
       4
       5
       6
       3
      11
       5
       5
      11
       4
       9
       2
       9
       3
       6
       6
      10
      11
      10
       6
       3
       4
       3
       3
       8
       9
       7
       6
       2
       5
      13
      11
       7
       9
       8
       9
       2
       5
       7
       8
       2
       7
       6
       6
       5
       3
       7
       4
       7
       4
       2
       7
       6
       2
       5
       6
       7
       4
      11
       7
       3
       9
      10
       6
       4
       2
       5
      10
       1
       6
       3
       5
       6
       2
       4
       4
       4
       3
       4
       6
       3
       3
       2
       6
       5
       4
       5
       6
       2
       8
      13
       4
       6
       7
       3
       5
       1
       8
       5
      10
       5
       8
       7
       7
       7
       5
       4
       4
       6
       7
       4
       3
       8
       6
       4
       6
       5
       7
       3
       4
       6
       5
       2
       4
       5
       3
       6
       2
       4
       6
       4
       8
       3
       6
       3
       6
       6
       6
       9
      11
       1
       7
       4
       3
       9
       4
       3
       5
       3
       2
       7
       5
       6
       5
       5
       8
      12
       5
       5
       7
       5
       2
       6
       6
       8
       9
       7
       6
       5
       5
       5
       6
       3
       8
       2
       7
       5
       2
       3
      11
       8
       3
       5
       6
       3
       8
       7
       9
       7
       5
       4
       4
       4
       2
       6
       4
       9
       6
       0
       7
       4
       9
       5
       1
       5
       3
       8
       2
       5
       2
       1
       4
       2
       2
       2
       7
      10
       4
       4
       6
       6
       2
       4
       3
       3
       7
       2
       3
       6
       5
       6
       7
       7
       5
       4
       2
       8
       4
       9
       3
       0
       4
       1
       4
       3
       4
       4
       2
       6
      10
       4
       1
       9
       4
       2
       4
       7
       8
       8
       6
       6
       2
       5
       5
       5
       3
      10
       6
       7
       4
       7
       3
       4
       6
       3
       4
       2
       6
       8
       1
      10
       4
       6
       2
       6
       6
       7
       7
       6
      10
       6
       1
       4
       6
       6
       2
       6
       3
       2
       4
       4
       7
       2
       2
       7
       2
       1
       3
       3
       5
       2
       6
       3
       6
       6
       7
       1
       4
       5
       4
       2
       5
       3
       2
       7
       6
       6
       5
       5
       9
       6
       8
       3
       5
       3
       1
       4
       4
       4
       5
       3
       5
       2
       7
       3
       6
       7
       4
       3
       3
       9
       5
       4
       7
       3
       9
       3
       5
       6
       7
      10
       8
       7
       7
       6
       5
       6
       5
       9
       6
      10
       7
       3
       9
       7
       6
       4
       5
       5
       3
       7
       6
       9
       4
       3
       0
       2
       7
       4
       7
       4
       3
       5
       1
       2
       2
       1
       6
       3
       4
       6
       4
       7
       3
       6
       6
       1
       4
       3
       4
       6
       7
       5
       4
       6
      11
       7
       1
       6
       3
       3
       4
       5
       7
       2
       7
       8
       7
       6
       5
       5
       4
       6
       3
       2
       5
       4
       7
       5
       3
       3
       3
       7
       7
       4
       4
       8
       7
       3
       2
       5
       5
       5
       7
       6
       8
       4
       2
       6
       4
       5
       3
       4
       7
       1
       4
       5
       3
       0
       3
       5
       5
       5
       7
       1
       5
       4
       7
       1
       1
       8
       2
       7
       4
       2
       6
       4
       3
       6
       2
       3
       3
       3
       6
       3
       5
       5
       1
       1
       2
       3
       3
       3
       6
       5
       3
       2
       1
       3
       9
       2
       4
       4
       2
       4
       5
       5
       4
       4
       3
       3
       1
       1
       0
       6
       3
       5
       6
       4
       1
       2
       3
       5
       1
       2
       4
       4
       3
       2
       7
       1
       4
       4
       1
       8
       5
       1
       2
       5
       7
       6
       4
       1
       4
       7
       6
       3
       2
       3
       6
       5
       5
       2
       2
       7
       3
       4
       4
       4
       2
       6
       0
       6
       2
       3
       3
       4
       4
       7
       1
       3
       5
       6
       4
       0
       3
       3
       3
       4
       2
       4
       6
       5
       2
       6
       3
       3
       4
       2
       2
       6
       8
       4
       3
       6
       6
       8
       9
       4
       4
       5
       2
       3
       4
       5
       6
       4
       5
       8
       5
       6
       3
       5
       3
       1
       7
       3
       3
       6
       4
       8
       3
       4
       2
       2
       6
       2
       6
       2
       6
       6
       3
       4
       7
       3
       6
       8
       3
       6
       8
       5
       9
       2
       8
       2
       2
       3
       4
       3
       4
       4
       2
       5
       3
       1
       3
       4
       6
       5
       4
       4
       1
       3
       5
       3
       1
       4
       4
       2
       7
       5
       4
       5
       8
       5
       6
       7
       4
       5
       1
       5
       7
       3
       6
       3
       2
       3
       7
       0
       6
       5
       3
       3
       3
       1
       2
       8
       5
       3
       5
       2
       2
       4
       8
       2
       3
       6
       7
       8
       3
      10
       4
       7
       6
       6
       7
       4
       3
       7
       7
       3
       7
       8
       3
       5
       7
       2
       2
       6
       4
       4
       1
       5
       3
       1
       4
       1
       7
       3
       2
       5
      10
       6
      11
       9
       2
       5
       2
       1
       2
       5
       5
       2
       4
       5
       5
       3
       3
       2
       7
       3
       6
       4
       5
       5
       5
       2
       4
       4
       5
       4
       6
       3
       4
       7
       6
       6
       6
       2
       7
       5
       4
       3
       7
       3
       6
       7
       3
       7
       3
      10
       2
       5
       3
       6
       5
       4
       6
       5
       3
       8
       3
       6
       3
       5
       6
       1
       3
       2
       2
       3
       6
       2
       6
       9
       6
       6
       3
       4
       8
       2
       6
       2
       5
       1
       4
       5
       4
       4
       5
       8
       3
       4
       6
       7
       6
       4
       3
       5
       7
       9
       6
       5
       3
       8
       5
       5
       3
       4
       5
       5
       2
       5
       6
       9
       6
       6
       5
       6
       5
       4
       1
       4
       0
       5
       5
       6
       6
       4
       2
       7
       2
       7
       4
       4
       7
       3
       4
       5
       5
       4
       5
       2
       3
       7
       5
       6
       3
       3
       4
       7
       5
       4
      11
       2
       6
       5
       2
       3
      10
       4
       2
       2
       3
       5
       3
       8
       7
       3
       5
       2
       3
       7
       6
       5
       7
       2
       6
       3
       4
       5
       4
       1
       7
       6
       9
       7
       8
       5
       7
       4
       5
       4
       6
       6
       6
       8
       5
       8
       5
       3
       8
       3
       6
       7
       4
       3
       6
       4
       4
       5
       6
       2
      10
       5
       2
       8
       3
       6
       7
       8
       6
       4
       7
       5
       6
       5
       7
       4
       6
       6
       1
       2
       5
       6
       4
       4
       2
       4
       6
       6
      10
       1
       4
       3
       5
       5
       6
       3
       0
       3
       2
       5
       4
       4
       3
       6
       4
       1
       4
       7
       7
       4
       6
       3
       5
       3
       6
       3
       8
      10
       2
       6
       2
       7
       4
       3
       7
       7
       7
       5
       5
       4
       5
       3
       6
       6
       3
       1
       2
       8
       4
       4
       4
       5
       9
       8
       8
       3
       6
       3
       1
       0
       0
       6
       7
       4
       3
       2
       3
       6
       6
       4
       5
       4
       6
       5
       9
       2
       4
       5
       6
       6
       1
       3
       8
      14
       7
       6
       5
       5
       5
       7
       7
       2
       6
       3
       4
       3
       8
       5
       3
       5
       1
       5
       8
       4
       3
       4
       3
       3
       5
       5
       4
       9
       1
       4
       5
       2
      10
       8
       3
       3
       5
       2
       9
       6
       6
       4
       9
       6
       8
       3
       3
       2
       4
       2
       0
       0
       1
       0
       0
       0
       0
       0
       0
       0
       0
       0
       0
       0
       0
       0
       0
       0
       0
       0
       0
       0
       0
       0
       0
       0
       0
       0
       0
       0
       0
       0
       0
       0
       0
       0
       0
       0
       0
       0
       0
       0
       0
       0
       0
       0
       0
       0
       0
       0
       0
       0
       0
       0
       0
       0
       0
       0
       0
       0
       0
       0
       0
       0
       0
       0
       0
       0
       0
       0
       0
       0
       0
       0
       0
       0
       0
       0
       0
       0
       0
       0
       0
       0
$ROI:
1
712 830
$PRESETS:
None
0
0
$ENER_FIT:
-23.656767 2.297974
$MCA_CAL:
3
-2.365677E+001 2.297974E+000 2.836717E-005 keV
$SHAPE_CAL:
3
0.000000E+000 0.000000E+000 0.000000E+000
