$SPEC_ID:
No sample description was entered.
$SPEC_REM:
DET# 1
DETDESC# DESKTOP-I499GD2 Easy-MCA-2k SN 18191655
AP# Maestro Version 7.01
$DATE_MEA:
02/29/2024 11:05:26
$MEAS_TIM:
134 134
$DATA:
0 2047
       0
       0
       0
       0
       0
       0
       1
       1
      60
      32
      41
      49
      53
      49
      54
      54
      50
      53
      48
      65
      52
      43
      62
      47
      64
      56
      62
      77
      93
     139
     131
     116
     170
     184
     161
     120
      82
      89
      98
     100
      95
     123
     125
     155
     119
     133
     145
     171
     187
     169
     208
     265
     270
     274
     250
     250
     279
     250
     272
     330
     344
     457
     602
     810
     918
     848
     702
     544
     355
     271
     240
     175
     164
     163
     166
     137
     160
     174
     177
     167
     164
     140
     147
     150
     133
     161
     174
     160
     162
     164
     171
     155
     161
     133
     161
     146
     151
     137
     146
     129
     140
     127
     145
     143
     135
     153
     135
     132
     129
     113
     131
     105
     122
     112
     109
     106
     101
     108
      96
      95
     101
      96
     105
     100
      91
      93
      99
      89
      90
      99
      80
      91
      71
      79
      76
      76
      85
      85
      73
      57
      69
      72
      64
      77
      75
      56
      72
      52
      60
      63
      62
      51
      70
      64
      85
      53
      57
      65
      52
      65
      63
      67
      47
      66
      66
      60
      55
      49
      48
      33
      51
      40
      38
      52
      45
      48
      37
      50
      40
      40
      44
      35
      43
      46
      36
      32
      28
      40
      34
      38
      38
      42
      35
      52
      35
      51
      36
      44
      39
      41
      48
      30
      31
      33
      42
      46
      37
      38
      40
      45
      39
      32
      44
      53
      44
      49
      55
      58
      38
      66
      58
      54
      49
      51
      62
      57
      59
      51
      56
      59
      54
      58
      59
      52
      55
      46
      40
      44
      43
      35
      33
      37
      24
      30
      30
      19
      29
      25
      28
      18
      24
      25
      29
      24
      22
      19
      24
      22
      26
      23
      33
      32
      19
      28
      19
      26
      21
      21
      25
      20
      26
      31
      33
      19
      19
      28
      20
      18
      28
      19
      16
      24
      22
      24
      12
      18
      17
      23
      32
      12
      20
      23
      15
      18
      11
      27
      18
      24
      14
      20
      20
      12
      18
      16
      23
       8
      13
      14
      17
      13
      12
      10
      15
      17
      21
      15
      17
      21
      15
      17
      16
      23
      23
      25
      20
      18
      19
      13
      17
      15
      19
      10
      16
      12
      14
      17
      18
      23
      13
      18
       7
      11
      25
      27
      15
      19
      19
      17
      22
      18
      14
      23
      29
      20
      26
      22
      24
      33
      17
      19
      15
      22
      18
      20
      18
      17
      13
      20
      18
      17
      22
      17
      16
      19
      18
      21
      14
      16
      11
      24
      16
      10
      19
      13
      16
       6
      19
      12
      15
      21
      10
      11
      11
       8
      19
      16
      18
      13
      12
       8
      12
       9
      17
      14
      10
      13
       7
      10
      14
       6
       5
      16
      21
       9
      12
       8
      15
       9
      17
      11
      11
       7
      11
       9
      14
       7
      14
      11
      11
       8
       9
      10
      12
       7
       7
       7
       8
      11
       9
       7
       8
      11
       6
       6
       8
      14
       8
       9
       9
       9
       9
       9
       7
      14
      10
      12
       7
       7
      11
      11
      15
       9
       6
       7
       8
       5
      14
       7
      21
       8
      10
      20
      14
      18
      15
      12
      17
      14
      11
      19
      22
      23
      18
      26
      27
      21
      24
      22
      21
      20
      16
      15
      16
      20
      15
      16
      16
      12
      14
      15
      14
       8
      12
       8
      24
       5
       7
       8
       4
      12
       6
       9
       8
      13
      10
       6
       7
       7
       6
       9
       7
      10
       4
       7
      11
       5
       4
      10
       6
       6
      10
       4
       9
      15
      11
      11
       8
      11
       8
       4
      11
       9
       7
       5
      15
      11
       8
      11
      14
       5
       6
      13
       4
       5
       8
       7
      10
       9
       7
       9
       5
      10
       9
       7
       5
       5
      14
      14
       6
       9
       5
       6
       7
       4
       5
       4
       5
       7
       6
       6
      10
       5
       8
       9
       9
      11
       8
       5
      13
       3
       3
       5
       2
       8
       4
      12
       6
       9
       7
       7
       6
       9
       7
       3
       7
       6
       9
      12
       9
       8
      12
       9
      12
      11
      10
       8
       5
      12
      11
       3
      12
      15
      10
       9
      15
      16
      11
       7
       8
       9
       9
      14
      14
       5
      14
       7
       8
      13
      13
      18
       7
      12
      18
      12
      16
      12
      13
       9
       9
       9
      11
      13
       6
      14
      10
       4
       5
       4
       6
      11
       8
       8
       6
       4
       3
       3
       8
       5
       2
       4
       3
       4
       6
       8
       6
       3
       4
       5
       2
       9
       2
       1
       5
       2
       4
       4
       5
       4
       5
       2
       4
       2
       3
       7
       4
       4
       4
       3
       3
       2
       2
       2
       3
       3
       2
       6
       6
       5
       2
       4
       4
       3
       5
       4
       1
       4
       2
       5
       4
       1
       6
       1
       2
       5
       3
       4
       5
       4
       4
       3
       4
       5
       8
       6
       8
       3
       3
       5
       4
       2
       7
       9
       8
       6
      14
      13
       9
       8
      13
      15
      22
      23
      15
      16
      19
      19
      12
      19
      20
      19
      10
      17
      16
      19
      17
      15
      16
      25
      12
      20
      20
      20
      13
      16
      18
       9
      12
      18
      10
      13
       6
      12
      12
       7
       9
       7
       5
       7
       5
       2
       2
       3
       8
       4
       3
       5
       1
       7
       0
       4
       2
       3
       2
       1
       3
       2
       1
       0
       2
       3
       3
       1
       1
       4
       0
       3
       1
       3
       0
       2
       2
       0
       2
       3
       2
       2
       2
       2
       3
       2
       1
       4
       2
       3
       2
       3
       1
       3
       1
       2
       2
       1
       1
       1
       1
       4
       1
       6
       2
       5
       2
       1
       1
       2
       0
       1
       2
       3
       3
       3
       3
       6
       2
       3
       3
       1
       3
       1
       1
       2
       0
       2
       2
       6
       4
       1
       2
       0
       0
       0
       1
       1
       0
       1
       1
       0
       2
       2
       2
       1
       3
       1
       3
       6
       2
       3
       1
       2
       3
       1
       3
       2
       2
       3
       1
       2
       4
       4
       4
       2
       3
       3
       2
       1
       0
       1
       1
       2
       3
       0
       3
       1
       0
       3
       3
       3
       2
       2
       3
       1
       4
       2
       5
       1
       2
       0
       0
       0
       1
       3
       1
       3
       1
       2
       1
       2
       1
       5
       1
       3
       4
       2
       0
       1
       1
       1
       3
       2
       4
       1
       2
       0
       2
       1
       2
       2
       2
       2
       1
       1
       3
       1
       3
       3
       1
       3
       0
       1
       1
       1
       3
       4
       2
       0
       1
       2
       3
       2
       2
       3
       4
       2
       3
       0
       2
       1
       0
       4
       0
       0
       1
       2
       3
       1
       1
       0
       1
       4
       2
       4
       0
       4
       2
       3
       0
       1
       1
       0
       2
       0
       3
       3
       0
       2
       0
       1
       1
       3
       0
       5
       1
       3
       1
       2
       1
       1
       0
       3
       0
       1
       0
       4
       3
       3
       1
       0
       2
       0
       2
       3
       1
       0
       1
       2
       5
       2
       0
       1
       1
       2
       4
       0
       1
       1
       0
       0
       0
       2
       1
       1
       4
       1
       0
       0
       2
       1
       0
       5
       1
       5
       1
       2
       1
       0
       1
       5
       3
       3
       0
       0
       1
       3
       1
       5
       1
       2
       4
       1
       0
       2
       0
       2
       5
       4
       1
       3
       0
       3
       3
       3
       3
       2
       2
       3
       2
       3
       1
       0
       2
       3
       1
       5
       2
       3
       1
       2
       3
       1
       2
       2
       1
       0
       4
       2
       1
       1
       2
       0
       0
       1
       2
       3
       2
       1
       0
       0
       1
       1
       1
       1
       1
       2
       1
       1
       0
       1
       1
       0
       5
       1
       1
       1
       2
       1
       3
       1
       1
       1
       2
       2
       2
       3
       0
       0
       1
       1
       0
       3
       0
       4
       3
       3
       1
       1
       0
       3
       3
       0
       1
       1
       0
       3
       1
       1
       1
       0
       3
       1
       0
       0
       1
       1
       1
       1
       1
       2
       2
       5
       0
       2
       1
       0
       2
       0
       4
       0
       1
       3
       0
       0
       2
       4
       0
       1
       0
       1
       4
       0
       0
       3
       1
       1
       1
       3
       0
       3
       0
       3
       2
       2
       0
       1
       0
       2
       1
       1
       1
       0
       2
       2
       0
       1
       0
       3
       1
       2
       0
       2
       1
       3
       0
       0
       0
       1
       0
       1
       2
       2
       0
       2
       1
       3
       1
       2
       2
       0
       1
       2
       1
       2
       2
       1
       2
       5
       1
       2
       0
       1
       5
       1
       1
       2
       2
       3
       1
       0
       0
       0
       0
       1
       1
       0
       0
       0
       2
       2
       1
       2
       2
       0
       3
       1
       3
       1
       2
       1
       3
       1
       1
       2
       0
       0
       0
       0
       2
       2
       0
       1
       1
       1
       1
       3
       1
       0
       1
       2
       0
       0
       1
       1
       1
       1
       2
       1
       2
       1
       3
       0
       0
       2
       0
       0
       2
       2
       3
       0
       1
       0
       2
       3
       1
       1
       0
       2
       0
       1
       0
       1
       2
       1
       0
       1
       1
       1
       0
       2
       3
       1
       1
       1
       2
       4
       2
       3
       0
       2
       2
       2
       1
       2
       2
       0
       1
       1
       2
       1
       0
       1
       1
       2
       1
       1
       0
       0
       0
       0
       0
       0
       1
       0
       2
       0
       2
       3
       3
       1
       0
       0
       0
       2
       2
       0
       1
       0
       1
       3
       1
       3
       3
       0
       0
       1
       1
       0
       4
       2
       0
       1
       0
       5
       0
       2
       0
       0
       1
       2
       2
       3
       2
       0
       2
       1
       1
       1
       1
       2
       2
       2
       2
       0
       2
       0
       2
       5
       2
       1
       0
       0
       1
       2
       1
       3
       2
       1
       0
       0
       6
       1
       2
       3
       2
       0
       0
       4
       0
       0
       1
       1
       1
       1
       4
       0
       3
       1
       0
       2
       2
       0
       1
       3
       3
       1
       0
       3
       0
       2
       0
       0
       2
       1
       1
       0
       3
       0
       2
       1
       1
       3
       1
       0
       0
       1
       0
       0
       2
       1
       1
       1
       0
       0
       0
       0
       1
       1
       1
       2
       1
       2
       1
       1
       2
       0
       0
       2
       1
       0
       2
       0
       1
       0
       2
       3
       3
       2
       2
       1
       0
       1
       1
       5
       2
       2
       0
       3
       1
       1
       2
       0
       2
       3
       2
       4
       0
       2
       1
       2
       0
       0
       1
       0
       2
       4
       0
       0
       0
       1
       0
       4
       3
       1
       2
       1
       3
       0
       2
       3
       1
       1
       2
       2
       1
       1
       2
       1
       3
       1
       2
       1
       0
       1
       1
       1
       0
       0
       2
       0
       2
       2
       2
       1
       2
       2
       0
       1
       0
       1
       0
       2
       3
       1
       1
       0
       0
       2
       2
       0
       0
       1
       2
       2
       1
       0
       5
       1
       2
       2
       2
       1
       1
       1
       2
       0
       0
       3
       1
       3
       0
       3
       0
       5
       2
       1
       2
       0
       2
       1
       1
       1
       1
       2
       2
       2
       1
       0
       0
       6
       3
       1
       0
       1
       2
       5
       3
       1
       1
       2
       1
       4
       0
       3
       1
       0
       3
       5
       1
       2
       1
       3
       4
       2
       1
       2
       2
       1
       0
       0
       1
       3
       1
       0
       3
       1
       1
       1
       5
       2
       2
       2
       2
       1
       1
       1
       4
       2
       0
       2
       1
       2
       1
       5
       0
       1
       7
       1
       3
       0
       0
       0
       1
       1
       1
       2
       0
       0
       2
       3
       3
       1
       4
       0
       2
       4
       1
       2
       3
       1
       0
       2
       0
       1
       2
       1
       1
       0
       2
       3
       2
       3
       1
       1
       2
       2
       2
       2
       3
       0
       0
       2
       0
       1
       2
       2
       4
       1
       2
       1
       3
       3
       1
       1
       0
       1
       0
       0
       2
       4
       1
       2
       1
       1
       2
       1
       1
       1
       4
       1
       0
       1
       0
       3
       2
       1
       1
       2
       1
       1
       1
       1
       2
       3
       2
       1
       1
       0
       2
       1
       5
       2
       2
       2
       3
       1
       4
       2
       0
       1
       0
       2
       1
       0
       4
       2
       0
       2
       0
       0
       1
       1
       1
       0
       1
       0
       0
       2
       6
       3
       3
       2
       0
       0
       4
       0
       1
       0
       1
       2
       1
       1
       2
       0
       2
       4
       0
       3
       0
       1
       0
       3
       3
       3
       3
       2
       1
       4
       4
       2
       1
       4
       0
       0
       3
       3
       2
       2
       1
       0
       1
       0
       4
       1
       0
       0
       0
       1
       1
       3
       0
       3
       0
       0
       1
       1
       1
       2
       1
       0
       1
       3
       2
       2
       1
       0
       0
       3
       0
       0
       1
       2
       1
       0
       0
       3
       0
       3
       3
       4
       0
       1
       1
       1
       2
       3
       1
       3
       2
       2
       2
       2
       1
       0
       4
       2
       0
       2
       2
       2
       1
       1
       1
       0
       1
       0
       0
       4
       1
       0
       0
       0
       0
       0
       0
       0
       0
       0
       0
       0
       0
       0
       0
       0
       0
       0
       0
       0
       0
       0
       0
       0
       0
       0
       0
       1
       0
       0
       0
       0
       0
       0
       0
       0
       0
       0
       0
       0
       0
       0
       0
       0
       0
       0
       0
       0
       0
       0
       0
       0
       0
       0
       0
       0
       0
       0
       0
       0
       0
       0
       0
       0
       0
       0
       0
       0
       0
       0
       0
       0
       0
       0
       0
       0
       0
       0
       0
       0
       0
       0
       0
       0
$ROI:
1
712 830
$PRESETS:
None
0
0
$ENER_FIT:
-23.656767 2.297974
$MCA_CAL:
3
-2.365677E+001 2.297974E+000 2.836717E-005 keV
$SHAPE_CAL:
3
0.000000E+000 0.000000E+000 0.000000E+000
