$SPEC_ID:
No sample description was entered.
$SPEC_REM:
DET# 1
DETDESC# DESKTOP-I499GD2 Easy-MCA-2k SN 18191655
AP# Maestro Version 7.01
$DATE_MEA:
02/29/2024 10:54:26
$MEAS_TIM:
51 52
$DATA:
0 2047
       0
       0
       0
       0
       0
       1
       1
       4
      78
      45
      35
      42
      39
      38
      55
      55
      59
      53
      46
      49
      48
      43
      45
      46
      50
      51
      43
      64
      68
      79
      82
      78
      90
     101
      80
      69
      68
      60
      68
      86
      83
      73
      79
      84
      86
     109
     119
     122
     109
     119
     133
     128
     154
     158
     128
     141
     145
     158
     172
     176
     208
     238
     255
     342
     403
     401
     346
     257
     211
     125
     128
     133
     120
     135
     113
     124
     116
     116
     142
     127
     121
     135
     105
     121
     136
     113
     125
     114
     119
     135
     137
     105
     129
     122
     100
     121
     115
     118
     108
     102
      84
     104
     120
     102
     110
      92
      93
     108
      92
     104
      97
     112
     108
     102
     101
      82
      94
      99
      86
     104
      90
     111
      81
      94
      86
      79
      77
      69
      91
      80
      81
      93
      67
      78
      73
      70
      61
      69
      77
      71
      67
      71
      72
      62
      71
      39
      60
      67
      59
      59
      59
      57
      64
      69
      54
      73
      64
      56
      52
      61
      69
      59
      55
      56
      45
      43
      70
      52
      57
      37
      61
      56
      50
      53
      34
      47
      42
      40
      54
      48
      51
      47
      44
      45
      53
      39
      43
      45
      48
      45
      51
      46
      41
      41
      34
      35
      45
      41
      44
      38
      32
      36
      54
      32
      53
      43
      39
      50
      36
      46
      51
      46
      52
      55
      47
      62
      54
      64
      73
      61
      68
      76
      63
      83
     103
     103
     111
     101
     106
     102
      78
      94
     108
      78
      95
      64
      64
      44
      60
      66
      54
      48
      34
      44
      30
      40
      28
      29
      33
      20
      42
      35
      20
      37
      27
      31
      34
      34
      30
      31
      27
      32
      23
      19
      31
      27
      27
      28
      26
      31
      34
      31
      22
      30
      19
      30
      20
      31
      26
      15
      22
      29
      30
      27
      20
      22
      22
      16
      26
      27
      28
      24
      28
      29
      28
      28
      27
      18
      22
      22
      26
      26
      32
      30
      21
      25
      25
      23
      25
      26
      15
      25
      22
      23
      19
      28
      32
      17
      22
      25
      21
      23
      25
      12
      25
      27
      27
      29
      23
      30
      23
      25
      24
      18
      28
      21
      20
      24
      21
      15
      26
      25
      23
      18
      14
      25
      24
      32
      10
      14
      17
      24
      19
      15
      26
      14
      14
      17
      15
      30
      22
      25
      15
      20
      27
      14
      22
      15
      25
      19
      13
      17
      16
      20
      24
      18
      18
      18
      17
      21
      25
      18
      23
      16
      20
      11
      24
      19
      13
      15
      20
      24
      18
      20
      23
      28
      16
      22
      12
      16
      21
      21
      17
      13
      10
      14
      13
       9
      20
      21
      18
      13
      17
      16
      23
      24
      15
      18
      17
      18
      20
      16
      14
      20
      18
      12
      24
      10
      19
      16
      19
      20
      16
      23
      19
      13
      14
      15
      18
      16
      14
      15
      13
      13
      12
      18
      18
      18
      23
      22
      23
      19
      21
      14
      16
      20
      17
      22
      15
      19
      18
      15
       9
      13
      20
      18
       8
      14
      10
      17
      22
      25
      25
      27
      17
      14
      17
      22
      23
      25
      19
      18
      16
      16
      24
      13
      14
      20
      20
      19
      29
      25
      20
      19
      20
      17
      11
      15
      21
      19
      22
      13
      15
      18
      20
      19
      20
       7
      18
      21
      19
      16
      20
      14
      19
      18
      13
      15
      11
      12
       9
       9
       8
      21
      19
      16
      13
      13
      17
      13
      27
      19
      11
      22
      23
      15
      23
      16
      20
      24
      16
      23
      18
      12
      22
      14
      19
      19
      16
      19
      18
      19
      15
      19
      22
      19
      13
      22
      21
      23
      17
      20
      17
      13
      14
      19
      18
      22
      24
      22
      16
      14
      13
      30
      13
      12
      15
      11
      14
      11
      16
      17
      11
      19
      15
      21
      16
      13
      17
      19
      15
      16
      17
      18
      15
      17
      15
      23
      17
      18
      15
      23
      21
      21
      21
      10
      20
      19
      14
      12
      12
      15
      21
      18
      18
      18
      15
      21
      15
      15
      25
      21
      17
      32
      19
      13
      13
      20
      18
      11
      28
      21
      18
      18
      23
      20
      20
      32
      16
      21
      21
      26
      15
      14
      24
      16
      24
      15
      22
      17
      19
      16
      12
      15
      27
      12
      24
       9
      17
      10
      20
      15
      16
      18
      15
      13
       9
       9
      15
      13
      10
      14
      11
      10
      10
       7
       9
       9
       6
      10
       8
      12
       7
      11
      12
      15
      10
       8
      12
      10
      10
       9
       6
       8
       7
       6
       7
       9
       8
       8
      10
       9
       9
       8
       5
       4
       6
       8
      12
       8
       7
       5
      11
       7
      11
       3
       6
       9
       9
       9
       6
      10
       4
       5
       8
      12
       9
       8
       6
      10
      12
      12
      11
      19
      13
      15
      26
      20
      21
      23
      19
      29
      24
      27
      28
      36
      37
      33
      27
      48
      42
      46
      42
      57
      57
      30
      63
      55
      59
      77
      48
      62
      56
      49
      55
      69
      67
      57
      50
      53
      53
      57
      53
      40
      36
      46
      38
      37
      28
      31
      28
      30
      22
      24
      22
      14
      12
      23
      18
      19
      15
       9
       7
      15
       9
       5
      12
       8
       8
       8
       2
      11
      10
       7
       9
       1
       7
       3
       5
       6
       8
       2
       7
       4
       3
       4
       1
       2
       2
       9
       3
       5
       3
       4
       7
       4
       3
       5
       9
       3
       4
       9
       1
       6
       3
       5
       3
       5
       5
       5
       6
       3
       6
       6
       6
       8
      11
       4
       6
       4
       4
       4
       4
       5
      10
       9
       7
       4
       6
       2
       2
       5
       5
       3
       5
       3
       3
       2
       7
       4
       4
       6
       2
       7
       2
       6
       1
       4
       2
       4
       5
       3
       3
       3
       3
       7
       6
       2
       6
      10
       5
       4
       2
       5
       8
       3
       5
       2
       4
       5
       4
       9
       5
       3
       2
       1
       6
       4
       5
       1
       5
       4
       2
       5
       3
       6
       1
       6
       2
       9
       4
       3
       5
       2
       3
       4
       2
       2
       3
       6
       5
       5
       3
       3
       3
       2
       7
       4
       8
       5
       3
       3
       4
       3
       3
       9
       3
       2
       3
       3
       4
       6
       4
       2
       3
       3
       4
       4
       3
       5
       5
       5
       5
       0
       7
       3
       6
       4
       7
       5
       4
       6
       5
       6
       4
       3
       4
       6
       8
       2
       9
       3
       3
       1
       4
       1
       3
       6
       3
       6
       3
       5
       4
       3
       4
       1
       2
       3
       5
       6
       6
       4
       6
       4
       3
       6
       6
       3
       4
       2
       4
       2
       4
       3
       6
       6
       4
       5
       6
       2
       4
       5
       2
       2
       4
       0
       8
       2
       3
       2
       7
       1
       4
       2
       3
       0
       7
       4
       5
       3
       2
       1
       5
       5
       4
       5
       3
       9
       5
       5
       3
       2
       3
       3
       1
       4
       4
       7
       6
       1
       3
       3
       5
       3
       3
       4
       4
       2
       2
       2
       2
       2
       6
       2
       8
       1
       8
       3
       4
       4
       3
       7
       6
       4
       4
      10
       2
       3
       1
       3
       4
       2
       5
       5
       6
       6
       1
       5
       4
       2
       3
       2
       4
       4
       3
       3
       2
       7
       1
       3
       2
       1
       4
       8
       2
       7
       7
       4
       4
       1
       4
       3
       5
       4
       6
       4
       2
       1
       7
       5
       7
       6
       8
       4
       3
       4
       4
       6
       3
       6
       2
       2
       4
       3
       1
       2
       2
       2
       1
       4
       1
       3
       2
       4
       1
       3
       1
       2
       3
       4
       3
       3
       1
       5
       2
       2
       3
       5
       1
       0
       4
       3
       3
       4
       4
       1
       6
       8
       1
       1
       3
       2
       5
       1
       6
       5
       4
       3
       5
       3
       2
       3
       3
       6
       3
       5
       2
       2
       4
       3
       3
       6
       3
       4
       4
       7
       4
       4
       4
       9
       2
       4
       2
       4
       3
       5
       7
       1
       1
       2
       3
       1
       3
       7
       9
      10
       1
       3
       0
       9
       3
       4
       2
       3
       2
       3
       6
       1
       4
       5
       5
       6
       3
       4
       2
       3
       1
       2
       2
       1
       3
       5
       2
       3
       3
       5
       3
       3
       1
       3
       2
       4
       1
       5
       3
       1
       1
       1
       4
       3
       3
       6
       1
       2
       1
       0
       3
       6
       2
       3
       2
       5
       3
       3
       7
       2
       1
       1
       3
       1
       2
       4
       0
       3
       1
       1
       3
       5
       2
       3
       5
       2
       2
       2
       1
       3
       3
       3
       3
       2
       2
       2
       2
       2
       1
       9
       0
       2
       4
       3
       4
       3
       5
       1
       3
       2
       3
       5
       2
       2
       4
       3
       3
       2
       3
       8
       1
       4
       3
       4
       2
       4
       3
       1
       1
       3
       4
       1
       2
       3
       5
       2
       1
       4
       4
       2
       4
       0
       6
       3
       1
       3
       2
       4
       1
       2
       3
       1
       0
       3
       2
       4
       5
       0
       2
       2
       4
       2
       3
       3
       4
       2
       5
       1
       2
       2
       4
       5
       4
       3
       5
       3
       2
       2
       3
       4
       2
       4
       3
       4
       2
       5
       5
       4
       1
       1
       1
       2
       3
       1
       1
      12
       2
       4
       4
       4
       3
       0
       1
       3
       9
       4
       4
       3
       5
       5
       6
       3
       4
       1
       4
       3
       0
       3
       2
       5
       2
       1
       3
       3
       6
       3
       0
       2
       0
       2
       1
       4
       4
       4
       2
       2
       4
       2
       1
       5
       0
       2
       3
       4
       4
       1
       4
       5
       1
       6
       3
       2
       9
       4
       0
       4
       2
       6
       3
       2
       7
       3
       3
       2
       2
       1
       7
       4
       3
       1
       2
       2
       4
       1
       2
       4
       3
       4
       2
       3
       3
       5
       6
       4
       0
       4
       3
       3
       3
       4
       3
       3
       2
       4
       7
       3
       6
       4
       4
       4
       2
       4
       2
       7
       3
       5
       1
       4
       8
       6
       4
       3
       3
       3
       2
       1
       3
       5
       6
       2
       6
       6
       3
       3
       3
       8
       3
       2
       3
       3
       3
       5
       6
       3
       5
       4
       7
       4
       6
       1
       4
       2
       3
       3
       3
       6
       1
       4
       3
       3
       4
       5
       3
       0
       1
       5
       0
       2
       5
       3
       2
       3
       4
       5
       5
      10
       1
       3
       5
       3
       8
       1
       2
       3
       4
       2
       3
       3
       0
       4
       5
       9
       2
       4
       5
       2
       2
       6
       2
       5
       7
       5
       7
       9
       3
       1
       3
       6
       0
       6
       4
       0
       5
       5
       1
       4
       5
       4
       2
       2
       2
       4
       4
       1
       0
       3
       3
       2
       2
       4
       6
       3
       2
       5
       3
       5
       5
       4
       3
       2
       0
       4
       2
       5
       4
       1
       1
       7
       7
       6
       5
       4
       1
       3
       5
       6
       7
       4
       4
       2
       3
       5
       6
       4
       0
       7
       4
       2
       4
       5
       2
       6
       1
       5
       5
       4
       4
       6
       4
       2
       7
       4
       1
       1
       5
       7
       2
       3
       3
       2
       5
       1
       3
       4
       4
       3
       4
       2
       4
       3
       4
       5
       1
       3
       3
       4
       2
       4
       4
       8
       7
       1
       4
       6
       2
       4
       5
       4
       2
       7
       8
       2
       3
       5
       7
       5
       1
       5
       3
       3
       5
       2
       5
       3
       7
       3
       1
       2
       3
       5
       4
       9
       3
       2
       5
       6
       0
       4
       2
       4
       4
       7
       4
       1
       6
       3
       5
       5
       6
       7
       5
       1
       5
       4
       1
       4
       3
       4
       2
       3
       4
       2
       3
       3
       2
       6
       2
       6
       6
       4
       5
       2
       6
       6
       8
       1
       3
       4
       6
       5
       4
       5
       5
       4
       4
       5
       7
       5
       4
       5
       7
       6
       2
       4
       7
       2
       6
       1
       5
       2
       2
       6
       4
       7
       4
       2
       3
       4
       2
       4
       4
       8
       4
       4
       2
       6
       5
       1
       2
       1
       2
       3
       2
       1
       4
       3
       3
       0
       3
       3
       6
       2
       3
       3
       3
       4
       2
       4
       6
       8
       3
       5
       1
       5
       1
       1
       2
       3
       7
       3
       2
       5
       3
       7
       4
       3
       2
       4
       3
       4
       6
       4
       4
       4
       2
       5
       7
       3
       2
       4
       4
       4
       5
       3
       4
       3
       3
       4
       1
       3
       4
       3
       2
       4
       1
       5
       2
       3
       2
       4
       4
       3
       4
       7
       5
       0
       4
       2
       1
       2
       2
       4
       4
       4
       0
       2
       2
       2
       4
       4
       5
       4
       3
       5
       6
       6
       1
       2
       5
       4
       1
       2
       5
       6
       3
       3
       4
       5
       1
       5
       4
       5
       3
       2
       2
       3
       7
       3
       2
       4
       1
       5
       4
       4
       6
       3
       1
       7
       0
       0
       0
       0
       0
       0
       0
       0
       0
       0
       0
       0
       0
       0
       0
       0
       0
       0
       0
       0
       0
       0
       0
       0
       0
       0
       0
       0
       0
       0
       0
       0
       0
       0
       0
       0
       0
       0
       0
       0
       0
       0
       0
       0
       0
       0
       0
       0
       0
       0
       0
       0
       0
       0
       0
       0
       0
       0
       0
       0
       0
       0
       0
       0
       0
       0
       0
       0
       0
       0
       0
       0
       0
       0
       0
       0
       0
       0
       0
       0
       0
       0
       0
       0
$ROI:
1
712 830
$PRESETS:
None
0
0
$ENER_FIT:
-23.656767 2.297974
$MCA_CAL:
3
-2.365677E+001 2.297974E+000 2.836717E-005 keV
$SHAPE_CAL:
3
0.000000E+000 0.000000E+000 0.000000E+000
