$SPEC_ID:
No sample description was entered.
$SPEC_REM:
DET# 1
DETDESC# DESKTOP-I499GD2 Easy-MCA-2k SN 18191655
AP# Maestro Version 7.01
$DATE_MEA:
02/29/2024 10:56:05
$MEAS_TIM:
55 55
$DATA:
0 2047
       0
       0
       0
       0
       1
       0
       0
       4
      71
      33
      33
      35
      26
      38
      41
      46
      27
      39
      40
      39
      37
      43
      44
      40
      45
      43
      36
      49
      49
      66
      73
      81
      75
     103
     101
      67
      52
      54
      60
      55
      73
      79
      84
      62
      93
      89
      87
      92
     112
     104
     136
     125
     136
     135
     153
     124
     125
     150
     129
     162
     173
     256
     290
     353
     439
     387
     348
     253
     214
     164
     120
     131
     100
     101
     106
     108
      94
     110
     107
     109
      95
     106
     105
     108
      94
     106
     105
      91
      91
      96
      92
      90
      99
      74
     108
      89
      79
     102
      96
      85
      92
      85
      98
      90
      75
      93
      88
      73
      86
      82
      87
      89
      70
      70
      71
      72
      55
      65
      71
      71
      63
      57
      71
      74
      66
      54
      78
      80
      60
      58
      50
      61
      68
      75
      57
      65
      49
      42
      58
      66
      51
      51
      63
      52
      50
      50
      42
      55
      47
      45
      55
      45
      37
      47
      44
      61
      40
      46
      56
      44
      45
      35
      32
      43
      26
      48
      37
      50
      43
      40
      31
      43
      33
      36
      35
      36
      51
      28
      37
      29
      28
      39
      28
      41
      34
      36
      36
      32
      45
      35
      29
      37
      34
      28
      32
      42
      24
      29
      23
      32
      30
      22
      34
      24
      42
      29
      37
      31
      35
      35
      35
      26
      30
      37
      33
      32
      49
      48
      40
      51
      44
      55
      69
      41
      72
      59
      76
      55
      67
      65
      82
      55
      66
      68
      49
      59
      60
      44
      42
      37
      41
      30
      32
      24
      23
      16
      30
      24
      23
      15
      32
      30
      30
      18
      27
      21
      18
      15
      23
      16
      23
      18
      22
      22
      23
      26
      22
      29
      26
      31
      22
      26
      16
      23
      19
      25
      15
      23
      26
      21
      15
      26
      14
      15
      22
      12
      17
      22
      24
      16
      17
      16
      22
      20
      20
      17
      17
      20
      19
      18
      21
      22
      10
      11
      14
      21
      10
      21
      13
      21
      12
      20
      14
      21
      23
      19
      15
      20
      17
      15
      14
      20
      20
      13
      10
      11
      20
      17
      16
      13
      18
      17
      21
      19
      13
      10
      13
      16
      16
      21
      10
      14
      25
       7
      14
      23
      20
      12
      18
      22
      15
      14
      13
      16
      24
       9
      14
      19
      12
      20
      12
      14
      15
      12
      16
      18
      22
      15
      16
      13
      19
      19
      20
      17
      17
      13
      17
       9
      12
      13
      18
       8
      21
      14
      18
      14
      22
      21
      20
      18
      11
      14
      11
      13
      15
       9
      18
      12
      10
      19
      17
      21
      16
      15
      17
      14
       9
      17
      13
      13
      12
      10
      10
      13
      11
      10
       9
      10
      14
      14
      12
       9
      11
      11
      16
      11
      18
      15
       7
       6
       7
       8
      14
      13
       6
       7
       8
       8
       9
       9
      15
      17
       9
      13
      10
      11
      11
      15
      10
      11
      12
       9
      13
      16
      14
      13
      14
      15
       5
       8
       6
       9
       9
       7
      17
      11
      13
       9
      15
      14
      14
      17
      17
      17
       9
      11
      15
      21
      16
      11
      16
      19
      12
      13
      16
      20
      17
      12
      18
      11
      14
      13
      19
      13
      23
      14
      17
       9
      11
      18
      15
      16
       5
      13
      12
       8
       6
       6
      15
      12
      14
      15
      11
      10
       7
       8
      15
       6
      10
      10
      20
      15
      12
      16
       8
      15
       6
       7
       9
       9
       7
      11
       8
      16
      10
       7
      14
      12
       8
      11
      10
      13
      10
      11
      14
      10
      14
      18
       8
       9
      16
      13
      16
      13
      17
       8
      11
      13
      14
      11
      13
      12
      11
      15
       9
      12
      13
      10
      15
      12
      13
      14
      10
      15
      13
      10
       9
      19
      13
      11
       8
      10
      12
       7
       7
      12
      14
      17
      10
      11
      19
      12
       7
      11
      12
       7
      13
       8
       7
      17
      12
       8
      18
      10
       8
      21
      16
      13
       7
       8
      16
      12
      16
      11
      15
       8
       9
      17
      11
       9
      16
       9
      21
      15
      13
      12
      19
      13
      10
      19
      14
      11
      11
      17
      10
      11
      14
       9
      14
      16
      18
      16
       5
      14
      11
       9
      16
      16
      11
       9
       8
      16
       7
      11
      12
      14
      13
      11
       4
      13
       4
       8
      12
       7
       8
      11
       9
      10
       8
       9
      10
       7
       7
       9
       5
       5
      10
      11
       4
       4
       5
      11
       4
       9
       6
       4
       2
       4
       5
       5
       2
       3
       6
       2
       7
       3
       5
       5
       7
       4
       8
       4
       6
       8
       7
       5
       1
      10
       6
       5
       7
       2
       5
       6
       6
       1
       4
       4
       4
       6
       3
       5
       7
       2
       5
       5
       7
       5
       8
       4
      13
       6
      15
       6
      10
      10
      11
      13
      13
      21
      16
      17
      17
      17
      15
      20
      31
      28
      24
      21
      27
      31
      36
      41
      37
      26
      39
      37
      42
      37
      28
      36
      21
      33
      31
      38
      34
      39
      37
      25
      23
      31
      27
      26
      26
      21
      23
      20
      25
      18
      22
      13
      14
      19
      16
      14
       6
      13
       9
      14
      11
       9
       7
       6
       8
       9
       9
       3
       4
       8
       5
       8
       6
       3
       3
       1
       5
       4
       2
       8
       2
       1
       4
       2
       4
       3
       6
       3
       3
       1
       2
       5
       5
       5
       1
       4
       6
       1
       5
       3
       2
       2
       6
       1
       3
       4
       2
       5
       3
       2
       3
       2
       3
       3
       3
       4
       4
       1
       5
       4
       2
       2
       5
       6
       2
       5
       3
       4
       1
       3
       3
       2
       2
       2
       2
       1
       1
       2
       3
       3
       1
       4
       1
       3
       3
       2
       4
       2
       1
       4
       1
       2
       0
       2
       4
       3
       3
       1
       5
       3
       3
       4
       2
       2
       1
       4
       1
       3
       0
       5
       2
       9
       4
       3
       2
       2
       1
       6
       5
       3
       2
       2
       1
       0
       4
       1
       1
       3
       4
       4
       3
       1
       5
       3
       2
       5
       3
       2
       5
       2
       4
       2
       2
       2
       0
       2
       4
       3
       2
       2
       0
       2
       1
       2
       1
       4
       2
       4
       2
       2
       2
       3
       3
       5
       3
       1
       5
       2
       2
       3
       6
       1
       7
       1
       0
       3
       5
       3
       1
       4
       2
       6
       4
       1
       1
       4
       2
       3
       5
       0
       3
       3
       4
       3
       1
       1
       4
       3
       8
       5
       2
       4
       3
       1
       2
       4
       4
       1
       4
       1
       0
       3
       3
       2
       5
       4
       6
       6
       2
       1
       6
       5
       1
       2
       3
       3
       2
       5
       1
       2
       3
       3
       2
       4
       3
       3
       0
       4
       2
       1
       1
       2
       1
       3
       7
       7
       0
       2
       0
       0
       3
       4
       0
       2
       3
       4
       1
       1
       1
       0
       3
       2
       2
       3
       3
       1
       1
       2
       3
       1
       3
       3
       6
       2
       2
       1
       5
       3
       0
       2
       2
       2
       1
       5
       3
       1
       2
       3
       3
       2
       4
       2
       4
       3
       2
       2
       4
       2
       2
       1
       2
       2
       1
       3
       3
       2
       2
       1
       4
       2
       2
       4
       3
       2
       2
       3
       5
       3
       2
       1
       4
       1
       1
       3
       0
       2
       2
       2
       4
       2
       8
       4
       3
       3
       3
       0
       3
       2
       3
       3
       1
       0
       2
       1
       1
       2
       0
       2
       4
       4
       4
       4
       2
       3
       1
       3
       1
       2
       2
       3
       2
       3
       2
       3
       3
       3
       5
       0
       3
       1
       1
       3
       1
       0
       3
       0
       2
       4
       1
       0
       4
       1
       1
       3
       4
       1
       4
       2
       1
       0
       2
       1
       5
       2
       0
       5
       3
       5
       2
       3
       0
       3
       5
       3
       1
       2
       1
       6
       1
       4
       3
       3
       3
       5
       3
       3
       2
       1
       3
       5
       5
       2
       2
       4
       3
       3
       1
       2
       3
       3
       6
       6
       4
       2
       1
       0
       2
       4
       0
       4
       3
       3
       1
       2
       2
       2
       1
       3
       1
       1
       0
       1
       1
       1
       1
       5
       0
       2
       2
       4
       1
       1
       1
       0
       0
       0
       3
       2
       0
       1
       0
       2
       1
       1
       1
       1
       1
       0
       2
       5
       2
       3
       2
       2
       2
       3
       4
       4
       2
       2
       0
       4
       2
       2
       1
       3
       1
       6
       4
       5
       3
       0
       1
       0
       2
       1
       2
       6
       1
       0
       1
       3
       4
       1
       4
       1
       2
       3
       2
       0
       4
       3
       3
       1
       1
       1
       5
       0
       2
       0
       1
       0
       2
       0
       4
       3
       2
       5
       0
       0
       0
       1
       3
       1
       3
       2
       4
       1
       4
       3
       3
       1
       2
       1
       1
       1
       3
       1
       1
       3
       4
       2
       4
       1
       2
       3
       2
       5
       2
       2
       3
       5
       2
       0
       2
       0
       3
       2
       4
       4
       1
       2
       0
       3
       3
       3
       3
       0
       2
       2
       1
       0
       5
       3
       1
       1
       1
       0
       1
       2
       0
       3
       5
       4
       4
       1
       3
       2
       2
       3
       2
       4
       2
       1
       4
       3
       0
       4
       3
       0
       4
       7
       1
       4
       1
       2
       2
       0
       0
       2
       2
       5
       1
       4
       3
       1
       1
       4
       3
       1
       4
       0
       5
       5
       3
       1
       3
       3
       4
       0
       2
       3
       0
       0
       0
       3
       3
       0
       1
       1
       2
       0
       0
       2
       2
       2
       2
       0
       0
       1
       2
       3
       1
       2
       2
       2
       3
       3
       1
       2
       2
       2
       3
       3
       4
       4
       2
       2
       2
       4
       2
       1
       3
       7
       6
       1
       1
       1
       5
       4
       2
       0
       1
       1
       3
       1
       1
       2
       3
       1
       0
       2
       3
       2
       1
       3
       2
       4
       3
       3
       2
       4
       2
       1
       3
       3
       2
       3
       0
       3
       1
       3
       1
       4
       1
       1
       1
       2
       2
       3
       2
       2
       4
       4
       0
       1
       2
       3
       2
       3
       3
       2
       0
       5
       2
       1
       5
       2
       1
       2
       5
       2
       3
       2
       2
       1
       2
       1
       3
       0
       4
       3
       2
       2
       3
       3
       4
       1
       6
       2
       4
       3
       3
       0
       3
       1
       5
       3
       2
       3
       0
       3
       2
       2
       1
       4
       4
       0
       1
       0
       1
       3
       3
       2
       1
       2
       4
       1
       1
       2
       2
       1
       3
       1
       2
       3
       2
       0
       3
       3
       6
       1
       1
       3
       3
       3
       1
       6
       2
       4
       3
       2
       2
       1
       3
       3
       1
       2
       3
       4
       5
       4
       1
       0
       2
       1
       1
       1
       5
       2
       2
       3
       5
       0
       2
       4
       1
       1
       2
       3
       2
       2
       3
       4
       4
       4
       5
       2
       4
       4
       3
       1
       0
       1
       1
       2
       1
       3
       0
       0
       2
       2
       2
       3
       1
       3
       1
       1
       2
       4
       4
       3
       2
       1
       1
       0
       3
       1
       2
       2
       5
       4
       1
       3
       0
       1
       0
       2
       0
       3
       4
       4
       1
       2
       2
       1
       1
       5
       1
       4
       3
       2
       3
       3
       2
       3
       4
       3
       2
       2
       2
       2
       3
       2
       1
       5
       3
       4
       1
       4
       3
       3
       3
       4
       0
       3
       5
       3
       1
       0
       2
       2
       0
       4
       3
       2
       2
       4
       3
       2
       4
       6
       3
       2
       2
       3
       1
       3
       1
       0
       3
       0
       2
       1
       4
       1
       2
       2
       1
       3
       3
       0
       1
       1
       3
       5
       2
       2
       2
       2
       5
       3
       4
       1
       4
       6
       3
       1
       3
       1
       2
       3
       3
       1
       3
       3
       5
       2
       2
       2
       3
       4
       3
       4
       3
       1
       1
       5
       1
       2
       1
       1
       2
       1
       2
       0
       1
       1
       4
       3
       2
       5
       4
       0
       3
       1
       6
       2
       4
       1
       4
       3
       3
       1
       4
       1
       2
       4
       2
       2
       2
       1
       0
       1
       2
       5
       1
       0
       4
       0
       0
       3
       5
       4
       2
       3
       1
       4
       2
       1
       0
       7
       3
       1
       2
       2
       1
       1
       1
       0
       2
       6
       4
       2
       1
       4
       3
       3
       2
       3
       4
       5
       1
       3
       1
       2
       3
       0
       1
       5
       3
       2
       2
       4
       1
       2
       1
       3
       1
       1
       2
       2
       2
       4
       0
       5
       4
       2
       0
       5
       6
       3
       6
       3
       1
       5
       1
       2
       4
       3
       1
       3
       3
       2
       1
       2
       1
       3
       4
       3
       1
       2
       6
       3
       3
       4
       1
       0
       3
       3
       4
       0
       1
       2
       1
       1
       3
       3
       1
       3
       2
       6
       3
       4
       1
       1
       5
       3
       4
       3
       2
       0
       3
       1
       1
       1
       0
       0
       0
       0
       0
       0
       0
       0
       0
       0
       0
       0
       0
       0
       0
       0
       0
       0
       0
       0
       0
       0
       0
       0
       0
       0
       0
       0
       0
       0
       0
       0
       0
       0
       0
       0
       0
       0
       0
       0
       0
       0
       0
       0
       0
       0
       0
       0
       0
       0
       0
       0
       0
       0
       0
       0
       0
       0
       0
       0
       0
       0
       0
       0
       0
       0
       0
       0
       0
       0
       0
       0
       0
       0
       0
       0
       0
       0
       0
       0
       0
       0
$ROI:
1
712 830
$PRESETS:
None
0
0
$ENER_FIT:
-23.656767 2.297974
$MCA_CAL:
3
-2.365677E+001 2.297974E+000 2.836717E-005 keV
$SHAPE_CAL:
3
0.000000E+000 0.000000E+000 0.000000E+000
