$SPEC_ID:
No sample description was entered.
$SPEC_REM:
DET# 1
DETDESC# DESKTOP-I499GD2 Easy-MCA-2k SN 18191655
AP# Maestro Version 7.01
$DATE_MEA:
02/29/2024 11:12:59
$MEAS_TIM:
101 101
$DATA:
0 2047
       0
       0
       0
       0
       0
       0
       0
       0
      34
      33
      33
      36
      32
      35
      37
      52
      36
      30
      47
      35
      34
      42
      35
      37
      35
      34
      44
      38
      63
      95
      96
      82
      95
     106
     110
      64
      52
      47
      46
      64
      63
      78
      91
      88
     113
     112
     132
     133
     137
     151
     170
     186
     181
     199
     201
     200
     206
     188
     207
     202
     310
     383
     469
     559
     627
     569
     507
     405
     288
     203
     165
     123
     122
     113
     103
     114
     128
     102
     115
     125
     127
     104
     118
     123
     137
     102
     129
      87
     108
     118
     102
     121
     107
     125
     106
      98
      97
     114
      87
      91
      93
      99
      82
      78
      92
      78
      75
      91
      85
      89
      68
      69
      97
      83
      73
      73
      80
      72
      80
      74
      53
      77
      54
      59
      66
      48
      59
      91
      70
      50
      60
      56
      58
      61
      48
      49
      51
      64
      51
      49
      43
      40
      52
      48
      38
      40
      42
      47
      35
      42
      32
      46
      55
      31
      50
      52
      45
      58
      45
      50
      35
      45
      26
      34
      32
      27
      39
      28
      29
      27
      36
      37
      45
      34
      25
      40
      36
      25
      31
      41
      24
      27
      21
      21
      29
      22
      19
      18
      15
      31
      24
      24
      28
      23
      28
      19
      23
      19
      22
      19
      29
      22
      30
      17
      29
      33
      20
      30
      23
      28
      24
      25
      30
      33
      28
      42
      34
      29
      38
      27
      39
      35
      27
      39
      42
      25
      33
      50
      42
      58
      45
      38
      38
      31
      39
      28
      34
      31
      30
      25
      32
      23
      20
      18
      21
      21
      13
      15
      18
      16
      21
      13
      13
      11
      20
      16
      16
      19
      14
      15
      17
      19
      18
      20
      17
      16
      18
      12
      19
      18
      22
      14
      17
      16
      23
      19
      15
      10
      16
       8
      12
       9
      14
      14
      12
      17
       7
      12
       7
       9
      14
      10
      13
      10
      13
      11
      17
      12
      10
      17
      12
      14
      11
      14
       9
       3
      14
       5
       7
      15
       9
       8
       8
      12
       6
       9
       9
      10
      15
      12
       9
      10
      17
       7
      10
       8
       7
      10
      14
      15
       7
       7
       7
      10
      10
       6
       7
      16
      10
       8
      12
      14
      13
       5
       6
      11
      13
       9
      11
      11
       9
      14
      14
      26
       9
      10
      11
      15
      14
      20
      10
       9
      10
      14
      10
      18
      12
      10
       8
       8
       5
       9
      11
      14
       9
      14
      10
      10
       9
       8
      16
      11
       6
      11
      14
       6
       9
       6
       7
      10
      11
       8
       9
       6
       9
      12
       7
      11
      13
       7
       9
       9
       8
      15
       4
       9
      10
       7
       3
       3
       8
       7
       3
       6
       3
      13
       8
      10
       6
      11
       8
      11
       8
       6
       2
      11
       8
       9
       5
      10
      12
       7
       5
       8
       6
       6
       6
       5
       9
       5
       8
       5
       6
       7
       2
       7
       6
       5
       6
       9
       6
       3
       3
       4
       5
       6
       4
       6
       5
       6
      11
       6
       6
       7
       7
       7
      14
       9
       4
      13
       5
      10
       8
       9
       5
      17
      16
       9
      14
      15
      18
      13
      16
      13
      15
      20
      14
      10
      18
      20
      14
      13
       5
       6
      12
      21
      11
      11
      13
      10
       6
      11
       8
       5
      15
       5
       3
       6
       4
       4
       7
       3
       6
       3
       5
       9
       2
       9
       1
       4
       4
       4
       4
       6
       5
       5
       7
       2
       8
       1
       1
       2
       8
       5
       4
       6
       7
       6
       3
       9
       9
       6
       2
       9
       7
       1
       3
       4
       6
       5
       5
       4
       4
       3
       5
       8
       3
       4
       2
       8
       1
       8
       1
       4
       0
       4
       5
       5
       2
       4
       0
       3
       2
       3
       1
       4
       6
       1
       1
       0
       6
       6
       4
       4
       5
       4
       2
       5
       2
       4
       2
       7
       2
       2
       4
       5
       4
       4
       2
       6
       1
       3
       1
       6
       3
       3
       5
       6
       4
       5
       4
       6
       3
       8
       7
       5
      10
       2
       4
       3
       6
       8
      11
      10
       3
       6
       7
       5
       6
       6
       5
      12
      11
       7
       9
       5
       5
       7
       7
      10
       5
       9
       2
       8
       4
       6
       3
       4
       6
       5
       4
       6
       6
       1
       5
       3
       3
       8
       0
       0
       6
       2
       1
       4
       2
       0
       2
       3
       0
       3
       1
       5
       1
       2
       2
       0
       2
       1
       1
       2
       2
       2
       3
       3
       1
       3
       2
       3
       2
       0
       1
       2
       1
       4
       2
       2
       3
       3
       2
       4
       1
       1
       2
       1
       1
       2
       0
       0
       2
       2
       1
       1
       1
       1
       3
       1
       0
       0
       1
       1
       1
       2
       1
       2
       3
       3
       2
       2
       4
       1
       1
       8
       4
       1
       1
       3
       4
       3
       4
       0
       0
       4
       3
       2
       4
       7
       6
       3
       4
       4
       5
       2
       7
      12
       8
       5
       9
       4
       3
       4
      20
       8
       3
       7
       2
       6
      14
       3
      10
       7
       1
       5
       6
       4
       5
       5
       3
       4
       5
       4
       3
       1
       2
       3
       2
       3
       4
       4
       2
       6
       0
       1
       2
       0
       3
       2
       1
       2
       1
       2
       2
       1
       2
       0
       1
       2
       1
       3
       1
       3
       2
       2
       2
       0
       0
       2
       2
       2
       2
       2
       0
       1
       1
       2
       3
       1
       0
       1
       2
       0
       1
       2
       0
       3
       0
       1
       1
       1
       3
       1
       2
       2
       2
       2
       0
       3
       1
       3
       0
       1
       0
       2
       2
       0
       1
       1
       2
       3
       1
       4
       0
       0
       0
       0
       0
       0
       1
       4
       0
       0
       2
       1
       2
       0
       0
       1
       4
       1
       1
       1
       0
       0
       0
       3
       0
       4
       3
       1
       0
       1
       0
       1
       1
       0
       0
       1
       1
       1
       0
       0
       0
       1
       0
       1
       0
       0
       0
       1
       2
       2
       1
       2
       0
       1
       0
       1
       2
       2
       2
       2
       2
       1
       2
       1
       1
       0
       1
       0
       0
       1
       1
       1
       2
       1
       0
       0
       1
       0
       0
       3
       1
       0
       1
       0
       0
       1
       5
       2
       2
       0
       1
       1
       2
       0
       2
       1
       1
       1
       2
       1
       1
       3
       2
       2
       1
       2
       1
       0
       1
       1
       0
       0
       3
       1
       2
       1
       0
       0
       2
       0
       2
       2
       2
       2
       0
       0
       2
       1
       2
       2
       1
       3
       1
       0
       4
       0
       1
       1
       2
       0
       1
       0
       3
       3
       4
       2
       1
       0
       0
       1
       1
       0
       1
       0
       0
       0
       2
       1
       0
       0
       1
       2
       1
       0
       1
       2
       1
       0
       0
       0
       1
       1
       1
       0
       0
       0
       0
       2
       0
       0
       0
       3
       1
       1
       2
       1
       0
       0
       0
       1
       0
       0
       1
       1
       0
       1
       0
       1
       1
       0
       0
       0
       0
       2
       0
       0
       0
       1
       3
       1
       2
       0
       0
       1
       1
       4
       0
       2
       0
       2
       0
       1
       0
       1
       0
       1
       0
       2
       1
       0
       2
       2
       0
       3
       2
       1
       2
       1
       1
       5
       3
       2
       2
       0
       1
       2
       0
       0
       1
       0
       1
       1
       0
       2
       1
       3
       0
       1
       1
       2
       1
       0
       0
       1
       2
       1
       0
       2
       1
       1
       1
       0
       2
       1
       2
       1
       0
       2
       2
       0
       0
       0
       1
       1
       0
       0
       2
       0
       0
       0
       0
       2
       3
       0
       1
       2
       0
       1
       0
       0
       0
       0
       0
       1
       1
       0
       1
       2
       2
       0
       1
       1
       0
       1
       0
       0
       2
       1
       1
       2
       0
       0
       0
       1
       4
       1
       2
       1
       0
       1
       0
       0
       0
       1
       0
       2
       1
       0
       1
       0
       0
       0
       0
       0
       2
       1
       1
       0
       0
       4
       1
       1
       2
       0
       2
       1
       1
       0
       2
       2
       1
       1
       0
       1
       1
       1
       1
       0
       2
       1
       1
       1
       0
       0
       0
       0
       2
       0
       0
       0
       0
       0
       2
       0
       0
       0
       3
       3
       0
       0
       0
       0
       0
       1
       0
       1
       1
       2
       1
       1
       2
       0
       1
       0
       2
       1
       0
       1
       0
       0
       1
       0
       1
       0
       1
       2
       2
       0
       1
       0
       0
       1
       1
       0
       0
       0
       0
       0
       1
       0
       0
       0
       0
       0
       2
       0
       2
       1
       0
       1
       0
       4
       0
       1
       0
       0
       2
       0
       0
       1
       1
       0
       0
       1
       1
       0
       1
       0
       1
       0
       1
       3
       1
       1
       0
       1
       0
       1
       0
       0
       1
       1
       1
       0
       0
       1
       1
       2
       2
       1
       1
       1
       0
       1
       0
       0
       0
       0
       2
       1
       2
       0
       0
       1
       1
       0
       1
       0
       3
       0
       2
       1
       2
       0
       0
       0
       1
       1
       1
       2
       1
       0
       1
       0
       0
       0
       0
       1
       1
       0
       2
       0
       0
       0
       0
       1
       0
       0
       1
       0
       3
       0
       2
       2
       0
       0
       0
       2
       1
       0
       1
       0
       0
       1
       1
       0
       1
       2
       1
       0
       0
       0
       0
       0
       0
       0
       2
       1
       1
       0
       0
       0
       1
       0
       1
       0
       0
       1
       0
       0
       1
       0
       0
       0
       0
       0
       0
       3
       1
       1
       1
       1
       0
       1
       1
       1
       0
       2
       0
       0
       0
       1
       1
       0
       0
       1
       1
       1
       3
       0
       2
       0
       0
       1
       3
       0
       1
       1
       0
       0
       0
       0
       0
       1
       1
       0
       3
       0
       0
       0
       1
       2
       1
       0
       0
       2
       1
       0
       0
       0
       0
       0
       1
       0
       0
       0
       1
       0
       1
       0
       0
       0
       0
       0
       0
       0
       0
       1
       1
       1
       0
       1
       0
       0
       2
       3
       1
       0
       2
       0
       1
       3
       0
       1
       0
       0
       0
       1
       1
       0
       1
       0
       0
       1
       0
       1
       1
       1
       0
       0
       1
       1
       0
       3
       1
       0
       0
       2
       0
       0
       0
       3
       1
       2
       1
       1
       1
       2
       1
       1
       0
       2
       0
       0
       1
       1
       1
       0
       2
       2
       1
       0
       1
       1
       0
       2
       0
       0
       0
       0
       0
       0
       1
       1
       1
       0
       0
       2
       1
       1
       0
       0
       2
       0
       2
       0
       0
       1
       0
       1
       1
       1
       2
       0
       0
       0
       1
       1
       2
       0
       0
       0
       0
       1
       1
       0
       2
       0
       0
       0
       0
       2
       1
       2
       1
       0
       0
       0
       1
       0
       0
       3
       2
       0
       0
       1
       0
       2
       1
       0
       0
       0
       0
       1
       0
       0
       0
       0
       0
       0
       2
       1
       0
       0
       1
       1
       0
       0
       1
       0
       0
       0
       0
       1
       0
       2
       2
       1
       0
       1
       0
       0
       1
       0
       0
       0
       0
       0
       1
       1
       0
       1
       0
       0
       0
       0
       1
       1
       0
       0
       2
       0
       2
       0
       1
       1
       3
       0
       4
       1
       0
       1
       0
       1
       1
       1
       0
       1
       0
       0
       1
       2
       0
       2
       2
       2
       1
       1
       0
       1
       2
       0
       3
       2
       1
       0
       1
       1
       0
       1
       2
       1
       1
       1
       2
       0
       2
       2
       0
       1
       2
       1
       1
       1
       0
       1
       0
       0
       1
       1
       0
       1
       1
       1
       0
       0
       1
       0
       1
       1
       0
       0
       0
       0
       0
       0
       0
       0
       2
       0
       1
       1
       0
       2
       2
       0
       0
       1
       1
       3
       1
       0
       2
       2
       0
       1
       0
       0
       3
       1
       1
       2
       1
       2
       0
       0
       1
       2
       1
       1
       1
       1
       1
       3
       1
       0
       0
       2
       0
       2
       1
       0
       1
       1
       0
       3
       0
       1
       0
       0
       0
       1
       0
       2
       1
       0
       1
       2
       0
       1
       2
       0
       1
       2
       0
       0
       1
       2
       1
       1
       0
       1
       1
       0
       0
       0
       1
       0
       0
       0
       1
       0
       1
       1
       1
       0
       1
       0
       0
       0
       0
       0
       0
       0
       0
       2
       2
       0
       0
       2
       0
       0
       1
       2
       2
       0
       1
       1
       1
       0
       0
       0
       0
       0
       0
       0
       1
       1
       1
       1
       1
       2
       0
       1
       1
       0
       0
       1
       1
       1
       1
       1
       0
       1
       1
       2
       1
       0
       0
       0
       0
       2
       1
       0
       1
       1
       0
       1
       3
       2
       0
       1
       0
       2
       1
       0
       1
       1
       3
       1
       1
       2
       0
       1
       0
       0
       1
       2
       0
       1
       2
       0
       0
       0
       0
       0
       2
       0
       3
       2
       1
       1
       1
       1
       0
       0
       0
       0
       2
       0
       1
       1
       2
       0
       0
       0
       0
       0
       0
       0
       0
       0
       0
       0
       0
       0
       0
       0
       0
       0
       0
       0
       0
       0
       0
       0
       0
       0
       0
       0
       0
       0
       0
       0
       0
       0
       0
       0
       0
       0
       0
       0
       0
       0
       0
       0
       0
       0
       0
       0
       0
       0
       0
       0
       0
       0
       0
       0
       0
       0
       0
       0
       0
       0
       0
       0
       0
       0
       0
       0
       0
       0
       0
       0
       0
       0
       0
       0
       0
       0
       0
       0
       0
       0
       0
       0
       0
       0
$ROI:
1
712 830
$PRESETS:
None
0
0
$ENER_FIT:
-23.656767 2.297974
$MCA_CAL:
3
-2.365677E+001 2.297974E+000 2.836717E-005 keV
$SHAPE_CAL:
3
0.000000E+000 0.000000E+000 0.000000E+000
