$SPEC_ID:
No sample description was entered.
$SPEC_REM:
DET# 1
DETDESC# DESKTOP-I499GD2 Easy-MCA-2k SN 18191655
AP# Maestro Version 7.01
$DATE_MEA:
02/29/2024 12:23:11
$MEAS_TIM:
80 80
$DATA:
0 2047
       0
       0
       0
       0
       0
       0
       0
       0
      34
      24
      18
      22
      14
      25
      18
      21
      20
      19
      11
      19
      20
      15
      18
      21
      14
      13
      32
      16
      37
      39
      38
      44
      29
      34
      42
      31
      30
      28
      32
      28
      34
      34
      39
      49
      40
      64
      30
      62
      48
      60
      58
      67
      74
      67
      69
      63
      81
      80
      74
      85
      97
      93
      93
      73
      85
      88
      91
      77
      68
      94
      85
     111
      76
      92
      87
      78
      90
      95
      73
      77
      77
      78
      90
      86
      82
      60
      61
      72
     104
      84
      73
      68
      85
      58
      73
      62
      73
      66
      68
      71
      69
      57
      62
      72
      64
      60
      65
      67
      48
      64
      63
      51
      71
      55
      59
      55
      29
      50
      55
      52
      39
      48
      45
      41
      39
      46
      45
      37
      31
      40
      41
      51
      43
      37
      33
      40
      37
      35
      41
      28
      33
      39
      38
      33
      40
      25
      37
      33
      19
      29
      43
      35
      28
      14
      31
      29
      34
      33
      24
      26
      21
      37
      24
      35
      28
      35
      38
      28
      15
      18
      24
      28
      21
      25
      17
      22
      19
      21
      16
      25
      17
      20
      14
      14
      14
      17
      20
      13
      16
      17
      18
      23
      19
      20
      18
      17
      11
      14
      23
       8
      10
      13
      20
      14
      14
      17
      22
      17
      14
      14
      18
      16
      19
      18
      25
      22
      12
      11
      26
      20
      16
      15
      29
      31
      16
      17
      19
      28
      32
      20
      27
      26
      24
      22
      13
      14
      18
      20
      17
      10
      11
      13
      13
      15
       7
       9
      12
      14
      13
      17
       7
      12
      13
      10
      15
      15
      11
      16
      10
       5
      10
      13
      13
      10
      19
      13
       7
      15
      10
      12
      10
       7
      10
      13
      12
      18
       9
      12
      10
      18
      11
      16
       8
       6
      11
       9
      11
       3
       9
       8
       8
       9
       8
       9
       6
       9
      10
       5
       8
       5
      11
      10
      10
       9
       7
       7
       9
       8
       8
       4
      12
       5
       9
       7
       8
      12
       9
       6
      11
       7
       3
       7
       7
       6
       7
       6
      12
      13
       9
      10
       3
       6
       6
       7
       5
       5
       4
       5
       8
       8
      10
       6
       8
      11
       7
       7
      14
      11
       7
      15
      12
      10
       8
       9
      14
       5
      15
      12
       5
       7
      16
      14
      10
      19
      11
       8
      14
       3
      12
      10
      14
       7
       8
       9
      11
      10
       7
       8
      10
       8
       8
      16
       8
      12
       8
       6
       5
       6
       7
       8
       2
      10
      10
       6
       3
       3
       5
       4
       2
       7
       7
       2
       4
       3
       2
       5
       4
       5
       4
       4
       3
       4
       6
       6
       1
       3
       1
       4
       7
       6
       1
       6
       6
       5
       5
       6
       9
       5
       7
       3
       5
       7
       6
       6
       7
       7
       5
       8
       2
       7
       4
       4
       5
       3
       5
       4
       6
       3
       2
       3
       5
       4
       1
       2
       6
       4
       3
       7
       4
       3
       5
       4
       2
       4
       4
       1
       5
      10
       9
       3
       7
      10
       6
       7
      11
      13
       7
      12
      12
       6
      13
      10
      10
       6
       7
       9
       7
       7
       8
      19
       6
      10
       6
      11
      12
      12
      10
      10
      12
       6
       9
      10
       8
       4
       8
       9
       6
       4
       2
       2
      10
       3
       1
       5
       3
       6
       5
       2
       4
       2
       2
       3
       2
       7
       3
       5
       5
       7
       3
       6
       2
       2
       5
       2
       4
       3
       3
       1
       2
       2
       4
       4
       2
       1
       0
       0
       1
       2
       6
       1
       4
       2
       1
       2
       4
       1
       1
       3
       4
       2
       4
       3
       4
       0
       2
       1
       2
       4
       1
       2
       3
       1
       5
       2
       4
       2
       0
       4
       2
       1
       1
       0
       2
       0
       2
       4
       6
       3
       1
       2
       4
       4
       2
       1
       1
       2
       2
       1
       2
       0
       5
       1
       1
       8
       4
       3
       6
       4
       2
       1
       4
       3
       3
       2
       1
       4
       0
       2
       6
       3
       5
       4
       5
      10
       6
       2
       5
       3
       2
       4
       2
       4
       4
       2
       5
       5
       2
       5
       9
       6
       7
       3
       5
       7
       5
       4
       2
       2
       8
       2
       3
       3
       2
       1
       2
       4
       5
       1
       1
       3
       0
       2
       0
       1
       1
       1
       1
       0
       1
       3
       2
       1
       1
       1
       4
       2
       0
       3
       1
       2
       2
       1
       3
       2
       1
       2
       3
       0
       2
       0
       0
       2
       0
       1
       0
       1
       1
       2
       1
       0
       2
       1
       0
       1
       1
       2
       1
       0
       0
       1
       1
       1
       0
       0
       2
       2
       3
       1
       3
       2
       1
       2
       1
       3
       0
       2
       1
       1
       2
       1
       3
       1
       0
       1
       3
       4
       4
       0
       3
       1
       4
       3
       2
       3
       5
       2
       8
       5
       4
       5
       5
       8
       6
       3
       3
       2
       7
       2
       4
       7
       6
       6
       5
       3
       3
       6
       9
       3
       2
       5
       2
       3
       1
       4
       2
       4
       2
       5
       7
       4
       3
       4
       3
       2
       0
       5
       2
       0
       1
       2
       2
       0
       3
       2
       1
       0
       1
       1
       3
       2
       1
       0
       2
       1
       0
       1
       1
       0
       0
       2
       0
       1
       1
       1
       1
       0
       0
       1
       0
       2
       0
       2
       0
       1
       1
       2
       0
       0
       2
       0
       0
       0
       0
       2
       0
       3
       0
       0
       1
       0
       0
       1
       1
       0
       0
       1
       0
       0
       0
       3
       0
       0
       0
       1
       0
       1
       0
       0
       0
       2
       2
       0
       1
       0
       0
       1
       1
       0
       0
       1
       2
       0
       1
       0
       0
       0
       0
       0
       3
       0
       0
       1
       2
       0
       2
       0
       0
       0
       0
       1
       0
       0
       1
       0
       1
       0
       0
       0
       0
       0
       2
       0
       0
       0
       0
       0
       2
       1
       1
       2
       1
       1
       1
       1
       1
       3
       0
       0
       1
       0
       0
       2
       2
       0
       0
       1
       2
       0
       1
       1
       1
       0
       2
       0
       1
       1
       1
       1
       1
       0
       0
       1
       0
       0
       1
       1
       0
       1
       1
       0
       1
       0
       0
       0
       1
       0
       0
       2
       0
       0
       0
       2
       3
       0
       0
       3
       0
       1
       1
       0
       2
       2
       3
       2
       2
       0
       0
       1
       1
       4
       1
       0
       1
       1
       0
       0
       1
       2
       1
       0
       0
       1
       0
       0
       0
       1
       1
       1
       2
       0
       0
       0
       1
       1
       0
       1
       1
       1
       2
       0
       0
       0
       3
       2
       0
       0
       0
       1
       0
       1
       0
       1
       0
       0
       1
       0
       0
       0
       0
       3
       0
       1
       0
       0
       1
       0
       0
       2
       1
       0
       0
       1
       1
       2
       0
       1
       1
       1
       0
       1
       0
       1
       0
       0
       1
       1
       2
       0
       0
       0
       0
       1
       0
       0
       0
       1
       1
       2
       0
       0
       2
       0
       1
       1
       1
       0
       0
       0
       0
       0
       0
       1
       0
       2
       0
       0
       0
       0
       0
       0
       0
       0
       0
       0
       1
       3
       1
       0
       0
       0
       0
       2
       1
       2
       2
       0
       1
       0
       1
       1
       0
       0
       1
       0
       2
       1
       1
       1
       0
       1
       0
       1
       0
       1
       0
       0
       1
       1
       1
       0
       1
       0
       1
       0
       0
       0
       1
       0
       0
       0
       2
       1
       1
       2
       0
       0
       1
       0
       0
       0
       1
       0
       1
       0
       0
       0
       0
       1
       0
       0
       0
       0
       0
       0
       0
       0
       2
       2
       0
       1
       1
       1
       1
       1
       0
       0
       0
       1
       0
       0
       2
       1
       0
       1
       0
       0
       0
       0
       0
       0
       1
       2
       0
       0
       1
       0
       1
       1
       0
       0
       1
       0
       0
       0
       2
       0
       0
       1
       1
       0
       1
       1
       0
       0
       0
       1
       1
       0
       0
       1
       0
       1
       0
       0
       0
       0
       0
       0
       1
       0
       0
       0
       0
       1
       0
       0
       1
       0
       1
       2
       0
       0
       0
       1
       2
       0
       1
       0
       0
       0
       0
       0
       1
       1
       0
       0
       0
       0
       1
       0
       0
       0
       0
       0
       0
       1
       1
       0
       1
       0
       0
       0
       0
       0
       0
       0
       0
       1
       0
       0
       0
       0
       1
       2
       0
       0
       1
       0
       0
       0
       0
       2
       0
       0
       0
       0
       1
       0
       0
       1
       0
       0
       0
       0
       0
       0
       0
       0
       1
       1
       0
       1
       0
       0
       0
       0
       0
       0
       0
       0
       0
       1
       0
       0
       1
       1
       0
       0
       0
       0
       0
       2
       0
       0
       0
       0
       0
       1
       0
       0
       0
       0
       1
       0
       1
       0
       0
       0
       1
       0
       0
       1
       1
       0
       0
       0
       0
       1
       0
       0
       0
       0
       0
       0
       0
       0
       1
       0
       0
       1
       0
       0
       0
       0
       1
       0
       0
       0
       1
       0
       0
       1
       0
       0
       0
       2
       0
       0
       1
       0
       0
       0
       0
       1
       0
       1
       0
       0
       2
       0
       1
       1
       0
       1
       0
       1
       0
       0
       0
       0
       0
       0
       0
       0
       0
       0
       0
       1
       0
       0
       0
       1
       0
       1
       0
       0
       0
       0
       1
       0
       0
       0
       0
       0
       0
       0
       0
       0
       0
       0
       1
       0
       0
       1
       0
       0
       0
       0
       0
       0
       0
       1
       0
       0
       0
       0
       0
       0
       0
       0
       1
       0
       1
       0
       1
       0
       0
       0
       1
       0
       0
       0
       0
       1
       0
       1
       0
       0
       0
       0
       0
       0
       0
       0
       0
       0
       0
       0
       0
       1
       0
       0
       0
       0
       0
       0
       1
       0
       1
       1
       0
       1
       0
       0
       0
       0
       0
       0
       0
       1
       0
       0
       0
       0
       0
       1
       0
       0
       1
       1
       1
       0
       0
       0
       0
       0
       1
       0
       0
       0
       0
       0
       1
       0
       0
       0
       1
       0
       0
       1
       0
       1
       1
       0
       0
       0
       1
       1
       1
       0
       0
       0
       0
       0
       0
       0
       1
       1
       1
       0
       0
       0
       0
       0
       1
       0
       0
       0
       0
       0
       0
       0
       0
       1
       1
       0
       1
       0
       0
       0
       0
       1
       0
       0
       0
       0
       0
       0
       0
       0
       0
       0
       0
       0
       0
       0
       0
       1
       1
       1
       0
       0
       0
       0
       1
       0
       0
       0
       1
       0
       0
       0
       0
       0
       0
       0
       0
       0
       0
       0
       0
       1
       0
       0
       0
       0
       0
       0
       0
       0
       0
       0
       0
       0
       0
       0
       2
       0
       0
       0
       0
       0
       0
       0
       0
       0
       0
       0
       0
       0
       1
       0
       1
       0
       1
       0
       0
       1
       1
       1
       0
       0
       0
       0
       0
       0
       1
       0
       0
       0
       0
       0
       0
       1
       0
       0
       0
       2
       1
       0
       1
       1
       0
       0
       0
       0
       0
       0
       0
       0
       2
       0
       0
       0
       0
       0
       0
       0
       0
       0
       1
       1
       0
       0
       0
       1
       0
       1
       1
       0
       1
       0
       0
       0
       0
       1
       0
       0
       0
       0
       0
       0
       0
       0
       0
       0
       0
       1
       0
       0
       0
       0
       0
       1
       0
       0
       0
       1
       1
       0
       0
       0
       0
       1
       0
       0
       0
       1
       0
       0
       0
       1
       0
       0
       0
       0
       0
       1
       0
       0
       0
       1
       0
       0
       0
       1
       3
       0
       0
       0
       0
       0
       0
       0
       1
       0
       1
       1
       0
       0
       0
       0
       0
       0
       1
       1
       0
       0
       0
       0
       0
       0
       0
       0
       0
       0
       1
       0
       0
       0
       1
       0
       0
       1
       0
       0
       1
       1
       0
       0
       1
       0
       0
       0
       0
       0
       0
       1
       0
       0
       0
       0
       0
       1
       3
       0
       1
       1
       2
       0
       0
       1
       0
       1
       2
       0
       0
       0
       0
       1
       0
       0
       0
       0
       0
       1
       1
       0
       0
       0
       0
       0
       0
       0
       0
       0
       1
       0
       0
       0
       0
       0
       0
       1
       1
       0
       0
       2
       0
       0
       1
       0
       1
       0
       0
       0
       2
       0
       1
       0
       0
       0
       1
       1
       1
       1
       0
       0
       1
       1
       0
       0
       0
       0
       0
       0
       1
       0
       0
       1
       0
       0
       0
       1
       0
       1
       0
       0
       0
       0
       1
       0
       0
       0
       1
       0
       0
       1
       0
       1
       0
       1
       1
       0
       0
       0
       0
       0
       0
       0
       0
       0
       0
       0
       1
       1
       0
       0
       0
       0
       1
       2
       0
       0
       0
       0
       0
       0
       0
       0
       0
       0
       0
       0
       0
       0
       0
       0
       0
       0
       0
       0
       0
       0
       0
       0
       0
       0
       0
       0
       0
       0
       0
       0
       0
       0
       0
       0
       0
       0
       0
       0
       0
       0
       0
       0
       0
       0
       0
       0
       0
       0
       0
       0
       0
       0
       0
       0
       0
       0
       0
       0
       0
       0
       0
       0
       0
       0
       0
       0
       0
       0
       0
       0
       0
       0
       0
       0
       0
       0
       0
       0
       0
       0
       0
       0
       0
       0
       0
       0
       0
       0
       0
       0
       0
       0
       0
       0
       0
       0
       0
       0
       0
       0
       0
       0
       0
       0
$ROI:
1
712 830
$PRESETS:
None
0
0
$ENER_FIT:
-23.656767 2.297974
$MCA_CAL:
3
-2.365677E+001 2.297974E+000 2.836717E-005 keV
$SHAPE_CAL:
3
0.000000E+000 0.000000E+000 0.000000E+000
