$SPEC_ID:
No sample description was entered.
$SPEC_REM:
DET# 1
DETDESC# DESKTOP-I499GD2 Easy-MCA-2k SN 18191655
AP# Maestro Version 7.01
$DATE_MEA:
02/29/2024 12:19:12
$MEAS_TIM:
72 72
$DATA:
0 2047
       0
       0
       0
       0
       0
       0
       0
       1
      37
      31
      30
      27
      28
      27
      36
      23
      23
      24
      40
      36
      36
      32
      35
      25
      30
      30
      40
      33
      52
      47
      37
      40
      39
      49
      38
      41
      40
      49
      46
      45
      53
      52
      60
      60
      72
      54
      74
      69
      78
      76
      78
      93
      96
      92
      87
     113
      74
      97
     116
     117
     116
     121
     122
     100
      85
     115
     106
     118
     103
     110
      92
     101
     103
      93
     109
     110
     111
     106
     105
     102
     104
      89
      97
     112
     114
      86
      98
      90
     102
      98
     108
     102
      62
      79
      89
      76
      84
      91
      87
      98
      81
     103
     101
      79
      86
      81
      91
      78
      82
      81
      78
      83
      89
      78
      81
      70
      64
      68
      59
      66
      63
      87
      78
      64
      68
      64
      63
      66
      82
      56
      69
      66
      67
      56
      52
      46
      55
      62
      56
      53
      45
      41
      59
      54
      55
      45
      44
      52
      62
      40
      46
      51
      51
      46
      57
      39
      37
      45
      40
      39
      46
      52
      41
      47
      51
      31
      37
      33
      32
      41
      38
      26
      30
      34
      28
      50
      30
      29
      33
      33
      33
      30
      40
      30
      21
      35
      34
      42
      24
      31
      31
      37
      38
      27
      40
      25
      37
      32
      26
      31
      31
      37
      30
      21
      41
      26
      23
      28
      25
      27
      41
      26
      39
      40
      25
      35
      40
      33
      37
      40
      56
      46
      52
      61
      64
      47
      62
      56
      64
      65
      61
      57
      59
      60
      51
      46
      55
      36
      30
      31
      31
      31
      19
      23
      28
      25
      19
      26
      21
      24
      26
      19
      23
      20
      20
      18
      27
      25
      21
      19
      23
      16
      24
      17
      26
      31
      24
      31
      19
      28
      21
      27
      21
      26
      22
      16
      17
      17
      18
      23
      16
      14
      15
      19
      21
      19
      20
      17
      28
      18
      14
      10
      26
      11
      20
      14
      20
      13
      18
      20
      14
      18
      23
      14
      12
      11
      22
      12
      14
      19
      11
      24
      16
      11
      18
       8
      22
      21
      15
      15
      16
      14
      13
      33
       7
      18
      13
       8
      16
      17
      14
      14
      17
      11
      14
      21
      22
      14
      21
      12
      17
      17
      12
      12
       9
      15
      24
      13
      21
      17
      16
      21
      17
      15
      19
      21
      14
      14
      24
      11
      16
      21
      15
      14
      11
      21
      15
      11
      13
      18
      20
      17
      17
      17
      18
      19
      16
      11
      14
      15
      10
      17
      16
      17
      14
      21
      18
      14
      12
       9
      21
      11
      16
       8
      13
      16
      13
      12
      10
      17
       9
       6
      14
      10
       8
      19
      13
      13
       6
       7
       8
      17
       9
      12
       3
      13
      16
      13
      10
      13
      10
       6
      10
      10
      13
      13
       7
      16
      15
      11
      10
      16
      18
      15
       9
       6
      12
       9
       6
       4
       6
      10
       9
      11
      12
       8
       7
      11
      10
      14
      11
       7
       8
       9
       6
      12
       8
      11
      15
      12
       6
       6
      13
      20
       8
      16
      12
      14
      13
      12
      20
       6
      16
      14
      16
      18
      16
      26
      14
      20
      20
      20
      18
      21
      21
      16
      18
      17
      18
      15
      16
      15
      25
       9
      12
      17
      17
      12
      19
      13
      10
      12
      18
      13
       9
      11
      12
      11
      15
       5
      13
      15
      10
       8
       8
       7
      12
      11
      10
       7
      15
      14
       8
      11
      10
       3
       7
      14
      14
      10
       9
       9
      14
       9
       9
       8
      12
      11
      14
       6
      11
       6
      17
       5
      13
      10
      12
      15
      17
      11
       9
      14
      12
      13
      12
      10
      17
      10
      12
      17
       9
      10
       6
       8
      14
      11
      11
       8
       6
      12
      21
      11
      17
      11
      16
       8
       7
      11
      11
       6
       4
       8
       7
       7
       9
       7
       9
      10
       5
      12
      12
       6
       9
       7
      13
      16
      16
      12
       9
      15
      10
      13
      20
       9
      11
       9
      12
       5
      13
      12
       8
       7
       5
      10
      14
      13
      13
      11
      11
       8
      12
      16
      17
      11
      11
      13
      18
      13
      13
       6
      16
      11
      12
      18
      17
      16
      20
      13
       9
       8
      14
       9
      13
       9
      11
      13
       5
      11
      12
      11
       8
      12
       8
      16
       7
      10
       4
       6
      10
       7
       6
       4
       6
      13
      16
       8
       5
       7
       5
       5
       5
       5
       6
       2
       6
       3
       5
       2
       5
       7
       6
       5
       8
       4
       6
       4
       6
       5
       4
       7
       4
       3
       4
       4
       9
       6
       4
       6
       6
       2
       4
       7
       2
       5
       3
       2
       6
       5
       0
       4
       3
       1
       6
       8
       5
       6
       5
       5
       4
       3
       4
       5
       4
       4
       4
       7
       2
       5
       7
       5
      12
      10
       3
       8
      10
       6
       5
      10
      11
      16
      18
      13
      19
      17
      11
      12
      23
      22
      32
      33
      34
      30
      26
      35
      25
      33
      31
      31
      39
      35
      29
      52
      36
      47
      26
      31
      26
      21
      32
      26
      34
      24
      26
      22
      31
      27
      24
      29
      25
      26
      18
      18
      18
      17
      16
      11
      15
       7
       9
      10
      10
       4
       6
       8
       1
       8
       4
       5
       6
       3
      10
       1
       3
       3
       4
       5
       3
       3
       1
       5
       6
       3
       4
       3
       1
       3
       6
       5
       1
       2
       4
       1
       5
       3
       5
       0
       2
       4
       1
       2
       2
       6
       6
       2
       4
       2
       1
       1
       2
       3
       4
       3
       2
       5
       5
       1
       2
       5
       2
       1
       3
       5
       4
       3
       2
       5
       3
       1
       2
       2
       4
       5
       5
       3
       4
       3
       3
       2
       4
       1
       3
       3
       2
       3
       4
       1
       4
       1
       6
       3
       2
       0
       4
       5
       4
       4
       2
       3
       7
       5
       2
       2
       4
       2
       4
       0
       5
       2
       5
       1
       2
       4
       1
       0
       3
       2
       3
       0
       5
       2
       3
       4
       3
       1
       3
       2
       1
       4
       2
       5
       2
       1
       4
       2
       3
       1
       2
       2
       1
       1
       1
       3
       3
       1
       5
      10
       3
       7
       3
       2
       0
       2
       2
       1
       2
       2
       1
       4
       2
       0
       5
       3
       1
       2
       4
       4
       5
       3
       2
       1
       3
       1
       2
       6
       7
       3
       5
       4
       4
       4
       3
       7
       2
       0
       3
       2
       3
       3
       2
       1
       3
       1
       2
       1
       5
       4
       2
       4
       5
       3
       6
       5
       4
       8
       1
       1
       6
       4
       4
       4
       3
       5
       1
       4
       4
       3
       8
       4
       3
       2
       4
       3
       3
       0
       1
       1
       3
       5
       1
       3
       1
       3
       0
       2
       2
       5
       4
       4
       2
       3
       3
       3
       2
       1
       3
       1
       3
       7
       2
       2
       3
       4
       2
       1
       4
       0
       4
       8
       1
       2
       2
       3
       1
       3
       3
       4
       5
       2
       3
       2
       2
       4
       2
       4
       2
       6
       0
       0
       3
       4
       6
       3
       0
       2
       1
       3
       1
       5
       4
       4
       4
       2
       2
       5
       0
       1
       3
       0
       2
       3
       5
       1
       3
       2
       6
       1
       4
       4
       0
       1
       5
       1
       4
       5
       2
       3
       1
       0
       3
       2
       3
       2
       4
       0
       3
       1
       1
       2
       3
       1
       2
       2
       3
       0
       6
       1
       5
       1
       4
       1
       2
       2
       4
       0
       1
       2
       1
       2
       0
       3
       2
       1
       1
       1
       1
       4
       1
       1
       0
       2
       1
       1
       0
       2
       2
       2
       4
       2
       4
       2
       0
       3
       2
       3
       0
       3
       5
       1
       3
       1
       2
       1
       3
       0
       2
       7
       4
       2
       1
       2
       4
       4
       4
       3
       3
       1
       4
       6
       5
       5
       2
       7
       3
       7
       3
       4
       4
       8
       5
       4
       5
       6
       3
       3
       0
       6
       5
       4
       4
       4
       2
       2
       4
       0
       2
       6
       4
       2
       3
       5
       3
       5
       3
       2
       3
       2
       3
       4
       1
       4
       3
       1
       1
       3
       1
       2
       2
       0
       3
       2
       3
       1
       2
       1
       0
       2
       3
       1
       2
       1
       3
       1
       1
       2
       1
       1
       3
       4
       1
       3
       1
       0
       1
       2
       1
       3
       2
       0
       2
       0
       0
       0
       1
       1
       2
       2
       0
       2
       1
       3
       0
       1
       2
       0
       1
       1
       1
       1
       2
       1
       1
       3
       2
       2
       1
       2
       3
       1
       1
       0
       3
       4
       1
       5
       1
       2
       1
       3
       0
       1
       2
       1
       2
       0
       2
       1
       0
       2
       1
       1
       0
       3
       2
       4
       6
       1
       0
       2
       2
       5
       0
       0
       1
       2
       0
       0
       1
       1
       4
       3
       2
       0
       1
       2
       1
       1
       1
       1
       1
       1
       2
       3
       0
       2
       3
       0
       3
       2
       0
       1
       3
       0
       2
       1
       2
       1
       0
       2
       2
       1
       1
       0
       2
       0
       2
       2
       2
       2
       1
       4
       0
       0
       1
       1
       2
       1
       2
       3
       0
       2
       2
       4
       1
       3
       1
       0
       0
       2
       0
       3
       0
       4
       1
       0
       2
       1
       1
       1
       2
       2
       2
       1
       2
       0
       0
       2
       0
       1
       1
       3
       3
       2
       4
       0
       2
       2
       0
       1
       1
       2
       0
       0
       2
       0
       2
       0
       3
       3
       4
       2
       1
       0
       2
       3
       1
       2
       0
       3
       1
       2
       2
       4
       1
       0
       0
       1
       1
       3
       1
       0
       2
       0
       0
       1
       3
       3
       4
       0
       1
       1
       0
       2
       0
       0
       1
       1
       2
       0
       1
       2
       1
       0
       0
       0
       1
       0
       0
       0
       1
       3
       1
       1
       0
       2
       1
       3
       0
       3
       2
       0
       3
       1
       4
       2
       1
       4
       0
       1
       1
       1
       1
       3
       2
       1
       2
       0
       1
       1
       2
       1
       0
       1
       1
       0
       3
       2
       0
       2
       0
       2
       1
       1
       2
       0
       3
       0
       1
       1
       0
       1
       1
       0
       1
       1
       0
       2
       3
       4
       0
       1
       0
       1
       0
       0
       1
       0
       1
       1
       2
       0
       2
       1
       4
       1
       1
       0
       3
       1
       1
       1
       1
       4
       0
       1
       0
       0
       3
       1
       0
       1
       3
       1
       0
       0
       2
       0
       4
       0
       0
       3
       1
       2
       1
       1
       1
       1
       2
       1
       2
       1
       0
       3
       0
       3
       2
       1
       1
       3
       0
       2
       1
       0
       1
       1
       1
       0
       0
       0
       3
       1
       0
       3
       2
       0
       3
       1
       2
       0
       2
       3
       1
       2
       3
       1
       1
       2
       0
       1
       1
       2
       0
       0
       4
       2
       3
       2
       1
       1
       2
       2
       1
       1
       1
       1
       2
       2
       2
       3
       0
       1
       0
       0
       0
       2
       1
       0
       1
       0
       2
       0
       5
       5
       3
       2
       0
       3
       1
       4
       3
       1
       1
       1
       2
       1
       0
       0
       2
       4
       3
       1
       2
       1
       1
       2
       1
       1
       0
       0
       1
       3
       1
       2
       1
       3
       1
       2
       2
       2
       1
       1
       1
       1
       1
       1
       1
       2
       2
       1
       1
       1
       2
       0
       2
       1
       1
       1
       2
       3
       2
       0
       2
       0
       3
       2
       1
       2
       2
       2
       0
       2
       0
       0
       1
       4
       1
       2
       3
       2
       2
       4
       3
       2
       0
       0
       1
       0
       2
       2
       2
       1
       2
       1
       1
       0
       1
       3
       0
       2
       3
       3
       2
       3
       1
       3
       2
       5
       1
       1
       2
       1
       1
       0
       2
       1
       2
       0
       0
       3
       1
       1
       2
       2
       2
       0
       1
       2
       1
       2
       2
       0
       6
       2
       0
       3
       1
       1
       3
       2
       1
       4
       2
       1
       0
       2
       2
       1
       1
       2
       0
       1
       1
       1
       0
       2
       0
       2
       3
       0
       4
       0
       1
       0
       1
       0
       0
       2
       2
       0
       1
       1
       0
       0
       1
       2
       0
       2
       2
       0
       0
       3
       2
       3
       2
       2
       0
       2
       1
       0
       2
       2
       0
       2
       2
       0
       0
       1
       0
       0
       1
       0
       0
       2
       3
       2
       0
       0
       2
       0
       2
       3
       0
       1
       2
       1
       3
       1
       2
       3
       1
       2
       3
       4
       3
       2
       2
       4
       2
       3
       2
       2
       2
       3
       3
       0
       2
       2
       2
       1
       0
       0
       3
       2
       1
       1
       0
       0
       0
       2
       1
       2
       1
       3
       0
       1
       2
       0
       1
       2
       2
       3
       0
       0
       5
       2
       2
       4
       1
       5
       0
       1
       6
       3
       2
       1
       1
       2
       2
       2
       2
       3
       0
       2
       1
       2
       1
       0
       3
       2
       0
       2
       4
       2
       2
       3
       0
       0
       0
       0
       0
       0
       0
       0
       0
       0
       0
       0
       0
       0
       0
       0
       0
       0
       0
       0
       0
       0
       0
       0
       0
       0
       0
       0
       0
       0
       0
       0
       0
       0
       0
       0
       0
       0
       0
       0
       0
       0
       0
       0
       0
       0
       0
       0
       0
       0
       0
       0
       0
       0
       0
       0
       0
       0
       0
       0
       0
       0
       0
       0
       0
       0
       0
       0
       0
       0
       0
       0
       0
       0
       0
       0
       0
       0
       0
       0
       0
       0
       0
       0
$ROI:
1
712 830
$PRESETS:
None
0
0
$ENER_FIT:
-23.656767 2.297974
$MCA_CAL:
3
-2.365677E+001 2.297974E+000 2.836717E-005 keV
$SHAPE_CAL:
3
0.000000E+000 0.000000E+000 0.000000E+000
