$SPEC_ID:
No sample description was entered.
$SPEC_REM:
DET# 1
DETDESC# DESKTOP-I499GD2 Easy-MCA-2k SN 18191655
AP# Maestro Version 7.01
$DATE_MEA:
02/29/2024 12:11:26
$MEAS_TIM:
65 66
$DATA:
0 2047
       0
       0
       0
       0
       0
       0
       0
       1
      59
      43
      41
      50
      39
      51
      53
      44
      53
      44
      54
      40
      41
      48
      41
      54
      50
      56
      48
      58
      60
      54
      68
      69
      64
      66
      83
      85
      66
      72
      77
      78
      99
      73
      86
     104
      91
     126
     123
     107
     114
     109
     111
     130
     122
     107
     129
     130
     122
     143
     147
     143
     148
     160
     137
     152
     191
     144
     128
     156
     159
     149
     165
     140
     166
     161
     134
     124
     141
     144
     138
     138
     152
     135
     154
     159
     163
     143
     149
     142
     147
     131
     142
     141
     120
     128
     145
     138
     121
     159
     141
     145
     140
     135
     129
     135
     128
     130
     119
     133
     142
     142
     149
     128
     123
     126
     116
     118
     111
     109
     107
     127
     114
     118
      87
      98
     103
     108
      93
      98
     102
      99
     104
      99
     100
      78
      96
      85
     104
      93
      73
      86
      77
      89
      90
      91
      79
      90
      55
      77
      69
      77
      78
      75
      66
      87
      72
      54
      84
      87
      70
      74
      57
      60
      74
      55
      50
      59
      57
      71
      80
      67
      63
      63
      52
      65
      59
      65
      68
      56
      56
      50
      55
      56
      61
      67
      50
      45
      54
      61
      58
      68
      49
      44
      42
      47
      43
      60
      48
      60
      50
      62
      45
      56
      55
      42
      47
      62
      55
      55
      31
      41
      57
      50
      56
      56
      38
      61
      65
      68
      82
      75
      94
      87
      89
     124
     108
     117
     123
     148
     116
     125
     129
     114
     116
     130
     101
     100
      93
      71
      70
      71
      55
      45
      39
      51
      38
      44
      39
      30
      39
      41
      34
      45
      29
      39
      24
      24
      40
      40
      29
      29
      38
      39
      30
      35
      40
      44
      42
      35
      35
      33
      32
      36
      30
      27
      33
      25
      39
      33
      36
      41
      30
      34
      29
      26
      29
      21
      37
      22
      39
      33
      26
      38
      36
      38
      37
      33
      21
      31
      33
      30
      28
      29
      25
      25
      27
      31
      41
      25
      32
      26
      38
      30
      34
      32
      26
      34
      32
      28
      39
      32
      29
      27
      28
      33
      33
      37
      34
      29
      39
      39
      31
      30
      34
      35
      29
      24
      25
      31
      24
      36
      24
      31
      26
      26
      31
      23
      25
      38
      28
      27
      28
      24
      32
      30
      26
      32
      25
      25
      27
      23
      23
      27
      19
      23
      30
      30
      28
      28
      22
      38
      36
      23
      31
      29
      25
      26
      23
      22
      34
      17
      27
      22
      18
      21
      27
      30
      14
      23
      27
      19
      25
      30
      27
      27
      20
      23
      22
      22
      24
      33
      23
      30
      21
      29
      28
      26
      29
      27
      16
      23
      24
      23
      25
      22
      19
      21
      19
      32
      16
      33
      13
      28
      26
      19
      19
      24
      24
      22
      26
      28
      20
      25
      24
      23
      19
      22
      14
      24
      32
      29
      11
      18
      17
      26
      16
      20
      25
      24
      19
      21
      35
      17
      18
      21
      25
      20
      26
      16
      24
      32
      24
      18
      28
      20
      15
      24
      19
      21
      18
      28
      28
      26
      33
      22
      20
      22
      26
      30
      20
      29
      21
      23
      24
      30
      19
      22
      25
      21
      28
      14
      27
      29
      26
      27
      26
      26
      33
      21
      25
      20
      37
      29
      25
      21
      17
      26
      27
      25
      15
      19
      15
      23
      20
      22
      21
      16
      28
      28
      25
      24
      15
      19
      29
      18
      21
      20
      17
      19
      21
      26
      20
      23
      23
      22
      20
      15
      28
      15
      14
      27
      24
      30
      17
      23
      25
      22
      27
      33
      25
      23
      22
      27
      26
      28
      17
      21
      17
      18
      27
      28
      31
      29
      28
      27
      26
      21
      18
      23
      21
      19
      26
      36
      26
      16
      21
      26
      19
      16
      29
      24
      25
      16
      24
      25
      24
      26
      19
      21
      23
      22
      20
      17
      18
      20
      20
      27
      18
      28
      20
      18
      30
      22
      21
      24
      26
      27
      15
      25
      21
      19
      30
      19
      25
      26
      20
      27
      19
      17
      14
      30
      19
      31
      27
      29
      28
      25
      28
      27
      29
      27
      27
      33
      27
      24
      29
      27
      31
      27
      27
      27
      23
      22
      31
      26
      20
      22
      22
      27
      24
      29
      22
      19
      20
      22
      19
      24
      19
      22
      11
      21
      13
      18
      27
      13
      23
      20
      13
      12
      19
      12
      13
      13
      19
      13
      12
      12
      23
      23
      18
      18
      12
      11
      13
       9
      18
       8
      13
      15
      12
       9
      14
      13
      15
      11
      10
      14
      13
      11
       9
       8
       9
      14
      14
      15
       7
      11
       9
      12
       6
      10
       9
      13
      10
       6
       8
      17
       9
      11
       9
      13
      13
      14
      12
       7
      18
       6
      14
      13
      11
      15
      16
      21
      14
      16
      17
      21
      18
      18
      33
      19
      26
      33
      36
      52
      37
      39
      36
      58
      58
      55
      60
      59
      69
      61
      61
      68
      68
      68
      64
      84
      77
      89
      93
      94
      90
      87
      75
      71
      83
      72
      83
      64
      51
      75
      64
      67
      53
      50
      50
      52
      38
      43
      33
      34
      37
      25
      18
      21
      17
      21
      17
      24
      20
      14
      14
      12
      13
      10
       9
      14
       8
      15
       8
       9
       5
       9
       7
      10
       3
       7
      12
       6
       7
      10
       5
       3
       7
       4
       2
      10
       9
       7
       9
       6
       3
       8
       6
       4
       5
       8
      11
       5
       8
       3
      11
       7
       5
       7
       4
       7
       4
       4
       2
       6
       5
       5
       8
      11
       6
       2
      10
       4
       6
       6
       8
       8
       4
       4
       8
       4
       5
       5
      13
       7
       9
       8
       4
       8
       7
       4
       9
      12
       7
       6
       7
       5
       6
       3
       5
      10
       5
       5
       6
       6
       5
       9
       6
       9
       4
       7
       2
       3
       6
       4
       4
       7
       4
       3
       6
       6
      14
       3
       8
       5
       7
       8
       5
       5
       6
       7
       2
       5
       3
       3
       6
       9
       5
       8
       8
       5
       3
       8
       6
       3
       4
       9
       6
       7
       4
       9
       4
       3
       8
       7
       7
       6
       4
       9
       3
       5
      10
       5
       7
       8
       5
       5
       4
       9
       5
       7
       7
       8
       4
       4
       7
       2
       6
       5
       3
       3
       6
       9
      10
       2
       4
       7
       6
      11
       4
       2
       6
      11
       3
       4
       7
       8
       6
      10
       6
       6
       4
       4
       3
      11
       8
       6
      10
      13
      15
       8
       5
       7
       7
       6
       8
      12
      12
       6
       9
       8
       9
       8
       8
       9
       7
      11
       6
       6
       5
       8
       8
       4
      11
       8
       9
       3
       2
       6
       4
       7
       6
       9
       5
       6
       6
       8
       3
       3
       9
       3
       3
       6
       4
       3
       7
       4
       5
       7
       4
       8
      10
       9
       6
       8
      13
       5
       6
       7
       5
       5
       4
       4
       6
      10
       4
       5
       6
      10
       7
       6
       4
       5
       3
       6
      12
       0
       4
       2
       5
       6
       6
       5
       5
       3
       2
       1
       5
      10
       8
       6
       7
       3
       5
       2
       7
       5
       7
       4
       8
       5
       6
       8
      11
       2
       6
       7
       4
       4
       2
       7
       9
       6
       4
       6
       7
       5
       7
       3
       9
       3
       4
       5
       2
       4
       4
       2
       4
       2
       4
       8
       1
       1
       6
       3
       4
       4
       6
      10
       3
       9
       2
       5
       4
       3
       5
       2
       3
       3
       0
       5
       1
       4
       1
       2
       3
       2
       3
       3
       4
       3
       7
       2
       5
       2
       4
       7
       5
       4
       6
       5
       4
       4
       3
       4
       1
       7
       8
      10
       4
       3
       2
       5
       5
       7
       4
       3
       5
       3
      11
       3
       4
       8
       6
       7
      13
       8
       3
       9
       9
       9
      10
      13
      11
      13
       6
       9
      15
      11
       9
      11
      10
      13
       7
       9
      11
      14
       7
      12
      11
       6
       7
       8
       7
       8
       7
      11
       6
       7
      12
      13
      12
       5
       6
      10
      10
      13
       6
       6
       4
       7
       5
       4
       3
       9
       9
       4
       5
       4
       6
       5
       2
       6
       4
       4
       3
       5
       5
       1
       4
       5
       2
       5
       2
       6
       3
       3
       6
       6
       4
       4
       4
       4
       1
       0
       2
       5
       3
       4
       4
       7
       5
       3
       2
       5
       5
       5
       3
       6
       2
       3
       4
       5
       3
       5
       2
       3
       1
       3
       1
       5
       4
       3
       3
       4
       2
       3
       4
       3
       1
       3
       3
       3
       6
       3
       4
       6
       6
       1
       2
       3
       5
       1
       5
       5
       4
       2
       4
       4
       3
       2
       3
       3
       1
       5
       4
       1
       2
       4
       4
       5
       0
       2
       0
       4
       6
       2
       3
       5
       5
       3
       1
       3
       2
       2
       3
       8
       2
       0
       4
       3
       5
       3
       4
       4
       1
       3
       2
       2
       3
       2
       3
       0
       5
       1
       4
       2
       2
       3
       5
       3
      10
       5
       5
       3
       2
       3
       4
       3
       3
       4
       4
       4
       4
       4
       2
       1
       2
       4
       2
       4
       3
       3
       4
       3
       4
       3
       4
       3
       2
       2
       2
       2
       0
       3
       3
       1
       4
       4
       4
       3
       3
       5
       1
       5
       5
       3
       2
       4
       3
       3
       2
       3
       3
       2
       2
       3
       2
       4
       2
       0
       1
       2
       7
       7
       1
       6
       1
       4
       5
       3
       1
       7
       5
       3
       5
       7
       1
       3
       3
       3
       3
       4
       3
       3
       1
       2
       0
       7
       3
       3
       2
       3
       4
       2
       2
       1
       4
       2
       4
       2
       1
       2
       3
       3
       4
       1
       3
       0
       2
       1
       0
       2
       2
       4
       4
       1
       1
       3
       3
       8
       3
       1
       4
       5
       4
       4
       7
       7
       5
       1
       4
       1
       2
       2
       3
       5
       4
       2
       3
       2
       5
       5
       0
       2
       3
       1
       2
       5
       1
       6
       0
       5
       2
       4
       0
       3
       5
       4
       4
       2
       4
       4
       4
       4
       6
       4
       5
       4
       4
       1
       1
       3
       0
       3
       3
       3
       3
       2
       1
       8
       2
       4
       2
       2
       5
       1
       3
       6
       4
       2
       5
       4
       5
       3
       3
       3
       8
       3
       0
       4
       2
       3
       4
       4
       0
       2
       6
       3
       2
       2
       5
       4
       4
       3
       2
       3
       5
       4
       5
       2
       2
       4
       4
       1
       5
       2
       2
       3
       0
       5
       4
       6
       3
       4
       3
       1
       1
       6
       1
       3
       3
       8
       6
       2
       5
       5
       6
       5
       2
       4
       0
       2
       5
       3
       2
       4
       2
       0
       5
       1
       0
       1
       5
       4
       4
       3
       1
       5
       0
       4
       3
       4
       1
       4
       3
       5
       3
       4
       1
       6
       3
       2
       5
       3
       6
       4
       3
       3
       5
       2
       3
       2
       1
       1
       2
       4
       2
       4
       4
       2
       2
       5
       5
       3
       3
       6
       6
       2
       3
       3
       3
       5
       2
       4
       5
       4
       3
       0
       4
       3
       7
       9
       1
       1
       3
       3
       3
       0
       3
       4
       3
       6
       4
       3
       2
       3
       3
       6
       2
       2
       3
       1
       4
       4
       4
       1
       4
       3
       4
       4
       5
       2
       1
       2
       2
       4
       2
       3
       1
       4
       5
       5
       3
       3
       4
       5
       1
       3
       1
       2
       3
       1
       7
       3
       2
       5
       7
       1
       4
       3
       1
       2
       2
       3
       4
       3
       2
       2
       4
       2
       2
       2
       0
       3
       5
       3
       6
       2
       1
       6
       2
       2
       2
       4
       4
       3
       2
       5
       5
       6
       3
       2
       2
       6
       4
       0
       1
       3
       3
       2
       2
       4
       4
       4
       4
       2
       5
       4
       3
       2
       4
       4
       4
       1
       4
       4
       2
       4
       6
       5
       1
       3
       6
       3
       5
       5
       2
       4
       4
       4
       4
       3
       1
       0
       6
       2
       1
       5
       1
       1
       2
       6
       2
       2
       5
       4
       7
       3
       6
       1
       2
       3
       3
       1
       6
       2
       6
       7
       2
       4
       3
       3
       5
       3
       0
       3
       3
       1
       2
       2
       4
       6
       2
       5
       4
       3
       7
       3
       6
       5
       1
       6
       1
       4
       3
       1
       2
       5
       2
       1
       4
       3
       4
       9
       2
       3
       1
       3
       5
       4
       0
       3
       2
       3
       8
       4
       3
       1
       6
       3
       3
       1
       8
       6
       5
       6
       5
       1
       5
       2
      10
       5
       5
       2
       3
       6
       1
       2
       3
       0
       2
       3
       2
       2
       4
       2
       2
       2
       6
       2
       1
       2
       0
       3
       2
       2
       4
       7
       2
       5
       7
       2
       1
       5
       4
       2
       3
       1
       3
       3
       1
       7
       5
       3
       5
       4
       3
       4
       5
       2
       7
       8
       3
       4
       1
       0
       0
       0
       0
       0
       0
       0
       0
       0
       0
       0
       0
       0
       0
       0
       0
       0
       0
       0
       0
       0
       0
       0
       0
       0
       0
       0
       0
       0
       0
       0
       0
       0
       0
       0
       0
       0
       0
       0
       0
       0
       0
       0
       0
       0
       0
       0
       0
       0
       0
       0
       0
       0
       0
       0
       0
       0
       0
       0
       0
       0
       0
       0
       0
       0
       0
       0
       0
       0
       0
       0
       0
       0
       0
       0
       0
       0
       0
       0
       0
       0
       0
       0
$ROI:
1
712 830
$PRESETS:
None
0
0
$ENER_FIT:
-23.656767 2.297974
$MCA_CAL:
3
-2.365677E+001 2.297974E+000 2.836717E-005 keV
$SHAPE_CAL:
3
0.000000E+000 0.000000E+000 0.000000E+000
