$SPEC_ID:
No sample description was entered.
$SPEC_REM:
DET# 1
DETDESC# DESKTOP-I499GD2 Easy-MCA-2k SN 18191655
AP# Maestro Version 7.01
$DATE_MEA:
02/29/2024 12:25:28
$MEAS_TIM:
74 74
$DATA:
0 2047
       0
       0
       0
       0
       0
       0
       0
       0
      18
      19
      15
      14
      20
      11
       9
      28
      13
      24
      17
      18
      20
      12
      15
      21
      16
      23
      17
      14
      31
      22
      37
      32
      31
      27
      27
      35
      24
      29
      33
      32
      33
      26
      34
      40
      42
      41
      49
      41
      54
      60
      56
      65
      65
      66
      62
      63
      68
      62
      63
      70
      71
      78
      85
      82
      71
      89
      76
      74
      88
      68
      64
      64
      54
      61
      77
      69
      70
      67
      72
      73
      82
      68
      54
      62
      70
      71
      66
      69
      59
      48
      73
      75
      60
      60
      55
      57
      56
      53
      62
      49
      49
      56
      40
      43
      53
      69
      54
      45
      62
      46
      49
      47
      54
      37
      45
      47
      43
      37
      39
      39
      47
      46
      44
      36
      43
      33
      32
      28
      41
      35
      27
      29
      39
      35
      34
      43
      36
      34
      35
      31
      25
      31
      24
      37
      30
      34
      25
      24
      23
      22
      27
      20
      25
      30
      37
      20
      22
      19
      28
      22
      22
      17
      13
      21
      29
      37
      25
      24
      24
      21
      26
      12
      18
      20
      15
      16
      16
      21
      24
      11
      22
      14
       9
      23
      13
      17
      20
      18
      19
      17
      16
      16
      18
      18
      13
      17
      17
      12
       9
      19
       9
      20
      19
      16
      12
      11
      14
      14
      11
      12
      13
      11
      17
      16
      17
      17
      11
      13
      23
      18
      15
      12
      13
      21
      22
       9
      18
      16
      18
      15
      20
      19
      26
      22
      19
      19
      19
      23
      23
      16
       9
      10
      15
       9
      12
       8
      12
      12
       8
      13
      13
      13
      10
      18
      12
      14
       6
       7
      11
       7
      13
      17
      14
       7
      18
      13
       9
       8
      13
      18
      12
      12
      13
       9
      14
       7
       9
       5
      11
      11
       8
      13
       9
       8
      10
       4
       7
       9
       5
       6
       9
       5
       6
       5
       5
       9
       9
      10
       6
       7
      10
       7
      10
      11
       8
      10
       5
       7
       7
       6
       6
       8
      11
       6
       4
      12
       4
       5
       4
       8
       7
       3
       4
       8
       6
       4
       8
       9
       2
       3
       9
       4
       6
       9
       7
       8
       4
       7
       3
       6
       8
       8
       8
       6
       9
       6
       7
       6
       6
      10
       2
       7
       7
      10
      11
       7
       8
      12
       4
       7
       7
       3
      12
       4
       8
      10
      10
       7
       9
      12
       2
       8
       9
       8
       4
       5
       7
       7
      11
       9
       5
      10
       8
       6
       4
      10
       5
       3
       7
       5
       4
       6
       2
       6
       3
       1
       4
       1
       3
       5
       4
       8
       3
       4
       2
       6
       4
       4
       1
       3
      10
       4
       7
       5
       3
       4
       1
       4
       4
       4
       6
       3
       9
       2
       8
       7
       7
       4
       4
       8
       9
       2
       1
       6
       2
       3
       2
       5
       0
       1
       5
       2
       1
       3
       0
       6
       2
       1
       5
       5
       6
       6
       5
       4
       7
       4
       1
       4
       3
       4
       4
       4
       4
       2
       4
       4
       7
       4
       4
       8
       6
       3
       3
      10
       6
       6
      12
       6
       9
       6
      10
       8
       8
      10
       7
       4
      11
       7
       6
       9
       9
       8
      15
      14
       5
       4
       4
      11
       7
      12
       4
       6
       5
       9
       8
       8
       6
       4
       0
       4
       6
       2
       3
       7
       1
       2
       4
       2
       0
       4
       4
       3
       3
       2
       1
       2
       9
       5
       5
       3
       2
       3
       3
       4
       4
       3
       2
       1
       4
       6
       1
       3
       2
       1
       2
       2
       1
       7
       2
       3
       4
       0
       5
       3
       4
       3
       1
       2
       2
       3
       2
       1
       4
       2
       2
       3
       3
       2
       5
       0
       2
       3
       5
       1
       4
       2
       1
       2
       1
       3
       1
       1
       3
       0
       3
       3
       1
       3
       0
       0
       1
       1
       3
       3
       1
       2
       0
       0
       2
       2
       0
       2
       3
       2
       1
       3
       1
       1
       3
       5
       5
       3
       2
       2
       2
       2
       4
       4
       4
       4
       3
       3
       2
       7
       6
       4
       6
       4
       3
       2
       6
       3
       6
       1
       1
       3
       6
       4
       2
       5
       6
       2
       3
       2
       3
       5
       2
       1
       0
       3
       4
       1
       4
       2
       1
       0
       1
       3
       1
       0
       2
       1
       3
       1
       0
       2
       2
       0
       2
       0
       0
       1
       1
       1
       3
       0
       0
       3
       0
       1
       1
       1
       0
       2
       0
       1
       0
       1
       1
       1
       3
       0
       0
       0
       0
       1
       1
       1
       1
       0
       1
       0
       0
       0
       1
       0
       1
       0
       0
       1
       0
       2
       0
       0
       0
       1
       3
       0
       0
       0
       1
       2
       0
       1
       0
       0
       1
       1
       0
       0
       0
       0
       0
       1
       1
       0
       1
       2
       1
       1
       1
       3
       0
       1
       1
       2
       4
       1
       1
       2
       2
       2
       1
       4
       1
       1
       1
       2
       2
       3
       0
       3
       2
       0
       2
       4
       1
       2
       1
       1
       1
       3
       1
       0
       2
       0
       0
       0
       1
       2
       0
       0
       0
       2
       1
       1
       0
       1
       0
       0
       0
       4
       2
       2
       0
       1
       1
       2
       0
       0
       1
       1
       0
       0
       1
       1
       2
       0
       3
       2
       1
       0
       0
       1
       0
       0
       0
       1
       0
       1
       1
       0
       0
       0
       0
       0
       1
       0
       0
       0
       0
       1
       0
       0
       0
       0
       0
       1
       1
       2
       1
       0
       0
       0
       2
       0
       1
       0
       2
       0
       0
       1
       0
       0
       0
       0
       1
       0
       0
       1
       1
       0
       1
       1
       1
       0
       0
       0
       0
       0
       0
       0
       1
       0
       0
       1
       1
       0
       0
       1
       0
       0
       0
       1
       0
       1
       1
       0
       1
       3
       1
       1
       0
       1
       0
       0
       1
       1
       1
       0
       1
       1
       0
       0
       0
       0
       1
       0
       3
       1
       0
       0
       0
       0
       0
       3
       1
       0
       0
       1
       1
       0
       1
       0
       1
       0
       1
       0
       3
       0
       0
       0
       1
       0
       2
       0
       0
       1
       1
       0
       0
       0
       3
       1
       0
       2
       0
       1
       1
       1
       0
       1
       0
       2
       0
       0
       1
       1
       0
       1
       1
       1
       3
       0
       1
       0
       0
       0
       0
       2
       0
       0
       0
       1
       0
       0
       1
       0
       1
       0
       0
       0
       1
       1
       0
       0
       1
       2
       1
       0
       2
       1
       0
       0
       1
       0
       0
       0
       1
       0
       3
       0
       0
       1
       1
       0
       0
       0
       1
       0
       0
       0
       0
       1
       0
       0
       0
       0
       0
       0
       0
       0
       0
       0
       0
       1
       0
       0
       1
       0
       0
       0
       0
       0
       0
       0
       0
       0
       1
       0
       0
       0
       0
       0
       0
       0
       0
       0
       0
       0
       0
       0
       0
       1
       0
       1
       0
       0
       0
       0
       0
       0
       1
       0
       0
       0
       0
       0
       0
       0
       1
       1
       0
       0
       0
       2
       0
       0
       1
       1
       0
       1
       0
       1
       0
       0
       0
       1
       1
       0
       0
       0
       0
       0
       1
       1
       1
       0
       0
       0
       0
       0
       0
       2
       0
       0
       1
       1
       0
       0
       0
       0
       0
       0
       1
       0
       0
       0
       1
       1
       0
       1
       0
       0
       0
       1
       0
       2
       0
       0
       2
       1
       1
       1
       1
       1
       0
       1
       2
       0
       1
       0
       1
       2
       0
       1
       0
       0
       0
       0
       0
       0
       2
       0
       0
       0
       0
       1
       0
       0
       0
       0
       0
       0
       0
       1
       0
       0
       0
       0
       0
       1
       0
       0
       2
       0
       0
       1
       0
       0
       0
       0
       0
       1
       0
       0
       1
       1
       1
       3
       0
       0
       0
       0
       1
       0
       1
       1
       0
       0
       2
       0
       0
       0
       1
       0
       0
       0
       0
       1
       0
       0
       0
       0
       0
       0
       0
       0
       0
       0
       0
       0
       0
       0
       0
       0
       0
       1
       0
       0
       0
       0
       0
       0
       1
       0
       0
       0
       1
       0
       0
       0
       0
       0
       0
       0
       0
       2
       0
       0
       0
       0
       0
       0
       0
       0
       0
       0
       0
       1
       0
       0
       0
       0
       0
       0
       1
       1
       0
       0
       1
       0
       0
       0
       0
       0
       0
       0
       0
       0
       0
       0
       0
       0
       0
       1
       1
       0
       0
       0
       1
       0
       0
       0
       0
       0
       0
       0
       0
       0
       0
       1
       0
       0
       0
       0
       1
       0
       0
       0
       0
       0
       1
       1
       0
       0
       0
       1
       0
       0
       0
       0
       0
       1
       0
       0
       0
       1
       0
       0
       1
       0
       0
       1
       0
       0
       0
       0
       0
       1
       1
       1
       0
       0
       0
       0
       0
       0
       0
       0
       0
       0
       0
       0
       0
       0
       1
       0
       0
       0
       0
       0
       0
       0
       0
       1
       0
       0
       0
       0
       0
       0
       0
       0
       0
       0
       1
       0
       0
       1
       0
       0
       0
       0
       0
       0
       0
       0
       0
       0
       0
       0
       1
       0
       0
       0
       1
       0
       0
       0
       0
       0
       1
       0
       0
       1
       0
       1
       0
       0
       0
       0
       0
       1
       0
       0
       0
       1
       0
       0
       0
       0
       0
       1
       0
       0
       0
       0
       0
       0
       0
       0
       1
       0
       0
       0
       0
       1
       1
       1
       0
       0
       0
       0
       0
       0
       0
       1
       0
       1
       0
       0
       0
       1
       1
       1
       2
       1
       0
       0
       0
       0
       0
       0
       0
       1
       0
       1
       0
       1
       0
       0
       0
       0
       0
       0
       0
       0
       0
       0
       0
       0
       0
       0
       1
       0
       0
       0
       0
       0
       0
       0
       0
       0
       0
       0
       0
       0
       0
       0
       0
       0
       0
       0
       1
       0
       0
       0
       0
       0
       0
       0
       0
       0
       0
       0
       0
       0
       1
       0
       0
       0
       0
       0
       1
       0
       0
       0
       0
       0
       0
       0
       1
       0
       1
       0
       0
       0
       0
       0
       0
       0
       0
       0
       0
       0
       0
       0
       0
       1
       0
       0
       0
       0
       1
       0
       0
       0
       0
       1
       0
       0
       0
       0
       0
       0
       0
       1
       0
       1
       0
       0
       1
       0
       0
       0
       0
       0
       0
       0
       0
       0
       0
       0
       1
       0
       0
       0
       0
       1
       0
       0
       0
       0
       0
       0
       0
       0
       1
       1
       0
       0
       0
       0
       0
       0
       1
       0
       0
       0
       0
       1
       0
       0
       0
       1
       0
       1
       0
       1
       0
       0
       1
       0
       0
       0
       0
       3
       0
       0
       0
       0
       0
       2
       0
       0
       0
       0
       0
       1
       0
       0
       0
       0
       0
       0
       0
       0
       0
       1
       0
       0
       1
       0
       0
       0
       0
       0
       0
       0
       0
       0
       0
       0
       0
       0
       0
       0
       0
       0
       0
       0
       0
       0
       0
       0
       0
       0
       0
       0
       0
       0
       0
       0
       0
       1
       0
       0
       0
       0
       0
       0
       0
       0
       1
       0
       0
       0
       0
       0
       0
       0
       0
       0
       1
       0
       1
       0
       0
       0
       0
       0
       0
       0
       0
       0
       0
       0
       0
       0
       0
       0
       0
       0
       0
       0
       0
       0
       0
       2
       0
       0
       1
       1
       0
       0
       0
       1
       0
       0
       1
       0
       0
       0
       0
       1
       0
       0
       0
       0
       0
       0
       1
       0
       1
       0
       0
       0
       0
       0
       0
       0
       0
       0
       0
       0
       0
       0
       0
       0
       0
       1
       0
       1
       0
       0
       0
       0
       0
       0
       0
       0
       0
       0
       0
       0
       0
       0
       0
       1
       0
       0
       0
       0
       0
       0
       0
       1
       0
       0
       0
       0
       0
       0
       0
       0
       0
       0
       1
       0
       1
       1
       0
       0
       0
       0
       0
       0
       0
       0
       0
       0
       0
       0
       0
       0
       0
       0
       0
       0
       0
       0
       0
       1
       1
       0
       0
       0
       0
       0
       0
       1
       0
       0
       0
       0
       0
       0
       0
       0
       0
       1
       0
       0
       0
       0
       0
       0
       0
       0
       0
       0
       1
       0
       0
       0
       0
       0
       0
       0
       0
       1
       0
       1
       0
       0
       0
       0
       0
       1
       0
       0
       1
       0
       1
       0
       0
       0
       0
       0
       0
       0
       0
       0
       0
       1
       0
       0
       0
       0
       1
       1
       0
       1
       0
       0
       1
       0
       0
       1
       0
       1
       0
       0
       0
       0
       0
       0
       0
       1
       0
       0
       0
       0
       0
       0
       0
       0
       0
       0
       0
       0
       0
       0
       0
       2
       1
       0
       1
       0
       0
       1
       0
       0
       0
       0
       0
       0
       0
       0
       1
       0
       0
       0
       0
       0
       0
       0
       0
       1
       1
       0
       0
       0
       0
       0
       0
       0
       0
       0
       0
       0
       0
       0
       0
       0
       0
       0
       0
       0
       0
       0
       0
       0
       0
       0
       0
       0
       0
       0
       0
       0
       0
       0
       0
       0
       0
       0
       0
       0
       0
       0
       0
       0
       0
       0
       0
       0
       0
       0
       0
       0
       0
       0
       0
       0
       0
       0
       0
       0
       0
       0
       0
       0
       0
       0
       0
       0
       0
       0
       0
       0
       0
       0
       0
       0
       0
       0
       0
       0
       0
       0
       0
       0
       0
       0
       0
       0
$ROI:
1
712 830
$PRESETS:
None
0
0
$ENER_FIT:
-23.656767 2.297974
$MCA_CAL:
3
-2.365677E+001 2.297974E+000 2.836717E-005 keV
$SHAPE_CAL:
3
0.000000E+000 0.000000E+000 0.000000E+000
