$SPEC_ID:
No sample description was entered.
$SPEC_REM:
DET# 1
DETDESC# DESKTOP-I499GD2 Easy-MCA-2k SN 18191655
AP# Maestro Version 7.01
$DATE_MEA:
02/29/2024 12:17:41
$MEAS_TIM:
39 39
$DATA:
0 2047
       0
       0
       0
       0
       0
       0
       0
       1
      31
      24
      24
      23
      17
      19
      25
      32
      15
      25
      32
      19
      17
      21
      15
      17
      25
      21
      20
      15
      30
      37
      27
      31
      33
      34
      33
      21
      38
      31
      35
      28
      35
      36
      49
      31
      38
      42
      43
      44
      57
      54
      52
      51
      48
      59
      55
      57
      71
      67
      53
      50
      57
      60
      87
      81
      73
      75
      67
      71
      70
      69
      61
      60
      75
      79
      71
      48
      77
      58
      53
      55
      63
      75
      77
      67
      59
      67
      70
      55
      77
      55
      49
      56
      62
      66
      59
      49
      57
      58
      69
      52
      62
      68
      44
      49
      57
      62
      70
      60
      51
      52
      70
      63
      50
      51
      48
      48
      62
      43
      43
      37
      48
      50
      40
      47
      43
      41
      37
      44
      52
      37
      45
      40
      43
      38
      44
      42
      33
      38
      33
      37
      35
      36
      46
      34
      40
      32
      40
      35
      39
      36
      29
      33
      25
      37
      30
      30
      44
      23
      33
      27
      39
      31
      31
      21
      26
      25
      29
      30
      29
      26
      32
      19
      28
      31
      24
      31
      24
      15
      34
      19
      22
      24
      20
      22
      14
      21
      20
      26
      24
      24
      20
      17
      27
      25
      13
      19
      23
      15
      17
      24
      19
      19
      24
      23
      15
      19
      20
      18
      25
      18
      19
      18
      18
      27
      25
      26
      17
      27
      43
      36
      35
      39
      39
      44
      52
      40
      50
      35
      55
      55
      44
      38
      42
      44
      31
      34
      36
      29
      24
      29
      22
      27
      16
      34
      16
      20
      21
      15
      13
      16
      13
      12
      13
      11
      19
      13
      10
       7
      15
      11
      17
      16
      15
      18
      19
      19
      18
      16
      11
      13
      12
      13
      17
       9
      16
       4
      17
      14
      23
      18
      19
      13
      17
      13
      11
      20
      23
      13
      20
      20
       8
       7
      15
      20
      12
      10
      12
      12
      13
      11
      11
      12
      11
      15
       8
      12
      16
      11
      16
      14
      14
      14
      14
       6
      11
       8
       9
       5
      13
      12
       8
       8
      10
      13
      10
       6
      16
       9
      13
      14
      20
       7
      11
      13
       7
      12
      14
      10
      12
      12
      14
      15
       8
      15
      17
       6
      13
       7
      14
      11
      14
      11
      13
      11
      12
      11
      15
       9
      14
      10
      12
      14
      10
      11
      13
      12
      13
       9
      10
      13
      12
      13
       7
       8
       4
       9
      11
       8
      12
      11
      16
      19
       3
       9
      13
      14
      12
      14
       6
      10
       9
      12
       6
       7
       9
      19
      10
      13
       7
      11
       8
       6
       2
      15
      11
       5
      12
       7
       5
       5
       8
       6
       8
      16
       9
       6
       5
       7
       8
       8
      13
       7
       7
      12
      11
       3
       6
      10
      11
       7
       9
      10
       7
       5
       5
       5
       5
      12
       6
       4
       4
      11
       5
       6
       2
       9
       7
       6
       8
       8
       8
      13
       8
      12
       7
       8
       8
       7
       8
      10
       9
       9
      10
      10
      10
       5
      11
       7
      14
      16
       7
       6
       4
       9
       2
       9
      10
      11
      14
       9
      19
      10
      14
      12
       9
       9
       8
       8
       8
      14
      13
       4
      10
      10
       5
      16
      12
      12
      11
       8
       6
       6
      12
       8
       8
       3
      10
       7
      13
      12
      13
       6
       9
       8
       8
       6
       6
       8
      11
      11
       6
      10
       8
       7
       8
       7
       4
       9
       6
       5
       6
       8
      10
       3
      11
      12
      12
      11
      10
       9
       6
       8
      10
       8
       7
      11
      12
      10
       8
      13
      11
      18
      10
       7
       8
      12
      11
       7
      11
       7
       8
       8
       9
      14
      11
      16
       7
      12
       9
      10
       7
       8
       8
      10
       5
       6
      13
       2
      12
       9
       5
       9
       9
       6
      10
       5
       8
       6
      13
       7
      11
       7
      14
       5
       8
      11
       9
       8
       9
       9
       8
       6
       8
       6
      10
      14
       7
       9
       5
       4
       6
       9
      12
       8
       7
       8
      12
      17
       8
      10
       7
      10
       7
      11
       6
       4
      11
       9
       8
       9
      11
       9
       9
      11
      12
       4
       9
       7
       5
       6
       6
       8
       7
       9
       6
       8
       5
      10
       9
       7
       9
       7
       9
      10
       9
       4
       5
      12
       1
       2
       6
      11
       3
       1
       6
       7
       7
       4
       7
       3
      12
       3
       6
       9
       8
       8
       4
       4
       7
       3
       4
       3
       3
       4
       3
       5
       3
       1
       1
       3
       5
       3
       4
       7
       7
       3
       3
      10
       2
       5
       6
       6
       3
       1
       8
       2
       3
       5
       3
       6
       3
       3
       2
       4
       4
       3
       2
       5
       3
       3
       3
       6
       6
       4
       3
       1
       6
       4
       4
       5
       6
       8
       6
       6
      11
       4
       6
       7
      14
      11
       9
      11
      13
      15
      11
      11
      18
      20
      18
      17
      28
      26
      24
      24
      25
      33
      30
      22
      37
      26
      27
      30
      48
      27
      36
      27
      25
      27
      36
      27
      29
      30
      26
      25
      22
      24
      28
      16
      24
      17
      19
       8
      11
      13
      17
      12
      14
       7
       6
       6
       6
       5
       6
       8
       5
       5
       2
       9
       1
       3
       3
       5
       4
       5
       2
       2
       1
       4
       2
       4
       5
       1
       2
       3
       2
       2
       3
       7
       1
       3
       7
       3
       1
       3
       4
       2
       2
       2
       6
       2
       2
       6
       2
       0
       2
       3
       4
       2
       3
       1
       3
       2
       1
       3
       2
      10
       2
       4
       3
       1
       2
       3
       2
       3
       0
       3
       0
       3
       4
       1
       3
       1
       3
       4
       0
       0
       2
       4
       2
       3
       1
       4
       3
       1
       2
       2
       2
       0
       2
       2
       6
       4
       3
       4
       3
       1
       1
       7
       5
       1
       2
       3
       2
       0
       1
       4
       1
       2
       2
       3
       3
       2
       5
       2
       1
       1
       2
       1
       2
       1
       1
       1
       4
       3
       2
       2
       3
       1
       1
       2
       2
       2
       2
       2
       1
       1
       1
       2
       2
       5
       4
       1
       3
       2
       3
       1
       3
       4
       2
       2
       0
       0
       1
       1
       2
       3
       0
       3
       3
       1
       2
       3
       1
       2
       6
       2
       1
       2
       2
       1
       1
       2
       3
       3
       3
       2
       5
       4
       3
       2
       1
       0
       2
       2
       1
       0
       1
       3
       2
       2
       2
       3
       6
       3
       3
       3
       1
       5
       1
       1
       2
       2
       5
       8
       2
       2
       4
       1
       3
       5
       4
       3
       3
       5
       3
       2
       3
       2
       4
       2
       3
       1
       2
       2
       1
       1
       1
       3
       3
       1
       2
       4
       7
       2
       4
       2
       1
       0
       2
       3
       3
       2
       5
       5
       2
       4
       4
       6
       2
       2
       3
       3
       2
       2
       1
       6
       3
       3
       4
       3
       2
       1
       1
       1
       2
       0
       1
       1
       0
       0
       1
       1
       1
       3
       1
       1
       3
       0
       2
       1
       1
       4
       2
       1
       2
       4
       3
       3
       2
       1
       1
       2
       1
       2
       1
       0
       5
       2
       1
       2
       1
       2
       2
       5
       3
       5
       3
       1
       2
       0
       0
       0
       1
       1
       1
       2
       3
       3
       0
       2
       1
       4
       2
       5
       1
       2
       0
       2
       4
       1
       2
       1
       3
       3
       1
       0
       2
       3
       2
       1
       3
       2
       1
       1
       2
       3
       2
       1
       2
       0
       1
       2
       5
       5
       1
       0
       3
       0
       2
       0
       1
       2
       0
       0
       2
       0
       2
       0
       1
       3
       0
       3
       1
       1
       3
       3
       1
       2
       1
       4
       1
       2
       2
       1
       2
       2
       2
       1
       4
       1
       1
       1
       2
       1
       4
       5
       4
       4
       1
       2
       2
       1
       2
       2
       0
       3
       3
       2
       3
       3
       8
       3
       3
       5
       7
       4
       7
       6
       2
       3
       6
       7
       2
       1
       4
       5
       3
       4
       1
       2
       2
       2
       4
       3
       0
       2
       2
       2
       5
       2
       1
       3
       5
       4
       7
       1
       0
       2
       3
       1
       0
       0
       2
       0
       2
       4
       2
       0
       1
       2
       3
       2
       1
       0
       1
       0
       2
       1
       1
       1
       2
       2
       0
       1
       0
       0
       0
       0
       1
       0
       1
       0
       3
       2
       1
       2
       3
       2
       0
       0
       2
       2
       1
       0
       0
       1
       1
       3
       0
       1
       0
       2
       1
       0
       2
       0
       1
       0
       1
       0
       2
       0
       1
       3
       1
       1
       1
       0
       2
       0
       2
       4
       2
       0
       1
       2
       2
       1
       1
       3
       1
       1
       0
       1
       0
       1
       2
       1
       0
       0
       4
       1
       0
       2
       2
       1
       2
       1
       1
       0
       1
       0
       3
       0
       1
       0
       0
       0
       2
       0
       1
       0
       0
       1
       1
       0
       3
       2
       1
       3
       0
       3
       0
       1
       2
       2
       1
       1
       0
       1
       0
       0
       1
       0
       0
       2
       1
       4
       1
       2
       2
       1
       3
       3
       1
       0
       4
       0
       1
       0
       0
       2
       2
       1
       2
       1
       3
       2
       1
       1
       5
       1
       2
       3
       1
       2
       2
       1
       0
       0
       2
       0
       0
       1
       1
       2
       2
       1
       1
       0
       2
       2
       1
       2
       3
       0
       1
       2
       0
       0
       0
       1
       2
       1
       0
       1
       3
       2
       0
       2
       1
       2
       5
       0
       1
       1
       0
       0
       0
       0
       0
       1
       2
       2
       1
       3
       1
       0
       0
       0
       1
       1
       0
       0
       2
       1
       1
       4
       1
       4
       1
       2
       0
       0
       0
       4
       2
       1
       1
       0
       1
       2
       4
       2
       3
       2
       1
       2
       1
       1
       0
       2
       0
       0
       1
       2
       4
       2
       1
       0
       1
       0
       1
       1
       1
       0
       1
       2
       0
       0
       1
       0
       1
       2
       0
       1
       0
       3
       1
       2
       0
       0
       2
       1
       0
       0
       1
       1
       0
       2
       0
       1
       4
       0
       1
       0
       2
       0
       0
       1
       1
       0
       0
       1
       2
       0
       0
       0
       2
       2
       1
       2
       3
       3
       0
       0
       3
       1
       2
       2
       1
       0
       1
       1
       2
       2
       1
       1
       0
       0
       2
       1
       0
       0
       0
       3
       2
       2
       1
       2
       1
       0
       3
       2
       3
       1
       1
       1
       1
       1
       4
       1
       0
       1
       0
       2
       0
       0
       1
       1
       0
       0
       0
       1
       1
       3
       0
       3
       4
       1
       0
       2
       0
       0
       1
       2
       2
       2
       1
       4
       0
       3
       1
       1
       1
       1
       1
       1
       1
       1
       2
       2
       1
       2
       0
       2
       2
       0
       1
       1
       0
       1
       3
       1
       0
       0
       1
       2
       5
       1
       3
       2
       2
       3
       3
       2
       2
       0
       5
       1
       1
       0
       0
       0
       1
       0
       2
       0
       0
       1
       1
       4
       2
       2
       0
       3
       3
       0
       0
       1
       1
       0
       1
       0
       2
       0
       0
       1
       0
       0
       3
       0
       1
       3
       2
       1
       0
       0
       3
       0
       1
       3
       1
       0
       1
       3
       1
       2
       0
       2
       0
       0
       3
       1
       0
       2
       3
       1
       3
       0
       2
       2
       1
       0
       0
       1
       0
       1
       2
       1
       1
       1
       1
       0
       1
       1
       2
       0
       1
       1
       0
       2
       1
       1
       1
       4
       1
       1
       1
       2
       1
       1
       1
       0
       1
       2
       1
       2
       1
       0
       1
       0
       1
       2
       1
       0
       3
       0
       0
       2
       1
       3
       1
       4
       3
       1
       1
       0
       1
       1
       1
       0
       3
       0
       3
       0
       0
       0
       4
       1
       2
       2
       0
       2
       1
       3
       2
       0
       5
       1
       0
       3
       3
       3
       1
       3
       1
       1
       1
       2
       2
       3
       1
       3
       2
       1
       1
       1
       0
       0
       2
       1
       2
       2
       1
       0
       4
       4
       1
       0
       3
       2
       1
       2
       0
       1
       1
       1
       0
       3
       2
       2
       2
       3
       0
       2
       2
       1
       0
       2
       0
       0
       0
       0
       0
       1
       0
       1
       0
       1
       0
       0
       1
       5
       1
       1
       3
       1
       0
       1
       3
       1
       0
       2
       1
       2
       1
       1
       0
       1
       3
       2
       2
       1
       1
       3
       3
       2
       2
       2
       2
       1
       0
       3
       2
       0
       1
       0
       2
       3
       1
       1
       0
       2
       3
       2
       1
       1
       1
       0
       3
       2
       1
       2
       1
       1
       1
       2
       0
       1
       0
       0
       0
       1
       2
       0
       0
       0
       2
       2
       0
       1
       0
       2
       1
       1
       1
       1
       0
       1
       3
       2
       2
       2
       1
       0
       2
       2
       2
       1
       1
       1
       2
       1
       3
       3
       1
       2
       0
       0
       1
       2
       1
       0
       0
       0
       0
       0
       0
       0
       0
       0
       0
       0
       0
       0
       0
       0
       0
       0
       0
       0
       0
       0
       0
       0
       0
       0
       0
       0
       0
       0
       0
       0
       0
       0
       0
       0
       0
       0
       0
       0
       0
       0
       0
       0
       0
       0
       0
       0
       0
       0
       0
       0
       0
       0
       0
       0
       0
       0
       0
       0
       0
       0
       0
       0
       0
       0
       0
       0
       0
       0
       0
       0
       0
       0
       0
       0
       0
       0
       0
       0
       0
       0
       0
       0
       0
       0
$ROI:
1
712 830
$PRESETS:
None
0
0
$ENER_FIT:
-23.656767 2.297974
$MCA_CAL:
3
-2.365677E+001 2.297974E+000 2.836717E-005 keV
$SHAPE_CAL:
3
0.000000E+000 0.000000E+000 0.000000E+000
