$SPEC_ID:
No sample description was entered.
$SPEC_REM:
DET# 1
DETDESC# DESKTOP-I499GD2 Easy-MCA-2k SN 18191655
AP# Maestro Version 7.01
$DATE_MEA:
02/26/2024 13:02:27
$MEAS_TIM:
81 82
$DATA:
0 2047
       0
       0
       0
       1
       0
       1
       1
       3
      56
      32
      50
      41
      41
      45
      44
      50
      50
      43
      47
      69
      66
      54
      53
      49
      54
      59
      49
      72
      86
     112
     111
     125
     122
     149
     169
     117
      83
      77
      79
     110
      97
      96
      97
     104
     122
     146
     147
     140
     204
     185
     180
     177
     209
     240
     233
     226
     236
     239
     243
     250
     280
     404
     471
     637
     765
     796
     709
     557
     471
     310
     211
     194
     141
     158
     138
     141
     162
     142
     149
     146
     161
     137
     136
     135
     125
     144
     140
     151
     134
     169
     156
     162
     129
     150
     138
     134
     128
     127
     143
     113
     115
     124
     110
     112
     115
     123
      96
     126
      99
      95
      97
      96
     109
     107
     127
      87
      97
     103
      83
     108
      90
      88
      86
     106
      75
      97
      77
      91
      88
      99
      83
      86
      88
      77
      85
      92
      83
      82
      80
      71
      71
      84
      69
      72
      59
      79
      77
      64
      66
      61
      56
      74
      58
      62
      75
      69
      51
      73
      57
      57
      52
      68
      50
      50
      62
      49
      57
      47
      62
      50
      43
      48
      58
      38
      47
      41
      38
      38
      37
      62
      56
      47
      42
      46
      39
      49
      48
      48
      53
      47
      45
      33
      33
      32
      45
      32
      59
      34
      41
      66
      38
      40
      43
      39
      42
      33
      47
      37
      48
      45
      40
      50
      44
      53
      43
      58
      60
      44
      68
      53
      39
      60
      67
      72
      71
      72
      86
      86
      90
      92
      96
      79
      86
      79
      87
      99
      80
      84
      64
      59
      70
      59
      63
      46
      37
      38
      33
      37
      22
      37
      33
      36
      24
      35
      20
      23
      28
      35
      19
      29
      26
      32
      27
      15
      30
      30
      24
      27
      25
      21
      30
      35
      23
      34
      29
      30
      25
      25
      32
      28
      26
      28
      27
      28
      25
      23
      21
      25
      22
      25
      19
      26
      26
      15
      15
      25
      23
      18
      17
      18
      20
      26
      18
      17
      21
      24
      18
      23
      15
      13
      30
      23
      29
      23
      19
      16
      17
      20
      14
      28
      25
      16
      22
      18
      22
      16
      21
      12
      24
      23
      23
      25
      16
      21
      16
      13
      19
      19
      17
      23
      18
      17
      21
      21
      22
      17
      16
      24
      16
      12
      25
      24
      23
      22
      22
      13
      23
      28
      13
      21
      20
      19
      18
      18
      25
      17
      25
      20
      18
      26
      15
      19
      15
      22
      19
      17
      14
      21
      13
      21
      28
      16
      23
      18
      20
      24
      13
      21
      16
      15
      26
      16
      21
      15
      19
       5
      13
      18
      14
      17
      14
      24
      20
      16
      20
      18
      17
      19
      23
      17
      12
      12
      16
      18
      17
      20
      11
      11
      16
      12
      16
      18
      16
      18
      12
      11
      14
      22
      15
      16
      15
      17
      16
      16
      14
      20
      15
      18
      16
      12
      18
       7
      15
      16
      12
      18
      13
      17
      11
      12
      13
      15
      16
      10
      12
      14
      13
      16
      13
      14
      12
      12
      13
      11
      19
      12
      10
      19
      13
      18
      14
      16
      18
      12
      18
      13
      15
      14
      15
       9
      14
      22
      20
      18
      16
      16
      20
      19
      18
      12
      26
      18
      17
      11
      14
      17
      20
      20
      14
      16
      18
      18
      16
      14
      14
      14
      17
      19
      22
      17
      18
      12
      18
      12
      14
      25
      14
      12
      11
      11
      11
      15
      15
      12
      15
      18
      17
      11
      14
       6
      16
      12
      15
      12
      10
      11
      12
      15
      12
      12
       9
       6
      18
      15
      18
      13
       8
      12
      11
       9
      17
      16
      11
      10
      16
      23
      16
      20
      18
      15
      15
      18
      13
      14
      17
      12
      14
      14
      10
      25
      11
      15
      12
      20
       8
      11
      15
      18
      14
      10
      10
      11
       8
      16
      14
      14
       9
      11
       9
      12
      10
      15
      14
      10
      15
       8
      10
      11
      16
       9
      15
       9
      13
      14
      12
      13
      11
      12
      12
      12
      12
      12
      14
      14
      14
      13
      12
      13
      12
      15
      10
      16
      25
      20
       9
       7
      13
      10
      14
      16
      20
      17
       8
      19
      18
      17
      13
      24
      17
      18
      19
      17
      19
      14
      19
      13
      11
      13
      19
      11
      11
      20
      20
      13
      15
      10
      10
       9
      11
      18
      12
      11
      13
      17
       5
      10
      13
      14
      12
       4
      14
       9
       5
       8
       8
       5
       7
      10
       8
       6
       4
       3
      12
       5
       7
       9
       7
      12
       7
       3
       6
       6
       5
       6
       6
       5
       3
       7
       5
       5
       8
       1
       5
       2
       8
       8
       5
       5
       6
       5
       4
       8
       2
       8
       3
       5
      10
       6
       3
       7
       6
       3
       9
       5
       6
      12
       6
       5
      11
       2
       8
       6
       2
       4
       4
       5
      11
       9
       5
      13
       8
       8
      11
      11
       5
      12
      10
      17
      18
      23
      19
      22
      20
      20
      19
      20
      23
      34
      28
      27
      31
      34
      35
      43
      40
      34
      33
      33
      38
      36
      39
      40
      39
      32
      41
      43
      47
      23
      44
      41
      35
      31
      23
      23
      30
      23
      31
      27
      23
      24
      18
      15
      24
      19
      18
       8
      14
      15
       9
      11
       7
       9
      10
      10
       6
       5
       6
      10
       8
       9
       4
       5
       5
       3
       5
       3
       5
       4
       5
       8
      10
       3
       6
       2
       5
       8
       7
       3
       4
       5
       1
       2
       3
       4
       3
       3
       5
       8
       4
       3
       5
       4
       2
       2
       4
       8
       4
       1
       4
       5
       2
       6
       5
       5
       5
       6
       2
       4
       1
       1
       3
       5
       3
       3
       1
       5
       6
       3
       1
       6
       1
       6
       1
       2
       5
       6
       0
       2
       3
       3
       5
       5
       4
       2
       0
       3
       3
       9
       3
       2
       3
       1
       5
       5
       3
       4
       1
       2
       1
       5
       2
       7
       3
       1
       2
       5
       3
       5
       4
       6
       3
       4
       2
       2
       1
       3
       2
       3
       4
       3
       5
       2
       4
       4
       3
       3
       3
       3
       3
       3
       6
       4
       4
       5
       2
       1
       6
       2
       3
       3
       5
       8
       3
       5
       4
       4
       6
       4
       4
       4
       2
       1
       6
       8
       5
       2
       4
       4
       2
       3
       3
       2
       4
       6
       2
       2
       2
       1
       5
       2
       5
       5
       9
       6
       1
       3
       3
       5
       3
       7
       4
       3
       3
       1
       6
       3
       3
       1
       8
       3
       6
       5
       2
       3
       2
       1
       1
       3
       7
       2
       2
       3
       3
       3
       1
       3
       4
       5
       0
       5
       2
       3
       2
       4
       3
       2
       2
       3
       4
       2
       6
       1
       2
       9
       2
       1
       2
       8
       5
       7
       6
       3
       4
       5
       2
       7
       5
       6
       5
       3
       1
       2
       2
       3
       3
       0
       3
       3
       1
       2
       5
       5
       4
       6
       3
       6
       3
       1
       3
       1
       3
       4
       4
       2
       3
       4
       5
       2
       3
       3
       2
       3
       2
       4
       0
       6
       5
       3
       0
       1
       1
       1
       3
       2
       2
       4
       1
       3
       3
       5
       5
       3
       2
       1
       3
       4
       2
       4
       2
       3
       2
       2
       1
       5
       2
       5
       5
       2
       3
       3
       4
       5
       4
       2
       4
       3
       4
       2
       2
       7
       4
       1
       3
       2
       2
       3
       2
       1
       1
       3
       6
       4
       4
       4
       2
       4
       2
       4
       4
       4
       3
       3
       3
       5
       3
       4
       2
       3
       5
       2
       0
       6
       1
       4
       0
       3
       3
       3
       5
       3
       6
       4
       1
       1
       5
       2
       3
       2
       2
       2
       1
       3
       3
       6
       3
       2
       3
       6
       5
       6
       5
       1
       0
       1
       1
       3
       4
       0
       4
       4
       1
       3
       4
       5
       4
       4
       2
       3
       5
       1
       2
       4
       5
       4
       1
       3
       6
       3
       1
       2
       2
       2
       4
       3
       0
       4
       2
       2
       2
       4
       2
       3
       6
       2
       1
       5
       2
       3
       3
       2
       2
       5
       1
       5
       1
       5
       5
       3
       4
       4
       5
       4
       0
       2
       3
       1
       2
       1
       2
       1
       3
       1
       4
       2
       2
       4
       1
       3
       2
       3
       2
       2
       0
       1
       3
       3
       3
       3
       1
       4
       0
       2
       3
       0
       1
       1
       1
       3
       3
       3
       3
       3
       0
       1
       3
       2
       1
       4
       1
       4
       2
       6
       2
       1
       3
       2
       4
       1
       1
       3
       0
       2
       4
       2
       0
       2
       4
       1
       4
       2
       2
       2
       3
       0
       6
       1
       2
       3
       5
       1
       2
       1
       4
       2
       6
       4
       3
       4
       5
       4
       0
       4
       2
       2
       3
       0
       3
       2
       6
       1
       2
       5
       2
       3
       2
       7
       1
       3
       0
       0
       0
       1
       4
       3
       4
       1
       3
       4
       4
       2
       1
       3
       3
       1
       2
       3
       3
       1
       4
       3
       1
       1
       3
       3
       1
       1
       1
       2
       4
       3
       1
       1
       3
       3
       3
       2
       1
       4
       1
       2
       6
       3
       1
       0
       2
       2
       0
       3
       1
       2
       3
       4
       5
       2
       1
       1
       0
       3
       3
       3
       2
       1
       1
       3
       4
       0
       0
       2
       1
       1
       5
       4
       0
       3
       4
       2
       1
       2
       2
       2
       4
       1
       0
       3
       0
       2
       3
       3
       2
       3
       3
       0
       3
       1
       2
       1
       4
       3
       4
       2
       3
       1
       3
       4
       1
       2
       2
       3
       3
       5
       1
       2
       6
       3
       2
       4
       2
       1
       3
       2
       0
       2
       3
       2
       1
       5
       6
       0
       3
       3
       4
       3
       1
       2
       2
       0
       4
       5
       5
       1
       1
       2
       0
       0
       0
       6
       2
       3
       3
       3
       6
       4
       4
       1
       0
       4
       4
       2
       2
       4
       4
       2
       2
       2
       1
       3
       5
       3
       3
       3
       2
       1
       3
       2
       3
       2
       4
       2
       3
       4
       3
       3
       1
       5
       0
       4
       2
       2
       2
       4
       3
       3
       0
       3
       4
       2
       2
       2
       2
       3
       0
       0
       6
       0
       3
       2
       5
       4
       6
       3
       1
       5
       1
       2
       7
       3
       0
       2
       2
       0
       4
       2
       5
       3
       1
       5
       4
       2
       0
       1
       7
       1
       7
       1
       1
       2
       2
       3
       2
       2
       3
       2
       6
       3
       5
       1
       6
       2
       3
       5
       4
       1
       2
       5
       5
       2
       2
       1
       1
       3
       0
       0
       4
       3
       4
       1
       2
       1
       2
       1
       0
       0
       5
       3
       5
       3
       3
       3
       6
       3
       3
       2
       2
       5
       2
       4
       2
       1
       3
       3
       5
       1
       4
       5
       4
       1
       2
       2
       2
       4
       3
       3
       2
       1
       1
       3
       3
       6
       4
       0
       0
       2
       1
       4
       3
       2
       1
       4
       3
       2
       0
       3
       2
       2
       3
       5
       2
       6
       1
       1
       4
       4
       7
       3
       3
       1
       5
       3
       6
       3
       3
       4
       3
       3
       2
       1
       4
       4
       3
       3
       2
       2
       3
       2
       2
       0
       4
       5
       1
       4
       2
       4
       2
       0
       2
       0
       1
       5
       1
       3
       5
       4
       2
       5
       5
       2
       0
       6
       3
       3
       2
       1
       3
       5
       2
       3
       4
       2
       1
       4
       4
       4
       4
       6
       2
       3
       3
       2
       4
       5
       5
       1
       6
       4
       3
       5
       3
       0
       1
       1
       0
       4
       3
       3
       3
       3
       3
       4
       4
       2
       2
       0
       0
       1
       2
       1
       1
       4
       5
       2
       4
       3
       5
       3
       1
       3
       3
       5
       4
       4
       3
       4
       1
       5
       3
       4
       6
       5
       2
       4
       1
       3
       4
       3
       3
       6
       7
       1
       1
       3
       2
       2
       7
       6
       2
       4
       5
       2
       1
       2
       3
       4
       4
       3
       7
       1
       2
       0
       3
       3
       3
       2
       5
       1
       8
       6
       4
       1
       2
       3
       2
       0
       2
       5
       1
       3
       3
       4
       0
       2
       4
       2
       4
       1
       3
       2
       2
       5
       5
       2
       4
       0
       5
       1
       2
       2
       3
       3
       5
       3
       3
       3
       2
       0
       2
       2
       1
       2
       4
       3
       2
       7
       4
       1
       2
       3
       2
       4
       2
       1
       2
       6
       1
       3
       1
       5
       2
       4
       2
       1
       4
       3
       3
       2
       3
       3
       3
       4
       3
       4
       4
       2
       4
       2
       3
       3
       3
       2
       2
       3
       2
       3
       2
       7
       3
       2
       0
       2
       4
       3
       1
       3
       7
       3
       5
       4
       0
       2
       2
       2
       2
       3
       2
       1
       4
       4
       0
       2
       3
       3
       1
       5
       2
       2
       4
       0
       6
       3
       5
       0
       4
       5
       2
       7
       0
       0
       0
       0
       0
       0
       0
       0
       0
       0
       0
       0
       0
       0
       0
       0
       0
       0
       0
       0
       0
       0
       0
       0
       0
       0
       0
       0
       0
       0
       0
       0
       0
       0
       0
       0
       0
       0
       0
       0
       0
       0
       0
       0
       0
       0
       0
       0
       0
       0
       0
       0
       0
       0
       0
       0
       0
       0
       0
       0
       0
       0
       0
       0
       0
       0
       0
       0
       0
       0
       0
       0
       0
       0
       0
       0
       0
       0
       0
       0
       0
       0
       0
       0
$ROI:
1
712 830
$PRESETS:
None
0
0
$ENER_FIT:
-23.656767 2.297974
$MCA_CAL:
3
-2.365677E+001 2.297974E+000 2.836717E-005 keV
$SHAPE_CAL:
3
0.000000E+000 0.000000E+000 0.000000E+000
