$SPEC_ID:
No sample description was entered.
$SPEC_REM:
DET# 1
DETDESC# DESKTOP-I499GD2 Easy-MCA-2k SN 18191655
AP# Maestro Version 7.01
$DATE_MEA:
02/26/2024 13:07:12
$MEAS_TIM:
122 122
$DATA:
0 2047
       0
       0
       0
       0
       0
       0
       3
       1
     103
      64
      73
      71
      80
      66
      67
      94
      93
     117
     108
     101
      94
     111
      95
      95
      76
     106
      95
     128
     158
     172
     167
     175
     218
     241
     261
     187
     155
     118
     132
     137
     155
     167
     183
     192
     231
     204
     226
     266
     280
     321
     316
     334
     378
     388
     386
     372
     388
     361
     362
     398
     482
     584
     692
     886
    1113
    1212
    1157
     896
     670
     498
     417
     279
     259
     249
     256
     273
     236
     261
     249
     261
     249
     232
     253
     222
     252
     246
     228
     248
     211
     243
     244
     239
     236
     240
     225
     227
     201
     211
     218
     205
     233
     217
     180
     217
     181
     194
     223
     192
     200
     197
     197
     173
     145
     180
     175
     177
     171
     160
     159
     163
     178
     157
     171
     139
     155
     150
     155
     170
     172
     148
     151
     140
     129
     150
     130
     144
     123
     134
     118
     128
     125
     138
     112
     114
     132
     127
     122
     134
     105
     114
     107
      99
     102
     116
      96
     123
      95
      92
     100
     106
     104
     127
     100
     102
      96
      98
     103
      92
      87
      91
      95
      91
      97
      96
      94
      84
      87
      83
      82
      86
      76
      71
      79
      86
      75
      90
      80
      69
      90
      79
      56
      67
      73
      80
      91
      74
      62
      67
      64
      62
      71
      75
      69
      69
      63
      75
      70
      69
      81
      83
      66
      78
      83
     101
      78
      80
      95
     117
     114
     113
     120
     128
     141
     134
     130
     140
     161
     155
     148
     192
     158
     186
     163
     142
     139
     159
     149
     142
     120
     104
     106
      87
      83
      66
      79
      56
      69
      55
      45
      63
      53
      49
      55
      41
      53
      43
      32
      58
      45
      45
      49
      57
      53
      46
      35
      52
      42
      40
      42
      42
      50
      49
      58
      41
      43
      42
      38
      52
      37
      52
      49
      43
      29
      42
      53
      48
      43
      36
      48
      42
      46
      40
      44
      40
      48
      39
      40
      32
      37
      42
      30
      51
      51
      49
      36
      47
      31
      37
      22
      41
      37
      40
      35
      37
      51
      40
      38
      41
      30
      45
      49
      38
      35
      36
      32
      30
      42
      36
      41
      41
      36
      38
      40
      46
      32
      42
      37
      37
      30
      40
      31
      44
      31
      32
      47
      40
      24
      25
      37
      34
      34
      33
      27
      27
      36
      40
      33
      42
      46
      35
      31
      34
      32
      41
      27
      31
      37
      39
      41
      42
      34
      40
      26
      38
      36
      39
      35
      27
      37
      29
      34
      31
      28
      32
      35
      31
      33
      33
      36
      23
      34
      33
      32
      30
      34
      29
      35
      33
      27
      31
      27
      34
      34
      36
      41
      22
      32
      26
      33
      28
      28
      38
      25
      26
      29
      31
      24
      28
      20
      33
      35
      24
      26
      23
      26
      37
      34
      29
      42
      29
      37
      24
      26
      19
      25
      23
      31
      33
      30
      40
      23
      21
      24
      28
      22
      15
      26
      34
      25
      32
      29
      24
      26
      24
      23
      15
      21
      25
      28
      28
      23
      21
      29
      27
      28
      37
      21
      23
      30
      25
      26
      33
      21
      21
      22
      27
      24
      29
      44
      25
      27
      25
      34
      35
      35
      34
      25
      41
      43
      37
      26
      37
      43
      36
      44
      47
      43
      32
      24
      40
      39
      32
      31
      33
      31
      28
      29
      37
      21
      22
      40
      26
      26
      31
      26
      31
      35
      25
      30
      17
      21
      32
      21
      25
      27
      21
      21
      23
      24
      27
      28
      19
      31
      26
      20
      18
      29
      24
      20
      29
      32
      20
      31
      22
      27
      22
      31
      24
      23
      11
      35
      31
      31
      27
      17
      24
      28
      37
      29
      36
      37
      22
      33
      22
      32
      30
      14
      36
      31
      22
      30
      34
      18
      22
      26
      33
      22
      19
      20
      35
      32
      30
      15
      20
      25
      28
      27
      28
      26
      25
      34
      33
      31
      26
      26
      20
      22
      28
      22
      24
      21
      27
      31
      32
      27
      21
      22
      31
      25
      31
      24
      26
      32
      23
      28
      20
      28
      31
      22
      27
      29
      23
      25
      31
      21
      31
      24
      30
      25
      30
      26
      32
      30
      31
      23
      21
      41
      25
      24
      26
      27
      38
      30
      32
      38
      28
      31
      30
      33
      27
      39
      24
      35
      33
      27
      25
      36
      26
      23
      26
      22
      25
      27
      21
      19
      25
      26
      24
      20
      20
      24
      18
      21
      28
      24
      16
      15
      16
      12
      13
      16
      16
      21
      14
      21
      15
      17
      13
      24
       8
       8
      15
      11
       7
      21
      15
      11
      10
      14
       8
      17
       9
      13
      12
      10
      11
      15
       6
      11
       8
      21
      12
      13
      10
      10
      14
       8
      14
      12
      11
      15
      13
       6
      10
      11
      10
      11
       8
       9
      10
       7
      10
      14
      19
      11
      13
      14
      11
      21
      18
      15
      22
      15
      23
      16
      33
      23
      20
      28
      23
      37
      45
      45
      43
      57
      55
      63
      60
      57
      64
      72
      74
      86
      74
      86
      99
      84
      87
      79
      86
      91
      86
      79
      81
      71
      79
      73
      82
      83
      63
      71
      74
      75
      63
      66
      50
      50
      57
      50
      45
      35
      54
      34
      26
      28
      26
      32
      27
      25
      18
      23
      16
      17
      12
      14
      15
      17
      16
      12
       8
       3
       5
       8
       4
      12
       7
       9
      11
       7
       9
       8
       9
       7
      11
       4
       7
       7
       5
       7
       5
       6
       9
      13
      10
       6
       3
       5
       4
       8
      11
      11
      11
       9
       4
      15
       8
       5
       8
       2
      10
       9
       5
       3
       9
       5
       8
       7
       7
       7
       3
       8
       5
       3
       9
       7
      10
       3
       5
       4
       7
       7
      10
       5
       5
      11
       5
       5
      10
      14
       8
       7
       8
      12
       6
       8
       6
       3
       5
       7
       9
       6
      12
       4
       5
       2
       7
       7
       9
      11
       4
       6
       9
       3
       9
       7
       7
       6
       5
      10
       5
       7
       4
      10
       5
       4
      12
      10
       4
       3
       9
       6
       5
       7
       8
       4
       4
       9
       4
       7
       5
       4
       8
       7
       8
       5
      10
       3
       9
       5
       6
       4
       9
       8
       4
       6
       7
      13
       4
       5
       9
      12
       4
       6
      12
      11
       9
       1
      12
       9
       5
       7
       6
       8
      10
       9
       9
       6
       8
      10
       3
       5
       8
       3
       5
       5
       8
       6
       8
       4
       8
       5
       5
       4
       9
       4
       4
       9
       8
       6
       9
       3
      10
       8
       9
       6
       3
       6
       9
       6
      14
       6
       6
       8
      10
      12
       1
      12
       7
       9
      13
      10
       5
       5
       9
       9
       3
       9
      12
       7
       4
       6
       6
       4
       4
      16
       4
       3
      11
       3
       3
       6
      10
       6
       9
       8
       6
       3
       4
       4
       6
       6
       2
       3
       5
       9
       6
       6
       6
       5
       5
       9
       9
       4
       7
       8
       5
       3
       5
       9
       6
       4
       1
       9
       5
      10
       5
       7
       6
       7
       8
       3
       8
       5
       6
       2
       4
       7
       4
       5
       7
      10
       3
       8
       3
      10
       2
      10
       9
       7
       2
       5
       4
       5
       3
      10
      10
       4
       6
       2
       9
       3
       6
       4
       8
       4
       6
      10
       4
       3
       5
       6
       2
       6
       6
       3
       4
      13
       3
       8
       5
      12
       9
       5
       4
       2
       5
       4
       6
       7
       3
       3
       6
       7
       5
       2
       7
      10
      12
       6
       3
       7
       8
       5
       2
       7
       3
       5
       4
       7
       4
       3
       5
       4
       3
       5
       7
       5
       4
       1
       5
       5
       2
       8
       7
       4
       5
       4
       3
       7
      13
       3
       8
       9
       4
       3
       6
       4
       4
       9
       5
      13
       3
       3
       5
       1
       3
       6
       4
       3
       3
       7
       3
       5
       8
       7
       3
       5
       9
       7
       1
       6
       7
       4
       9
       9
       3
       6
       7
       8
       7
       9
       5
       2
       7
       9
       5
       9
       8
       2
       9
       4
       4
       5
       5
       9
       7
       4
       8
       9
       6
       5
       9
      12
       4
       8
       8
       2
       9
       5
       1
       2
       4
       3
       2
       6
       9
       6
       3
       5
       3
       4
       3
       5
       4
       7
       5
       6
       4
       7
       7
       4
       5
       3
       6
       7
       6
       1
       8
       3
       3
      10
       5
       6
       4
       4
       5
       9
       6
       7
       6
       3
       7
       4
       2
       5
       4
       5
       3
       2
       1
       5
       7
       7
       5
       4
       3
       5
       6
       6
       3
       7
       3
       4
       4
       5
       6
       3
       4
       6
       5
       9
       4
       7
      10
       2
       7
       5
       6
       5
       6
       3
       4
       4
       5
       6
       8
       9
       2
       2
       5
       8
       4
       9
       3
       4
       5
       5
       5
       5
       5
       6
       4
       9
       7
       7
       7
       3
       6
       4
       6
       4
       2
       3
       3
       6
       3
       7
       4
       1
       2
      12
       4
       5
       7
       8
       9
       6
       4
       6
       7
       3
       7
       4
       8
       3
       5
       5
       3
      10
       1
       1
       6
       2
       5
       3
       3
       4
       6
       3
       9
       4
       7
       7
       4
       4
      11
       2
       3
       2
       3
       2
       5
       3
       9
       3
       5
       3
       4
       6
       4
       6
       3
       5
       4
       4
       4
       5
       8
       6
       6
       6
       3
       4
       5
       8
       2
       7
       7
       4
       5
       2
       6
       8
       6
       4
       4
       4
       6
       2
       6
       3
       4
       3
       1
       5
       3
       4
      12
       3
       9
       5
       2
       6
       6
       5
      10
       4
      12
       4
       4
       3
       6
       3
       5
       5
       3
       6
       6
       5
       4
       9
       5
       1
       2
       3
       6
       4
       2
       8
       2
       5
       4
       1
       5
       7
       5
       4
       5
       1
       4
       2
       8
       9
       3
       6
       6
       5
       6
       5
       8
       7
       7
       3
       7
       3
       1
       7
       3
       7
       5
       5
       4
       5
       8
       6
       9
       7
       5
       9
       4
       7
       7
       8
       6
       4
       5
       2
       8
       3
       3
       7
       8
       7
       5
       7
      12
       3
       9
       5
       2
       5
       3
       6
       2
       5
       6
       4
       7
       8
       2
       7
       4
       4
       9
       5
       1
       3
       7
       2
       2
       6
       2
       6
       3
       9
       6
       6
       4
       4
      11
       4
       4
       8
       5
       5
       6
       3
       5
       7
       6
       5
       8
       9
       7
       2
       4
       4
       4
       5
       4
       6
       5
       6
       9
       0
       4
       6
       2
       6
       5
       9
       3
       5
       4
       2
       3
       4
       9
       2
       3
       4
       8
       4
       3
       5
       5
       6
       7
       3
       4
       6
       7
       3
       6
       9
      10
       6
       9
       6
       7
       6
       2
       7
       6
       8
       4
       3
       8
       4
       5
       6
       6
       6
       5
       4
       3
       5
       5
       4
       4
       7
       6
       7
       6
       5
      11
       4
       8
       7
       5
       6
       6
       4
       2
       7
       3
       3
       9
       3
       4
       6
       4
       6
       9
       4
       7
       7
       6
       5
       3
       8
      11
       8
       4
       6
       3
       6
       6
       8
       4
       9
       5
       5
       5
       6
       2
       6
       5
       7
       0
       3
       3
       5
       8
      12
       7
       4
       6
       4
       1
       7
       6
       5
       7
       8
       7
       6
       7
       8
      10
       6
       4
       6
      10
       4
       5
       9
       5
       8
       4
       8
      10
       5
       7
       4
       6
       9
       8
       6
       8
       6
       9
       4
       3
       5
       2
       1
       5
       7
       8
       8
       3
       5
       8
       5
       4
       2
       5
       3
       7
       6
       8
       5
       9
       3
       6
       6
       5
       7
       7
       5
       6
       7
       7
       4
      11
       9
       6
       5
      11
       1
       7
       7
       5
       2
       5
       7
       6
       5
       5
       8
       5
       7
       5
       5
       6
      10
       3
       5
       5
       2
       9
      14
       7
       6
       3
       6
       6
       5
       6
       8
       9
       4
       3
       5
       6
       9
       8
       7
       8
       8
       4
       7
       6
       2
       4
       9
       5
       4
       6
       9
       7
       4
      10
       6
       9
       4
       8
       3
       9
       6
       4
       7
       5
       5
       9
       5
      13
       5
       4
       7
       6
       6
       5
       4
       7
       3
       2
       8
       6
       5
       7
       5
      10
       7
       8
       6
       1
       2
       5
       4
       4
       4
       8
       4
       9
       5
       5
       3
       3
       5
       5
       8
       4
       6
       7
       5
       5
       8
       8
       4
       5
       6
       5
       6
       2
       1
      10
       8
       5
       3
       6
       7
       3
       3
       4
       5
       3
       6
       7
       6
       5
       6
       6
       6
       6
       4
       3
       5
       4
       5
       6
       3
       9
       3
       9
       5
       5
       0
       9
       4
       2
       5
       7
       7
       5
       5
       8
       4
       4
       4
       9
       8
       9
       6
       6
       5
       3
       8
       6
       4
       8
       6
       1
       3
       5
       6
       7
      10
       2
       5
       7
       4
       3
       1
       0
       0
       0
       0
       0
       0
       0
       0
       0
       0
       0
       0
       0
       0
       0
       0
       0
       0
       0
       0
       0
       0
       0
       0
       0
       0
       0
       0
       0
       0
       0
       0
       0
       0
       0
       0
       0
       0
       0
       0
       0
       0
       0
       0
       0
       0
       0
       0
       0
       0
       0
       0
       0
       0
       0
       0
       0
       0
       0
       0
       0
       0
       0
       0
       0
       0
       0
       0
       0
       0
       0
       0
       0
       0
       0
       0
       0
       0
       0
       0
       0
       0
       0
$ROI:
1
712 830
$PRESETS:
None
0
0
$ENER_FIT:
-23.656767 2.297974
$MCA_CAL:
3
-2.365677E+001 2.297974E+000 2.836717E-005 keV
$SHAPE_CAL:
3
0.000000E+000 0.000000E+000 0.000000E+000
