$SPEC_ID:
No sample description was entered.
$SPEC_REM:
DET# 1
DETDESC# DESKTOP-I499GD2 Easy-MCA-2k SN 18191655
AP# Maestro Version 7.01
$DATE_MEA:
02/26/2024 12:52:03
$MEAS_TIM:
156 157
$DATA:
0 2047
       0
       0
       0
       0
       0
       0
       1
       2
      81
      68
      72
      73
      82
      93
      75
     101
      80
      89
     115
     111
      95
      97
      91
      91
      82
      81
      97
     116
     153
     207
     212
     209
     228
     280
     281
     192
     148
     140
     163
     166
     171
     162
     202
     214
     253
     258
     282
     286
     293
     313
     332
     343
     429
     475
     443
     424
     409
     395
     430
     506
     560
     668
     951
    1151
    1474
    1589
    1418
    1157
     838
     581
     395
     353
     287
     277
     259
     257
     248
     259
     254
     293
     245
     238
     248
     231
     248
     278
     232
     259
     222
     248
     246
     256
     252
     245
     252
     216
     215
     210
     199
     189
     183
     200
     185
     191
     179
     189
     188
     176
     174
     224
     175
     178
     179
     196
     147
     171
     169
     154
     167
     159
     147
     161
     133
     167
     151
     130
     138
     161
     137
     169
     150
     133
     134
     150
     114
     129
     131
     123
     137
     130
     115
     121
     102
     106
     108
     119
     103
     100
      89
     110
     100
      88
      99
     100
      95
     114
      88
      89
      94
      86
     100
      91
      73
      93
      85
      99
      75
      77
      66
      87
      65
      73
      94
      56
      90
      75
      72
      87
      60
      67
      58
      59
      62
      89
      56
      64
      73
      60
      77
      78
      55
      66
      74
      50
      72
      71
      58
      60
      73
      59
      72
      71
      49
      63
      55
      76
      75
      56
      65
      81
      74
      79
      86
      77
      83
     107
      98
     102
     108
     102
      95
     109
     124
     105
     118
     139
     127
     143
     144
     127
     143
     115
     134
     113
     125
     106
     105
      94
      94
      87
      88
      67
      67
      58
      63
      58
      71
      58
      43
      41
      43
      36
      38
      46
      41
      49
      34
      52
      44
      46
      49
      40
      41
      38
      40
      36
      42
      44
      37
      34
      47
      46
      43
      41
      41
      43
      40
      50
      40
      28
      46
      31
      37
      42
      31
      37
      33
      43
      42
      52
      35
      29
      35
      32
      27
      46
      29
      28
      39
      34
      26
      32
      30
      32
      27
      35
      29
      28
      22
      28
      27
      40
      20
      22
      35
      23
      27
      30
      26
      33
      35
      26
      36
      28
      23
      34
      31
      36
      35
      37
      27
      28
      38
      24
      30
      38
      37
      23
      21
      37
      26
      33
      31
      31
      32
      29
      25
      24
      24
      28
      34
      25
      25
      27
      30
      19
      39
      26
      29
      23
      26
      25
      34
      21
      32
      40
      40
      30
      31
      31
      28
      30
      34
      31
      24
      28
      28
      39
      34
      39
      32
      33
      20
      39
      29
      31
      35
      28
      17
      26
      24
      17
      22
      20
      27
      30
      28
      34
      24
      25
      34
      21
      22
      27
      27
      24
      23
      28
      20
      13
      28
      30
      14
      17
      27
      30
      14
      29
      18
      28
      21
      18
      16
      20
      25
      31
      16
      14
      16
      21
      15
      15
      19
      11
      21
      18
      16
      19
      15
      24
      34
      15
      22
      16
      18
      22
      25
      17
      21
      22
      27
      19
      18
      22
      15
      25
      15
      18
      25
      14
      16
      15
      11
      21
      19
      17
      20
      31
      24
      17
      23
      16
      17
      20
      14
      15
      21
      32
      28
      33
      28
      30
      28
      28
      24
      23
      27
      30
      28
      43
      40
      40
      20
      39
      31
      30
      33
      30
      32
      32
      27
      34
      41
      22
      25
      25
      20
      32
      19
      22
      17
      17
      25
      21
      21
      19
      14
      17
      24
      21
      22
      21
      22
      17
      26
      19
      25
      17
      15
      21
      23
       6
      19
      12
      15
      13
      22
      16
      26
      23
      17
      19
      20
      20
      17
      15
      11
      15
      19
      13
      26
      15
      20
      18
      26
      21
      16
      20
      14
      17
      22
      24
      15
      18
      11
      25
      19
      26
      15
      19
      21
      14
      24
      17
      12
      14
      14
      18
      23
      20
      15
      22
      20
      16
      14
      22
      20
      15
      17
      12
      14
      25
      21
      16
      13
      22
      19
      14
      13
      15
      23
      20
      17
      13
      17
      15
      15
      19
      13
      17
      18
      20
      21
      17
      19
       7
      21
      12
      14
      22
      23
      11
      19
      17
      22
      18
      23
      29
      26
      22
      21
      24
      20
      20
      32
      23
      17
      20
      23
      19
      24
      18
      20
      25
      20
      20
      21
      29
      21
      20
      22
      14
      21
      20
      22
      13
      16
      22
      16
      18
      18
      16
      17
      21
      13
      11
      15
      12
      15
      10
       9
      15
      15
      15
      12
      14
       5
      12
       7
      11
      15
      11
       9
       6
      13
      11
      11
       6
      13
       8
       9
       8
       9
       5
       3
       4
       7
       6
       6
       8
      13
      13
      10
       7
      11
      10
       6
       6
      11
       8
       3
       3
      12
      11
       9
       5
      11
       7
       9
      10
       5
       5
       8
       7
       6
       8
       7
       5
       2
       8
       8
      11
       8
       9
       1
       6
       9
       9
      12
       6
       8
       9
      10
      11
      10
      12
      13
      19
      18
      23
      29
      24
      25
      29
      17
      30
      32
      34
      40
      46
      42
      45
      41
      45
      52
      41
      47
      49
      66
      56
      56
      58
      39
      43
      58
      42
      49
      58
      46
      64
      46
      51
      42
      51
      35
      29
      32
      30
      30
      23
      24
      21
      22
      28
      21
      17
      18
      17
      13
      12
      10
      10
      15
       9
      10
       4
       8
       7
       9
      10
       6
       7
       2
      10
       6
       3
       4
       8
       6
       4
       3
       3
       6
       4
       7
       7
       5
       3
       8
       3
       7
       6
       4
       4
       6
      10
       4
       2
       8
       5
       6
       9
       6
       1
       5
       3
       5
       4
       5
       4
       7
       8
       8
       3
       5
       4
       4
       4
       4
       8
       2
      12
       4
       4
       6
       9
       1
       5
       3
       6
       3
       3
       4
       9
       4
       7
       4
       7
       4
       5
       3
       4
       4
       7
       5
       6
       3
       4
       7
      11
       3
       3
       7
       2
       1
       4
       3
       4
       3
       6
       5
       7
       7
      12
       6
       4
       5
       8
       2
       4
       3
       8
       4
       3
       2
       5
       6
       5
       6
       2
       5
       6
       2
       5
       5
       4
       5
       7
      10
       2
       6
       1
       4
       5
       3
       3
       3
       4
       3
       5
       6
       4
       3
       4
       2
       2
       3
       3
       8
       7
       5
       6
       4
       5
       7
       3
       3
      10
       5
       6
       6
       8
       2
       5
       5
       7
       7
       5
       4
       1
       5
       4
       3
       8
       7
       9
       5
       5
       5
       4
       1
       6
       4
       6
       6
       2
       8
       6
       3
       5
       5
       3
       3
      10
       6
       3
       3
       6
       4
       4
       9
       5
      10
       3
       5
       6
       6
       3
       7
       7
       3
       5
      10
       9
       6
       4
       2
       2
       5
       3
       4
      12
       1
       4
       2
       7
       3
       7
       3
       5
       2
       7
       1
       6
       2
       2
       5
       4
       2
       4
       3
       1
       4
       9
       2
       1
       4
       3
       4
       3
       5
       5
       3
       6
       2
       2
       5
       3
       3
       2
       3
       6
       2
       6
       5
       8
       9
       4
       5
       7
       6
       3
       5
       5
       4
       4
       2
       4
       0
       3
       3
       8
       4
       2
       5
       2
       3
       5
       4
       1
       3
       3
       5
       6
       4
       5
       7
       4
       9
       2
       9
       5
       2
       2
       1
       6
       4
       4
       2
       3
       4
       3
       7
       8
       5
       1
       1
       4
       2
       3
       1
       4
       7
       3
       4
       6
       8
       6
       5
       4
       5
       7
       6
       5
       5
       6
       8
       5
       5
       2
       2
       5
       5
       7
       5
       5
       6
       2
       4
       3
       4
       4
       6
       3
       2
       4
       3
       3
       2
       8
       1
       3
       2
       6
       2
       3
       6
       1
       2
       4
       5
       2
       3
       2
       1
       6
       2
       4
       0
       5
       6
       5
       3
       6
       4
       5
       2
       2
       4
       4
       2
       4
       2
       2
       3
       2
       5
       4
       1
       3
       1
       6
       3
       6
       4
       8
       6
       3
       5
       6
       2
       9
       6
       1
       3
       8
       6
       4
       6
       9
       4
      12
       3
       6
       5
       5
       4
       3
       8
       1
       8
       7
       3
       7
       6
       9
       3
       7
       3
       5
       5
       3
       3
       5
       2
       3
       5
       4
       4
       2
       3
       4
       3
       8
       4
       7
       3
       3
       4
       2
       2
       2
       6
       3
       3
       4
       2
       2
       2
       7
       4
       6
       1
       5
       6
       3
       1
       7
       3
       4
       4
       4
       3
       5
       0
       3
       3
       4
       4
       5
       0
       5
       4
       2
       4
       2
       3
       4
       3
       3
       3
       1
       6
       6
       2
       3
       6
       4
       5
       2
       4
       3
       5
       3
       3
       3
       7
       2
       4
       4
       0
       5
       6
       1
       1
       3
       2
       4
       5
       2
       1
       2
       3
       2
       7
       3
       4
       4
       3
       2
       5
       2
       4
       2
       3
       3
       6
       4
       1
       4
       2
       2
       3
       5
       1
       1
       4
       5
       3
       1
       0
       0
       5
       3
       0
       0
       5
       3
       3
       3
       3
       1
       4
       3
       4
       2
       5
       1
       2
       5
       1
       5
       3
       2
       3
       5
       5
       4
       8
       3
       0
       3
       2
       5
       5
       2
       4
       1
       1
       2
       6
       1
       2
       0
       2
       8
       1
       2
       2
       2
       5
       3
       2
       2
       5
       3
       2
       3
       2
       5
       3
       7
       6
       3
       2
       6
       3
       1
       5
       4
       3
       3
       5
       2
       5
       4
       2
       3
       4
       5
       5
       3
       4
       2
       5
       2
       2
       4
       1
       2
       2
       6
       1
       9
       3
       0
       4
       1
       1
       4
       4
       3
       2
       4
       1
       0
       4
       0
       5
       1
       2
       4
       4
       3
       4
       0
       3
       5
       0
       3
       5
       2
       7
       4
       4
       4
       2
       2
       4
       3
       5
       5
       6
       2
       2
       6
       1
       0
       3
       9
       4
       4
       3
       2
       2
       2
       4
       3
       4
       2
       7
       5
       3
       5
       2
       3
       3
       5
       2
       3
       4
       1
       2
       2
       3
       4
       3
       3
       1
       7
       8
       4
       3
       2
       3
       4
       5
       1
       4
       4
       2
       1
       3
       4
       2
       1
       0
       2
       2
       3
       4
       2
       2
       2
       4
       2
       2
       2
       2
       7
       3
       6
       7
       7
       4
       5
       1
       4
       4
       3
       3
       2
       2
       1
       6
       6
       6
       2
       5
       2
       5
       6
       3
       4
       4
       5
       6
       5
       7
       4
       2
       3
       5
       5
       3
       8
       1
       3
       0
       1
       6
      10
       4
       5
       2
       6
       4
       7
       4
       7
       8
       3
       5
       1
       3
       4
       2
       5
       3
       1
       1
       3
       2
       6
       2
       4
       2
       3
       8
       3
       2
       4
       1
       2
       3
       1
       5
       4
       4
       4
       5
       3
       3
       8
       6
       7
       6
       4
       2
       2
       2
       3
       3
       2
       2
       4
       3
       3
       8
       3
       2
       4
       3
       8
       5
       6
       3
       3
       2
       1
       6
       4
       4
       7
       3
       9
       3
       4
       4
       0
       6
       4
       5
       2
       7
       6
       4
       4
       5
       1
       5
       4
       8
       2
       2
       3
       4
       3
       3
       5
       3
       4
       4
       0
       1
       7
       5
       5
       8
       5
       4
       2
       3
       6
       1
       1
       2
       3
       1
       6
       5
       3
       4
       1
       3
       6
       2
       4
       1
       5
       3
       6
       1
       8
       8
       2
       3
       2
       4
       6
       4
       4
       3
       0
       3
       4
       7
       7
       6
       3
       3
       7
       3
       1
       3
       7
       6
       2
       3
       2
       3
       2
       3
       4
       1
       5
       9
       4
       1
       6
       5
       3
       5
       5
       6
       4
       4
       3
       3
       2
       1
       3
       2
       5
       5
       2
       1
       3
       4
       3
       5
       1
       7
       5
       3
       3
       4
       5
       4
       4
       3
       2
       5
       4
       4
       1
       7
       6
       6
       4
       6
      10
       8
       1
       4
       3
       5
       6
       6
       4
       5
       9
       5
       3
       1
       3
       6
       2
       2
       3
       4
       3
       3
       2
       8
       7
       1
       5
       3
       5
       5
       2
       2
       2
       4
       4
       3
       3
       5
       1
       4
       6
       4
       2
       7
       4
       4
       5
       2
       4
       2
       5
       3
       5
       4
       9
       3
       2
       5
       1
       2
       4
       1
       5
       5
       3
       4
       1
       4
       4
       2
       3
       4
       3
       4
       5
       7
       3
       5
       4
       8
       6
       7
       4
       7
       2
       4
       4
       7
       2
       5
       7
       4
       6
       1
       2
       1
       7
       8
       5
       3
       4
       3
       3
       4
       3
       6
       5
       9
       3
       6
       2
       3
       2
       3
       5
       3
       1
       7
       4
       6
       2
       5
       4
       4
       7
       9
       2
       3
       5
       4
       3
       9
       2
       4
       7
       3
       1
       9
       3
       2
       4
       7
       4
       3
       3
       3
       4
       6
       6
       2
       7
       6
       5
       0
       0
       0
       0
       0
       0
       0
       0
       0
       0
       0
       0
       0
       0
       0
       0
       0
       0
       0
       0
       0
       0
       0
       0
       0
       0
       0
       0
       0
       0
       0
       0
       0
       0
       0
       0
       0
       0
       0
       0
       0
       0
       0
       0
       0
       0
       0
       0
       0
       0
       0
       0
       0
       0
       0
       0
       0
       0
       0
       0
       0
       0
       0
       0
       0
       0
       0
       0
       0
       0
       0
       0
       0
       0
       0
       0
       0
       0
       0
       0
       0
       0
       0
       0
$ROI:
1
712 830
$PRESETS:
None
0
0
$ENER_FIT:
-23.656767 2.297974
$MCA_CAL:
3
-2.365677E+001 2.297974E+000 2.836717E-005 keV
$SHAPE_CAL:
3
0.000000E+000 0.000000E+000 0.000000E+000
