$SPEC_ID:
No sample description was entered.
$SPEC_REM:
DET# 1
DETDESC# DESKTOP-I499GD2 Easy-MCA-2k SN 18191655
AP# Maestro Version 7.01
$DATE_MEA:
02/26/2024 13:04:47
$MEAS_TIM:
76 76
$DATA:
0 2047
       0
       0
       0
       0
       0
       2
       1
       1
      59
      35
      48
      38
      45
      51
      52
      60
      52
      67
      63
      50
      46
      49
      46
      38
      50
      69
      54
      56
      83
     106
     114
     105
     110
     132
     131
     108
      99
      70
      90
     100
      98
     112
      83
     120
     125
     136
     158
     132
     147
     174
     180
     187
     233
     223
     218
     214
     229
     221
     237
     232
     271
     334
     389
     582
     679
     758
     689
     540
     423
     292
     204
     170
     172
     169
     166
     131
     152
     146
     151
     134
     132
     171
     134
     122
     130
     131
     151
     132
     127
     149
     141
     116
     157
     139
     138
     120
     128
     109
     120
     105
     111
     119
     132
     117
     109
     100
     107
     130
     105
     118
     103
     111
      89
      95
      96
     100
      85
      91
      93
     105
     101
      88
      97
      90
      88
      86
      99
      78
      91
      83
      85
      78
      75
      81
      74
      68
      87
      64
      90
      82
      65
      62
      78
      63
      72
      74
      76
      76
      71
      44
      66
      73
      57
      56
      71
      64
      70
      52
      51
      64
      67
      64
      47
      62
      51
      58
      70
      46
      55
      55
      49
      51
      51
      42
      53
      48
      34
      37
      39
      46
      44
      41
      45
      38
      48
      36
      36
      40
      43
      45
      42
      41
      45
      41
      40
      37
      41
      44
      36
      37
      28
      49
      52
      30
      37
      40
      48
      34
      39
      44
      50
      46
      55
      42
      39
      63
      42
      65
      62
      46
      62
      68
      85
      59
      90
      69
      88
      75
      88
      82
      79
     102
      75
      90
      77
      67
      86
      56
      91
      50
      75
      41
      53
      45
      37
      35
      41
      33
      24
      36
      30
      32
      27
      23
      25
      19
      33
      20
      28
      25
      28
      28
      31
      23
      30
      21
      38
      20
      22
      16
      28
      24
      31
      29
      25
      32
      16
      26
      23
      21
      25
      21
      20
      21
      27
      19
      28
      19
      17
      24
      23
      20
      28
      15
      19
      21
      23
      19
      21
      28
      19
      20
      20
      32
      18
      21
      24
      20
      23
      14
      27
      25
      19
      26
      16
      23
      18
      20
      34
      17
      20
      25
      18
      24
      16
      14
      18
       9
      34
      18
      20
      19
      27
      27
      26
      13
      14
      17
      22
      18
      13
      21
      16
      14
      27
       9
      17
      15
      25
      21
      21
      21
      20
      19
      19
      23
      23
      26
      19
      18
      20
      19
      28
      25
      22
      19
      16
      16
      26
      23
      32
      23
      19
      25
      33
      24
      23
      27
      26
      15
      21
      28
      20
      14
      12
      21
      16
      12
      21
      22
      11
      19
       8
      13
      18
      21
      18
      18
      17
      21
      15
       8
      14
      13
      25
      21
      21
      10
      16
      19
      13
      17
      12
      15
      17
      13
      13
      14
      18
      19
      13
      11
      20
      11
       9
      15
      15
      20
      16
       9
      16
      15
      12
      12
      17
      14
      15
      16
      14
      14
      16
      12
      11
      11
      13
      15
      18
      18
      10
      14
      22
       8
      16
      20
      17
      18
      14
      11
       9
      14
      17
      13
      17
      21
       8
      13
      16
      16
      12
      13
      16
      14
      11
      25
      17
      12
      24
      10
       7
      18
      17
      18
      14
      12
      17
       6
      19
      22
      20
      21
      17
      19
      25
      19
      16
      24
      18
      22
      26
      18
      20
      22
      12
      16
      16
      15
      19
      13
      13
      18
      21
      14
      14
      12
      10
      16
      17
       5
      11
      13
       8
      15
      11
      15
      11
      13
      11
       9
      13
      11
      11
      15
       9
      14
      14
      16
      14
      16
      16
      19
      12
      13
      13
      22
      17
      10
      11
      19
      10
      19
      19
      21
      12
      11
      14
      14
      10
      11
      16
       9
      18
      16
      25
      13
      18
      10
      12
      15
      23
      13
      16
      16
      20
      18
      19
      17
      21
      11
      11
      15
      16
      15
      15
      16
      11
      20
      11
       7
       6
      15
      17
      13
      16
       9
      17
       8
      12
      12
      18
      10
      14
      11
      15
      10
      14
      12
      16
      11
      12
      11
      19
      12
      17
      10
      14
      18
      13
      15
      13
      15
      22
      17
      10
      15
      17
      21
      20
       9
      19
      18
      18
      17
       8
      17
      24
      12
      14
      17
      25
      17
      19
      16
      22
      18
      19
      12
      17
      12
      28
       9
      12
      11
      19
      11
      12
      15
      13
      14
      21
      14
       9
      11
      14
      15
      14
      16
      14
       7
      14
       7
      11
      12
      12
      11
       7
       9
       6
       8
      18
       7
       5
      11
      12
       6
       9
       8
       5
       8
       4
       8
       7
       7
      11
       6
      11
      11
       4
      11
       9
       5
       9
       8
       6
       7
       5
       2
       6
       7
       2
       3
       6
       6
       7
       7
       6
       7
       4
       7
       9
       2
       7
       9
       7
       7
      10
       8
       4
       5
       3
       5
       4
      12
       8
       5
       5
       3
       6
       6
       3
       3
       9
       9
       9
       4
      13
       9
       9
       9
      13
      14
      14
      24
      15
      25
      25
      18
      24
      39
      39
      40
      28
      46
      40
      36
      34
      36
      42
      33
      39
      58
      39
      59
      45
      39
      45
      40
      46
      31
      37
      28
      27
      33
      17
      36
      34
      28
      28
      27
      26
      33
      18
      17
      27
      15
      15
      11
      13
      13
      11
       9
       9
      12
      11
       9
       7
       7
      10
      10
       5
       3
       4
       8
       5
       2
       1
       8
       1
       5
       4
       7
       3
       9
       4
       3
       4
       2
       3
       3
       2
       2
       4
       4
       4
       4
       2
       4
       4
       4
       4
       5
       5
       4
       2
       2
       1
       2
       2
       5
       2
       1
       3
       4
       4
       1
       2
       3
       5
       5
       5
       3
       5
       2
       4
       8
       3
       4
       2
       6
       3
       4
       4
       5
       2
       2
       5
       5
       3
       3
       3
       1
       2
       4
       6
       4
       1
       3
       3
       6
       4
       5
       2
       1
       3
       6
       2
       6
       3
       2
       3
       3
       1
       4
       1
       6
       5
       3
      10
       3
       3
       4
       8
       4
       2
       6
       5
       4
       3
       4
       1
       4
       3
       7
       3
       4
       4
       7
       3
       6
       7
       6
       1
       3
       4
       5
       4
       2
       0
       3
       0
       5
       2
       2
       1
       4
       6
       3
       2
       5
       3
       2
       5
       3
       0
       2
       0
       9
       3
       4
       3
       8
       2
       1
       4
       7
       2
       2
       4
       5
       4
       2
       3
       1
       2
       4
       3
       6
       0
       3
       5
       3
       4
       3
       2
       6
       2
       2
       0
       4
       2
       7
       7
       2
       2
       6
       6
       1
       7
       5
       7
       6
       8
       5
       1
       1
       8
       3
       3
       2
       2
       3
       4
       3
       3
       2
       2
       4
       4
       4
       6
       6
       3
       4
       5
       3
       5
       4
       0
       2
       5
       4
       4
       4
       5
       3
       3
       4
       4
       4
       4
       4
       2
       0
       1
       3
       0
       1
       3
       0
       1
       2
       3
       4
       1
       6
       1
       2
       3
       3
       3
       3
       3
       5
       3
       6
       2
       1
       2
       2
       2
       3
       2
       3
       5
       4
       4
       6
       3
       4
       3
       4
       4
       1
       5
       3
       1
       1
       1
       4
       3
       3
       5
       3
       1
       3
       3
       3
       3
       4
       1
       2
       4
       3
       3
       1
       4
       3
       3
       4
       5
       5
       3
       3
       4
       4
       5
       3
       5
       0
       3
       2
       2
       5
       3
       2
       2
       1
       5
       4
       2
       4
       2
       2
       5
      10
       1
       3
       0
       0
       2
       2
       1
       0
       3
       2
       3
       3
       5
       2
       2
       3
       3
       4
       1
       3
       5
       2
       6
       2
       2
       7
       1
       3
       4
       2
       0
       5
       3
       2
       7
       7
       3
       4
       2
       0
       3
       2
       2
       6
       2
       5
       3
       2
       2
       3
       2
       5
       3
       5
       1
       2
       4
       6
       1
       0
       6
       2
       4
       1
       2
       3
       1
       2
       1
       4
       3
       3
       4
       6
       5
       2
       2
       3
       5
       6
       3
       2
       1
       4
       4
       3
       2
       2
       2
       5
       2
       5
       4
       1
       1
       4
       3
       4
       2
       1
       3
       5
       1
       3
       1
       2
       3
       3
       5
       2
       1
       3
       2
       2
       1
       2
       3
       3
       4
       4
       2
       5
       4
       1
       3
       5
       3
       2
       1
       4
       3
       3
       1
       1
       2
       5
       4
       1
       4
       1
       1
       2
       2
       0
       1
       1
       2
       5
       5
       2
       2
       0
       1
       1
       5
       3
       3
       6
       2
       3
       1
       3
       2
       1
       3
       2
       5
       2
       2
       4
       2
       2
       5
       1
       4
       4
       2
       1
       1
       2
       1
       3
       0
       4
       1
       3
       2
       2
       4
       5
       6
       3
       4
       3
       3
       4
       3
       1
       2
       3
       0
       4
       5
       1
       4
       2
       3
       3
       4
       2
       3
       2
       0
       1
       1
       1
       1
       1
       3
       1
       3
       2
       2
       6
       3
       3
       3
       2
       3
       2
       3
       3
       2
       3
       3
       2
       4
       2
       0
       0
       0
       1
       4
       1
       4
       4
       2
       0
       4
       4
       6
       2
       2
       4
       0
       2
       3
       0
       1
       3
       0
       4
       2
       4
       5
       0
       2
       3
       4
       4
       1
       0
       3
       2
       1
       0
       3
       0
       4
       3
       1
       3
       2
       2
       4
       2
       1
       4
       2
       1
       1
       3
       5
       3
       8
       4
       1
       1
       2
       3
       1
       1
       1
       2
       5
       4
       5
       3
       1
       2
       3
       4
       2
       3
       5
       3
       4
       2
       1
       1
       2
       2
       4
       3
       0
       1
       3
       3
       0
       1
       0
       3
       4
       3
       1
       2
       5
       3
       0
       4
       3
       2
       4
       2
       1
       6
       2
       4
       3
       1
       2
       1
       1
       3
       3
       1
       2
       2
       5
       4
       3
       3
       4
       3
       5
       3
       3
       3
       2
       3
       6
       1
       1
       3
       4
       2
       2
       1
       2
       3
       5
       1
       3
       3
       0
       4
       2
       2
       1
       2
       3
       1
       2
       1
       0
       4
       2
       3
       3
       3
       1
       1
       3
       1
       1
       3
       7
       1
       2
       2
       3
       3
       5
       1
       1
       2
       2
       4
       6
       1
       3
       5
       5
       5
       2
       3
       5
       2
       3
       4
       2
       4
       5
       3
       2
       2
       1
       7
       1
       1
       3
       2
       4
       3
       4
       1
       4
       3
       5
       7
       0
       2
       2
       5
       6
       2
       0
       0
       3
       3
       2
       2
       3
       2
       2
       4
       6
       3
       6
       4
       3
       6
       6
       2
       2
       4
       1
       1
       1
       3
       4
       6
       2
       2
       5
       3
       3
       0
       4
       3
       6
       2
       3
       3
       1
       2
       3
       3
       3
       2
       2
       1
       2
       4
       5
       9
       5
       0
       3
       5
       3
       5
       1
       3
       2
       1
       3
       0
       3
       1
       3
       5
       1
       1
       3
       3
       2
       4
       2
       4
       3
       2
       2
       2
       2
       2
       7
       2
       5
       4
       4
       3
       5
       3
       3
       2
       3
       4
       3
       3
       4
       1
       0
       4
       6
       5
       3
       3
       3
       3
       3
       2
       3
       7
       2
       4
       1
       3
       6
       4
       3
       3
       0
       3
       1
       3
       2
       5
       2
       5
       1
       2
       0
       5
       5
       2
       5
       5
       4
       2
       7
       3
       4
       0
       4
       7
       4
       4
       6
       1
       2
       4
       4
       2
       1
       5
       7
       2
       3
       6
       2
       5
       6
       2
       3
       3
       3
       2
       1
       4
       3
       4
       4
       4
       2
       3
       1
       6
       1
       3
       4
       3
       3
       3
       3
       2
       1
       5
       1
       9
       5
       2
       3
       4
       7
       4
       1
       6
       4
       5
       6
       4
       7
       5
       3
       4
       5
       3
       6
       3
       5
       5
       5
       0
       1
       4
       6
       3
       1
       5
       2
       3
       5
       3
       2
       3
       3
       0
       8
       2
       6
       2
       0
       3
       2
       3
       4
       6
       4
       6
       1
       2
       2
       5
       3
       0
       3
       3
       4
       0
       5
       1
       4
       3
       4
       2
       2
       4
       3
       1
       1
       3
       3
       3
       1
       3
       2
       4
       2
       2
       2
       2
       3
       6
       4
       4
       1
       4
       2
       4
       4
       4
       1
       3
       4
       3
       3
       7
       3
       3
       2
       3
       5
       1
       3
       2
       0
       3
       0
       4
       3
       4
       0
       6
       4
       3
       2
       3
       7
       4
       3
       2
       4
       2
       2
       4
       5
       3
       1
       1
       2
       1
       8
       1
       4
       2
       1
       1
       4
       0
       4
       3
       6
       4
       2
       1
       5
       1
       1
       1
       3
       2
       1
       5
       2
       4
       2
       3
       1
       5
       2
       6
       2
       1
       2
       2
       6
       2
       5
       2
       3
       4
       3
       4
       2
       4
       5
       2
       3
       5
       7
       2
       0
       3
       3
       2
       1
       2
       2
       1
       1
       0
       0
       0
       0
       0
       0
       0
       0
       0
       0
       0
       0
       0
       0
       0
       0
       0
       0
       0
       0
       0
       0
       0
       0
       0
       0
       0
       0
       0
       0
       0
       0
       0
       0
       0
       0
       0
       0
       0
       0
       0
       0
       0
       0
       0
       0
       0
       0
       0
       0
       0
       0
       0
       0
       0
       0
       0
       0
       0
       0
       0
       0
       0
       0
       0
       0
       0
       0
       0
       0
       0
       0
       0
       0
       0
       0
       0
       0
       0
       0
       0
       0
       0
$ROI:
1
712 830
$PRESETS:
None
0
0
$ENER_FIT:
-23.656767 2.297974
$MCA_CAL:
3
-2.365677E+001 2.297974E+000 2.836717E-005 keV
$SHAPE_CAL:
3
0.000000E+000 0.000000E+000 0.000000E+000
