$SPEC_ID:
No sample description was entered.
$SPEC_REM:
DET# 1
DETDESC# DESKTOP-I499GD2 Easy-MCA-2k SN 18191655
AP# Maestro Version 7.01
$DATE_MEA:
02/26/2024 12:41:39
$MEAS_TIM:
134 134
$DATA:
0 2047
       0
       0
       0
       0
       0
       0
       0
       1
      52
      51
      49
      65
      52
      61
      70
      77
      57
      87
      64
      79
      67
      69
      53
      56
      63
      69
      92
      92
     113
     167
     170
     181
     206
     225
     233
     201
     119
     111
      97
     106
     132
     141
     132
     159
     174
     179
     218
     222
     253
     245
     295
     343
     325
     392
     372
     371
     347
     321
     387
     427
     467
     591
     769
     999
    1306
    1406
    1278
    1002
     767
     544
     349
     253
     219
     193
     220
     197
     206
     222
     201
     198
     189
     165
     198
     189
     185
     191
     229
     167
     177
     232
     192
     184
     211
     189
     179
     181
     154
     160
     147
     138
     159
     124
     152
     163
     120
     157
     149
     157
     157
     148
     131
     130
     134
     130
     129
     120
     138
     121
     120
     134
     108
     130
      99
     116
     103
     104
     124
     124
     121
     103
      89
      99
     104
     102
     106
     100
     119
     102
     110
      95
      96
     100
      98
      95
      87
      97
      78
      65
      68
      80
      76
      76
      82
      74
      73
      70
      80
      76
      69
      67
      64
      72
      67
      75
      61
      70
      70
      65
      60
      60
      60
      50
      51
      50
      65
      69
      41
      53
      59
      55
      48
      64
      50
      39
      54
      41
      37
      55
      41
      48
      38
      69
      47
      50
      38
      53
      42
      52
      50
      56
      41
      49
      41
      48
      30
      49
      50
      58
      57
      59
      57
      55
      58
      73
      52
      65
      65
      66
      67
      70
      69
      81
     101
      82
      64
      79
      99
      83
      95
      81
      85
      91
      88
      73
      76
      74
      80
      83
      68
      62
      47
      62
      51
      36
      41
      43
      33
      43
      34
      33
      25
      41
      31
      34
      28
      33
      33
      42
      25
      25
      26
      31
      26
      38
      22
      34
      31
      23
      25
      21
      27
      37
      25
      33
      28
      34
      40
      28
      26
      27
      32
      39
      31
      32
      25
      32
      34
      29
      26
      18
      22
      17
      21
      25
      19
      16
      23
      19
      24
      17
      27
      22
      22
      21
      20
      23
      17
      20
      19
      26
      27
      14
      17
      20
      22
      26
      22
      29
      23
      25
      16
      27
      19
      23
      13
      17
      22
      25
      17
      29
      22
      14
      22
      20
      23
      21
      22
      16
      17
      26
      16
      27
      26
      19
      12
      20
      19
      26
      25
      23
      21
      18
      30
      21
      23
      25
      15
      20
      24
      26
      28
      34
      22
      23
      28
      17
      30
      18
      25
      23
      20
      22
      25
      18
      24
      19
      23
      26
      16
      13
      23
      22
      18
      22
      22
      19
      14
      18
      16
      20
      17
      19
      11
      15
      21
      21
      14
      18
      16
      16
      14
      19
      15
      11
      17
      14
      17
      13
      14
       9
      16
      12
      16
      13
      14
      13
      14
      13
      12
      13
      12
      15
      16
      10
      15
      22
      13
      13
      11
      22
      24
      12
       9
      16
      17
      13
      15
      13
      16
      20
      17
      12
      18
      14
      12
      11
      14
      15
      12
       8
       8
      13
      10
      15
       9
      16
      13
      18
      10
      18
      13
       9
      11
      11
      16
      17
       7
      15
      13
      21
      14
       4
      14
      14
      17
      16
      12
      15
      16
      25
      12
      22
      21
      19
      25
      23
      26
      26
      23
      35
      23
      29
      28
      20
      28
      28
      28
      24
      24
      22
      17
      22
      23
      15
      15
      24
      16
      23
      10
      15
      20
      16
      22
      15
      16
      16
      11
       8
      10
      11
      19
      10
       6
      13
      15
      15
      12
       9
      15
      17
      12
      15
      13
       8
      10
      15
       5
      16
      12
       9
      15
      15
      12
      12
      10
      14
      13
      18
      16
      12
      16
      12
      12
      14
       9
      13
      18
       8
      14
      10
      16
      11
      13
      17
      15
      13
      15
      12
       8
       9
      14
      14
       6
       6
      11
      14
      13
      13
      13
      11
      10
       8
       9
       5
       5
      11
      11
      17
       4
      13
      10
       7
       7
      10
       9
      11
       9
      10
       9
       9
      20
       6
       9
      11
       8
       8
      14
      11
      11
       9
      12
      12
      17
      15
      16
       9
       7
      14
      10
      10
      15
      14
      13
      11
       5
      20
      17
      20
      10
       9
      18
      16
      17
       8
      13
      19
      11
      13
      19
      17
      17
      17
       9
      10
      10
      10
      17
      21
      16
      10
      11
      17
      17
      10
      14
      14
      11
      16
      16
      14
      12
      12
       8
       8
      13
       9
       9
      16
       7
       7
       6
       6
       6
       5
       9
       7
       8
       2
       8
       5
       5
       4
      10
       7
       5
      12
       7
       5
       8
       5
       2
       6
      10
       4
       3
       6
       6
      10
      10
       4
       6
       8
       6
       3
       7
       6
       6
       4
       3
       3
       5
       4
       5
       2
       4
       6
       3
       7
       3
       6
       5
       3
       6
       3
       7
       2
       6
       4
       2
       7
       1
       5
       5
       5
       4
       5
       7
       2
       8
      10
       9
      16
       7
       8
       8
       6
      12
       9
       9
      12
      13
      11
      11
      10
      13
      18
      11
      30
      14
      18
      25
      29
      22
      29
      29
      27
      38
      36
      26
      30
      31
      24
      39
      24
      30
      20
      29
      19
      36
      25
      28
      22
      25
      32
      20
      24
      15
      18
      16
      18
      11
      10
      14
      14
      12
       7
       5
      13
       7
       7
       7
      10
       5
       8
       6
       6
       1
       4
       9
       4
       3
       2
      11
       6
       4
       2
       6
       4
       5
       1
       5
       0
       5
       5
       1
       0
       6
       5
       5
       3
       2
       1
       3
       5
       0
       5
       2
       3
      10
       4
       1
       0
       2
       3
       2
       3
       4
       4
       2
       1
       5
       2
       2
       3
       2
       4
       2
       3
       5
       1
       4
       2
       3
       4
       0
       3
       2
       3
       2
       4
       4
       3
       5
       4
       4
       1
       2
       2
       4
       1
       2
       1
       1
       0
       3
       2
       5
       2
       6
       6
       3
       2
       3
       2
       5
       6
       1
       1
       7
       4
       1
       2
       2
       2
       4
       1
       2
       2
       2
       5
       3
       0
       5
       2
       2
       4
       4
       2
       2
       2
       2
       5
       2
       2
       3
       3
       3
       2
       5
       1
       4
       1
       1
       3
       6
       7
       3
       5
       3
       0
       2
       1
       3
       1
       0
       4
       1
       5
       3
       2
       1
       2
       6
       4
       3
       1
       3
       4
       2
       0
       2
       1
       4
       2
       2
       2
       5
       1
       6
       5
       3
       1
       3
       1
       5
       5
       2
       2
       6
       3
       5
       2
       4
       1
       3
       7
       1
       3
       3
       6
       5
       6
       1
       6
       4
       5
       3
       6
       0
       1
       1
       4
       3
       2
       4
       3
       3
       2
       1
       2
       0
       3
       4
       4
       4
       1
       2
       3
       1
       3
       4
       2
       4
       2
       2
       0
       2
       6
       2
       5
       1
       6
       1
       4
       5
       2
       3
       7
       3
       2
       0
       2
       3
       4
       3
       5
       2
       5
       1
       0
       0
       3
       2
       3
       2
       3
       0
       2
       3
       3
       2
       2
       6
       3
       0
       1
       3
       3
       1
       5
       2
       1
       4
       0
       1
       0
       2
       3
       4
       3
       0
       1
       4
       5
       6
       3
       3
       2
       2
       2
       2
       4
       3
       2
       2
       4
       1
       1
       5
       2
       2
       6
       2
       4
       3
       2
       3
       4
       1
       0
       3
       3
       4
       6
       3
       2
       2
       2
       7
       0
       3
       2
       7
       4
       0
       2
       5
       2
       6
       3
       6
       3
       0
       4
       2
       5
       3
       3
       4
       3
       1
       3
       1
       2
       1
       3
       4
       2
       3
       3
       4
       1
       0
       1
       6
       7
       0
       1
       0
       2
       1
       1
       2
       2
       3
       2
       1
       1
       3
       2
       3
       1
       2
       2
       2
       1
       3
       2
       0
       3
       0
       5
       5
       5
       2
       3
       2
       1
       3
       5
       2
       0
       2
       3
       2
       3
       1
       1
       2
       2
       1
       4
       1
       1
       2
       3
       2
       4
       4
       1
       3
       5
       3
       0
       0
       1
       3
       1
       2
       4
       4
       4
       4
       5
       6
       3
       4
       1
       1
       2
       5
       1
       3
       5
       5
       4
       3
       1
       2
       3
       3
       2
       2
       1
       0
       2
       3
       5
       2
       2
       1
       2
       1
       2
       1
       1
       2
       1
       4
       2
       2
       3
       1
       0
       1
       2
       3
       0
       0
       3
       0
       4
       3
       2
       1
       2
       2
       4
       3
       1
       2
       4
       2
       1
       2
       0
       4
       1
       1
       1
       1
       3
       2
       0
       3
       5
       3
       2
       1
       1
       1
       2
       3
       4
       1
       1
       4
       0
       5
       2
       2
       2
       4
       3
       0
       0
       0
       3
       2
       4
       5
       1
       2
       1
       2
       1
       0
       2
       1
       0
       0
       1
       4
       4
       3
       2
       2
       3
       4
       2
       0
       3
       2
       0
       3
       4
       2
       4
       0
       3
       2
       2
       4
       1
       2
       2
       1
       4
       1
       0
       0
       4
       2
       2
       2
       3
       2
       1
       5
       1
       1
       1
       2
       0
       1
       2
       0
       3
       1
       0
       2
       5
       2
       1
       1
       0
       2
       2
       3
       0
       1
       1
       0
       2
       3
       1
       1
       1
       0
       4
       2
       1
       2
       1
       2
       2
       1
       1
       3
       1
       2
       4
       0
       3
       1
       2
       3
       3
       2
       1
       4
       3
       0
       3
       4
       2
       2
       1
       1
       4
       1
       2
       1
       0
       3
       2
       0
       1
       0
       1
       2
       2
       3
       2
       2
       3
       1
       1
       2
       0
       3
       1
       1
       2
       2
       2
       4
       3
       5
       4
       1
       4
       1
       1
       1
       1
       2
       1
       3
       2
       3
       2
       2
       0
       3
       1
       2
       6
       4
       0
       2
       3
       1
       2
       1
       3
       3
       1
       1
       0
       1
       2
       2
       4
       2
       2
       0
       3
       1
       2
       1
       1
       1
       3
       1
       1
       4
       3
       0
       1
       3
       0
       2
       3
       5
       0
       1
       1
       3
       4
       2
       2
       0
       2
       1
       2
       0
       1
       0
       2
       2
       2
       3
       4
       2
       2
       2
       2
       3
       0
       4
       5
       2
       0
       1
       4
       5
       4
       1
       3
       1
       1
       0
       3
       5
       0
       0
       1
       4
       1
       3
       1
       1
       3
       1
       0
       0
       2
       4
       1
       1
       5
       4
       3
       5
       3
       1
       3
       4
       2
       4
       4
       5
       1
       3
       5
       5
       1
       3
       3
       0
       7
       2
       3
       2
       2
       5
       1
       3
       6
       2
       2
       2
       3
       2
       3
       2
       3
       0
       2
       2
       1
       6
       2
       1
       1
       2
       0
       2
       2
       2
       6
       2
       1
       3
       5
       3
       2
       0
       2
       2
       1
       1
       4
       2
       4
       2
       1
       2
       4
       3
       3
       5
       3
       3
       1
       1
       1
       6
       0
       3
       2
       2
       0
       1
       2
       4
       1
       1
       6
       1
       3
       0
       7
       2
       3
       1
       1
       2
       3
       3
       2
       0
       2
       3
       3
       1
       2
       1
       2
       3
       4
       1
       6
       1
       2
       3
       1
       5
       5
       3
       0
       1
       1
       3
       0
       3
       2
       1
       3
       2
       0
       3
       2
       3
       3
       1
       0
       2
       2
       2
       2
       2
       3
       1
       4
       1
       4
       2
       2
       1
       5
       4
       3
       2
       4
       4
       3
       3
       3
       3
       3
       2
       0
       2
       0
       3
       2
       3
       2
       1
       3
       1
       3
       0
       1
       2
       2
       1
       2
       1
       2
       3
       4
       2
       3
       2
       1
       1
       1
       3
       1
       2
       3
       2
       3
       2
       0
       0
       3
       3
       1
       1
       5
       2
       3
       7
       5
       3
       3
       2
       1
       3
       3
       3
       6
       3
       4
       3
       2
       2
       5
       1
       4
       3
       4
       1
       4
       3
       3
       1
       9
       1
       0
       7
       5
       1
       5
       3
       3
       1
       1
       2
       2
       5
       1
       3
       3
       6
       0
       3
       2
       2
       2
       3
       4
       3
       1
       3
       5
       2
       0
       1
       2
       3
       2
       3
       1
       4
       2
       2
       4
       1
       3
       1
       5
       3
       5
       5
       2
       4
       3
       0
       2
       0
       1
       0
       3
       2
       3
       0
       1
       0
       5
       2
       4
       3
       3
       0
       4
       2
       2
       4
       3
       1
       4
       5
       5
       2
       4
       3
       2
       1
       1
       4
       2
       1
       1
       4
       0
       4
       4
       4
       4
       2
       2
       2
       9
       2
       3
       3
       1
       5
       1
       5
       6
       4
       1
       3
       3
       3
       4
       3
       3
       0
       3
       0
       1
       2
       3
       1
       3
       1
       1
       1
       3
       3
       0
       1
       5
       4
       2
       2
       3
       3
       3
       2
       2
       3
       3
       4
       2
       5
       3
       6
       5
       4
       3
       2
       3
       1
       5
       3
       6
       3
       2
       2
       2
       1
       1
       1
       1
       3
       4
       0
       0
       0
       0
       0
       0
       0
       0
       0
       0
       0
       0
       0
       0
       0
       0
       0
       0
       0
       0
       0
       0
       0
       0
       0
       0
       0
       0
       0
       0
       0
       0
       0
       0
       0
       0
       0
       0
       0
       0
       0
       0
       0
       0
       0
       0
       0
       0
       0
       0
       0
       0
       0
       0
       0
       0
       0
       0
       0
       0
       0
       0
       0
       0
       0
       0
       0
       0
       0
       0
       0
       0
       0
       0
       0
       0
       0
       0
       0
       0
       0
       0
       0
       0
$ROI:
1
712 830
$PRESETS:
None
0
0
$ENER_FIT:
-23.656767 2.297974
$MCA_CAL:
3
-2.365677E+001 2.297974E+000 2.836717E-005 keV
$SHAPE_CAL:
3
0.000000E+000 0.000000E+000 0.000000E+000
