$SPEC_ID:
No sample description was entered.
$SPEC_REM:
DET# 1
DETDESC# DESKTOP-I499GD2 Easy-MCA-2k SN 18191655
AP# Maestro Version 7.01
$DATE_MEA:
02/26/2024 12:38:29
$MEAS_TIM:
130 130
$DATA:
0 2047
       0
       0
       0
       0
       0
       0
       0
       1
      57
      59
      60
      49
      47
      66
      67
      72
      75
      69
      79
      67
      71
      57
      59
      70
      45
      71
      81
     103
      97
     149
     176
     178
     195
     225
     224
     156
     105
      91
     103
     102
     146
     127
     121
     177
     185
     192
     214
     215
     266
     262
     284
     317
     307
     338
     332
     348
     325
     349
     375
     379
     449
     511
     746
    1019
    1196
    1270
    1222
    1025
     741
     506
     338
     283
     235
     211
     213
     190
     198
     173
     170
     195
     183
     152
     199
     160
     163
     176
     182
     206
     189
     213
     159
     196
     169
     184
     203
     153
     166
     159
     138
     178
     135
     148
     152
     131
     153
     117
     142
     154
     121
     145
     117
     108
     132
     129
     120
     135
     105
     103
      84
     103
     108
     124
     120
     101
      86
      95
      86
      83
      90
      90
     111
      85
      99
      83
      97
      95
      79
     103
     104
     100
      74
      68
      80
      85
      90
      87
      72
      91
      66
      78
      72
      85
      69
      46
      52
      67
      66
      78
      70
      68
      55
      58
      62
      61
      62
      57
      59
      68
      82
      61
      50
      56
      54
      42
      45
      39
      42
      37
      46
      51
      57
      47
      43
      45
      44
      48
      47
      45
      38
      38
      50
      47
      47
      41
      37
      42
      46
      40
      44
      41
      41
      37
      38
      58
      54
      44
      32
      51
      47
      61
      46
      44
      55
      46
      69
      60
      75
      71
      63
      61
      74
      79
      65
      76
      68
      71
      76
      94
      66
      76
      73
      96
      67
      75
      80
      68
      83
      63
      52
      61
      53
      44
      44
      49
      37
      29
      35
      31
      38
      25
      33
      28
      31
      20
      23
      28
      20
      30
      22
      22
      23
      20
      28
      29
      35
      31
      25
      26
      28
      26
      26
      27
      29
      22
      25
      26
      23
      30
      28
      32
      21
      24
      24
      30
      19
      32
      25
      21
      30
      27
      28
      22
      13
      18
      24
      21
      24
      21
      18
      14
      21
      13
      15
      20
      14
      27
      20
      16
      22
      17
      18
      17
      19
      12
      24
      23
      22
      19
      15
      16
      26
      16
      23
      17
      15
      18
      24
      17
      22
      17
      13
      21
      14
      21
      21
      14
      21
      23
      14
      19
      14
      28
      16
      14
      27
      22
      31
      17
      19
      21
      17
      18
      25
      21
      21
      28
      19
      27
      24
      21
      20
      29
      20
      15
      29
      19
      26
      24
      12
      18
      23
      24
      29
      29
      18
      21
      16
      17
      13
      15
      17
      15
      17
      23
      17
      12
      26
      20
      20
      18
      16
      18
      16
      13
      12
      19
      11
      16
      15
      10
      16
      18
      10
      11
       7
      16
      13
      15
       5
      16
      21
      22
      15
      20
      13
       6
      14
      19
      12
      15
      10
      14
      10
      15
      12
      15
      12
      15
      15
      20
      18
      15
       6
      14
      21
      13
       5
      13
      10
      21
      15
      10
      14
      14
       5
      11
       8
      19
      10
       8
       9
       9
      14
      10
      15
      14
      15
       9
      17
      13
      10
      13
      12
      17
      10
       8
      11
      19
       5
      12
       7
       9
      11
      13
      11
      17
      12
      16
       9
      21
      21
      20
      17
      16
      20
      15
      25
      19
      26
      24
      23
      22
      20
      19
      21
      20
      21
      29
      20
      24
      22
      13
      17
      22
      22
       9
      10
      15
      16
      14
       7
      12
      16
      12
      13
      11
       7
       8
      10
       9
       9
      12
      16
      17
      14
      11
      15
       6
      12
       9
      19
       8
      13
      11
      14
      12
       8
      11
      11
       9
       7
      12
      13
      13
      10
       8
       6
      14
      11
       8
      12
      11
      12
       7
       6
       9
       8
       8
      10
      11
      12
       6
       8
      15
       6
       9
      10
       9
      10
       9
       9
      14
       6
      12
       8
       9
       4
      12
      11
       5
      12
       9
       9
       9
       9
       4
      12
       4
      10
       4
       7
      10
      14
       4
       7
      13
      11
       9
       7
       8
      11
       6
      12
       8
       7
      11
       8
       9
      10
      12
       8
      11
      11
      11
       7
       8
      14
      10
       9
       6
       6
      10
      13
      18
      13
       9
      14
      16
       7
      20
      13
      13
      14
      14
       8
      15
      15
      21
      18
      13
      10
      17
      15
      13
      12
      15
      23
      11
      19
       7
      13
      11
      11
      12
      13
      13
       6
      13
      11
      11
      11
       6
       6
       8
       9
       7
       3
       5
       8
      11
       5
       8
      10
       8
       6
       8
       5
       8
       4
       5
       4
       3
       3
       4
       3
       5
       6
       5
       6
       1
       3
       4
       5
       5
       5
       3
       6
       7
       9
       6
       6
       3
       5
       8
       6
       7
       4
       5
       4
       4
       3
       1
       8
       6
       6
       5
       5
       2
       5
       3
       4
       5
       1
       5
       2
       3
       3
       7
       4
       7
       9
       1
       3
       5
       0
       4
       3
       3
       6
       3
       6
       6
       4
       7
       9
       8
       4
       5
      10
       4
      18
       9
      14
      16
       9
      17
      15
      16
      17
      16
      24
      27
      19
      25
      24
      24
      22
      27
      29
      24
      24
      22
      22
      28
      16
      33
      21
      25
      16
      30
      27
      21
      21
      22
      17
      20
       8
       9
      14
      11
      13
      15
      11
      10
      11
      10
       6
       8
       6
       9
       7
       7
       4
       6
       1
       4
       5
       5
       2
       4
       8
       4
       5
       0
       7
       2
       2
       6
       7
       4
       5
       7
       2
       0
       1
       1
       5
       3
       5
       4
       2
       1
       2
       9
       3
       1
       3
       2
       1
       4
       1
       4
       3
       4
       3
       1
       3
       4
       4
       4
       1
       2
       4
       0
       3
       3
       2
       1
       4
       4
       4
       3
       0
       5
       5
       1
       2
       3
       1
       2
       3
       4
       1
       6
       1
       2
       1
       1
       1
       1
       6
       0
       1
       2
       4
       2
       2
       3
       4
       7
       5
       3
       4
       1
       5
       6
       2
       1
       3
       2
       2
       3
       0
       3
       5
       6
       1
       4
       2
       0
       3
       3
       2
       1
       4
       2
       1
       3
       4
       2
       1
       3
       4
       3
       2
       2
       0
       3
       7
       3
       2
       2
       1
       3
       4
       2
       1
       4
       2
       2
       3
       3
       4
       2
       5
       3
       3
       2
       5
       1
       4
       0
       5
       4
       1
       1
       3
       2
       5
       3
       2
       2
       0
       2
       2
       5
       2
       2
       0
       1
       0
       4
       3
       4
       2
       1
       4
       3
       1
       2
       2
       2
       1
       2
       3
       0
       2
       1
       3
       2
       2
       3
       4
       0
       5
       1
       1
       2
       2
       2
       1
       2
       2
       1
       1
       4
       4
       4
       2
       2
       0
       2
       4
       2
       0
       7
       2
       2
       2
       5
       1
       3
       1
       0
       3
       1
       3
       5
       2
       3
       5
       6
       3
       1
       3
       1
       0
       2
       2
       4
       1
       3
       2
       3
       2
       4
       1
       5
       4
       0
       0
       3
       0
       1
       4
       1
       4
       2
       2
       2
       4
       5
       7
       3
       1
       1
       1
       1
       5
       3
       0
       2
       3
       1
       3
       2
       2
       4
       3
       4
       3
       1
       1
       3
       4
       3
       5
       3
       6
       2
       1
       1
       4
       1
       1
       2
       5
       4
       4
       1
       3
       4
       3
       4
       3
       2
       1
       1
       6
       2
       3
       2
       4
       1
       3
       3
       2
       3
       4
       4
       1
       1
       1
       2
       5
       3
       1
       3
       5
       5
       2
       6
       3
       3
       2
       3
       2
       5
       2
       2
       1
       2
       3
       2
       1
       0
       6
       2
       0
       0
       2
       2
       2
       0
       3
       2
       2
       2
       3
       2
       4
       2
       2
       4
       3
       2
       3
       3
       1
       2
       3
       1
       1
       1
       3
       1
       4
       2
       6
       0
       0
       3
       2
       2
       2
       1
       2
       1
       3
       1
       1
       3
       1
       1
       1
       5
       1
       1
       3
       6
       3
       4
       2
       3
       3
       1
       3
       2
       3
       3
       1
       3
       4
       2
       6
       2
       6
       2
       2
       2
       7
       4
       2
       4
       2
       1
       2
       1
       4
       0
       2
       4
       2
       2
       2
       2
       2
       4
       4
       3
       2
       2
       2
       1
       5
       0
       4
       1
       1
       2
       0
       0
       1
       3
       2
       2
       2
       0
       2
       1
       2
       1
       4
       1
       5
       0
       0
       2
       1
       0
       2
       2
       1
       2
       1
       1
       2
       1
       2
       2
       2
       2
       3
       6
       3
       1
       1
       3
       1
       1
       0
       2
       2
       1
       2
       1
       3
       1
       3
       1
       0
       0
       3
       0
       4
       2
       0
       2
       2
       1
       2
       0
       1
       3
       1
       2
       2
       2
       1
       2
       0
       2
       2
       4
       1
       1
       3
       1
       1
       1
       2
       4
       1
       2
       2
       5
       1
       3
       0
       4
       1
       2
       1
       0
       2
       2
       1
       1
       2
       2
       3
       5
       1
       2
       2
       4
       1
       1
       3
       2
       2
       4
       1
       2
       0
       1
       1
       2
       4
       1
       2
       3
       2
       3
       1
       2
       1
       1
       2
       2
       1
       1
       1
       2
       2
       1
       2
       1
       1
       0
       3
       4
       1
       1
       1
       1
       0
       1
       0
       2
       1
       0
       4
       1
       3
       2
       3
       0
       0
       2
       0
       1
       1
       2
       0
       0
       2
       5
       0
       4
       2
       4
       0
       3
       4
       1
       3
       2
       1
       1
       1
       2
       2
       5
       3
       3
       1
       2
       1
       2
       3
       1
       2
       1
       0
       2
       1
       3
       0
       3
       2
       3
       0
       1
       2
       4
       0
       2
       1
       1
       1
       1
       1
       2
       2
       0
       2
       2
       0
       2
       2
       2
       4
       2
       2
       3
       0
       1
       4
       0
       3
       2
       1
       2
       2
       4
       1
       3
       0
       1
       0
       1
       4
       1
       2
       1
       2
       1
       1
       2
       3
       3
       0
       0
       2
       1
       1
       3
       2
       2
       3
       1
       3
       2
       4
       0
       3
       2
       2
       5
       6
       4
       2
       1
       1
       3
       2
       4
       3
       6
       2
       2
       4
       1
       2
       1
       0
       3
       0
       1
       1
       0
       1
       1
       1
       2
       0
       1
       4
       1
       1
       4
       3
       1
       0
       0
       1
       1
       0
       4
       4
       2
       2
       1
       0
       3
       2
       3
       2
       0
       2
       1
       1
       2
       2
       1
       1
       2
       2
       4
       2
       1
       3
       1
       2
       3
       0
       3
       1
       1
       4
       0
       3
       0
       1
       1
       4
       2
       5
       1
       2
       3
       2
       0
       1
       1
       1
       2
       3
       3
       2
       6
       3
       2
       2
       2
       2
       3
       3
       0
       2
       1
       0
       2
       2
       2
       0
       1
       2
       3
       5
       1
       0
       1
       0
       1
       6
       0
       1
       0
       4
       1
       2
       1
       3
       5
       1
       5
       2
       0
       2
       3
       2
       0
       3
       3
       3
       1
       0
       1
       1
       1
       2
       2
       2
       2
       4
       3
       6
       1
       1
       2
       1
       1
       4
       2
       1
       2
       2
       3
       3
       0
       1
       4
       1
       3
       4
       2
       2
       1
       4
       2
       4
       5
       3
       0
       1
       1
       0
       2
       2
       3
       3
       1
       2
       2
       1
       1
       2
       2
       1
       1
       0
       2
       3
       2
       5
       1
       1
       1
       1
       2
       3
       4
       1
       0
       4
       0
       3
       2
       4
       1
       1
       3
       1
       2
       0
       3
       1
       1
       0
       6
       1
       2
       4
       2
       1
       2
       4
       3
       5
       3
       3
       2
       2
       4
       4
       3
       3
       3
       3
       4
       3
       1
       5
       1
       2
       4
       5
       0
       1
       2
       2
       1
       2
       3
       1
       6
       1
       3
       3
       2
       3
       1
       2
       1
       3
       2
       2
       2
       2
       1
       1
       2
       5
       3
       4
       0
       2
       1
       1
       4
       2
       0
       1
       1
       8
       0
       1
       3
       3
       2
       2
       2
       4
       9
       4
       1
       4
       4
       3
       1
       1
       2
       2
       2
       2
       2
       4
       0
       0
       0
       0
       6
       3
       3
       1
       3
       1
       1
       4
       2
       3
       1
       4
       4
       1
       2
       0
       1
       0
       3
       3
       2
       1
       2
       4
       3
       2
       3
       2
       4
       4
       1
       1
       3
       0
       0
       1
       1
       3
       4
       2
       2
       2
       0
       1
       0
       2
       2
       2
       4
       1
       4
       2
       4
       1
       0
       3
       6
       2
       3
       2
       4
       2
       3
       1
       1
       2
       6
       4
       1
       0
       2
       1
       2
       6
       3
       2
       1
       2
       0
       2
       1
       5
       3
       1
       1
       4
       2
       0
       2
       0
       4
       2
       1
       3
       2
       2
       3
       1
       3
       4
       0
       0
       0
       4
       2
       0
       3
       3
       2
       1
       1
       3
       3
       4
       4
       2
       3
       1
       0
       6
       3
       0
       3
       1
       4
       2
       3
       2
       1
       2
       2
       0
       0
       0
       0
       0
       0
       0
       0
       0
       0
       0
       0
       0
       0
       0
       0
       0
       0
       0
       0
       0
       0
       0
       0
       0
       0
       0
       0
       0
       0
       0
       0
       0
       0
       0
       0
       0
       0
       0
       0
       0
       0
       0
       0
       0
       0
       0
       0
       0
       0
       0
       0
       0
       0
       0
       0
       0
       0
       0
       0
       0
       0
       0
       0
       0
       0
       0
       0
       0
       0
       0
       0
       0
       0
       0
       0
       0
       0
       0
       0
       0
       0
       0
       0
$ROI:
1
712 830
$PRESETS:
None
0
0
$ENER_FIT:
-23.656767 2.297974
$MCA_CAL:
3
-2.365677E+001 2.297974E+000 2.836717E-005 keV
$SHAPE_CAL:
3
0.000000E+000 0.000000E+000 0.000000E+000
