$SPEC_ID:
No sample description was entered.
$SPEC_REM:
DET# 1
DETDESC# DESKTOP-I499GD2 Easy-MCA-2k SN 18191655
AP# Maestro Version 7.01
$DATE_MEA:
02/26/2024 13:10:18
$MEAS_TIM:
77 78
$DATA:
0 2047
       0
       0
       0
       0
       0
       0
       1
       0
      80
      50
      68
      44
      58
      51
      70
      76
      68
      67
      71
      58
      66
      59
      62
      60
      58
      78
      75
      86
      87
     127
     121
     115
     142
     163
     177
     113
      90
      67
      97
      90
     110
     119
     135
     135
     126
     158
     165
     155
     180
     195
     218
     221
     215
     282
     249
     260
     271
     274
     275
     305
     297
     370
     491
     620
     721
     831
     696
     611
     469
     343
     261
     191
     202
     176
     168
     172
     178
     167
     175
     186
     174
     181
     151
     175
     156
     187
     176
     164
     154
     177
     176
     202
     158
     165
     152
     149
     162
     174
     155
     130
     137
     150
     128
     151
     131
     146
     116
     153
     134
     121
     151
     126
     121
     116
     138
     115
     123
     120
     116
     130
     122
     122
     105
     110
      94
      93
     112
     103
     127
      92
     101
      87
     100
     102
      88
     104
      71
      91
      97
     114
      99
      79
      67
      96
      72
      83
      77
      93
      88
      73
      75
      90
      78
      79
      74
      79
      77
      85
      67
      67
      78
      79
      71
      71
      60
      70
      67
      60
      69
      83
      63
      58
      53
      70
      51
      70
      59
      53
      70
      57
      60
      54
      44
      60
      57
      46
      43
      51
      58
      50
      51
      59
      62
      59
      57
      52
      57
      58
      56
      52
      48
      54
      45
      49
      54
      53
      53
      51
      56
      60
      66
      61
      51
      83
      58
      57
      71
      63
      71
      76
      77
      91
      95
     109
      96
     102
      98
     110
     117
     115
      99
      98
     139
     129
     108
     103
      95
     111
      81
      84
      72
      61
      76
      48
      48
      48
      41
      46
      33
      32
      38
      28
      32
      41
      25
      30
      33
      32
      29
      31
      33
      28
      32
      33
      27
      33
      32
      32
      22
      34
      28
      30
      32
      31
      32
      32
      36
      30
      32
      41
      35
      42
      38
      35
      22
      30
      27
      25
      32
      33
      21
      32
      26
      27
      34
      24
      20
      36
      44
      28
      39
      31
      18
      25
      41
      28
      30
      25
      27
      30
      29
      19
      18
      24
      26
      28
      26
      22
      32
      32
      28
      23
      34
      31
      32
      23
      25
      39
      31
      35
      22
      32
      25
      29
      27
      31
      26
      26
      32
      21
      32
      16
      21
      28
      24
      19
      33
      22
      24
      37
      29
      25
      17
      36
      24
      37
      29
      25
      29
      26
      26
      22
      32
      21
      26
      27
      27
      22
      22
      27
      25
      28
      33
      24
      23
      25
      29
      18
      27
      23
      21
      25
      27
      21
      23
      21
      19
      20
      29
      22
      24
      22
      22
      22
      30
      33
      19
      17
      26
      15
      30
      23
      18
      18
      16
      23
      20
      20
      17
      13
      26
      26
      25
      19
      15
      18
      23
      22
      19
      18
      20
      17
      19
      20
      22
      22
      23
      19
      18
      21
      14
      19
      16
      18
      15
      27
      18
      17
      15
      24
      27
      25
      18
      28
      17
      21
      14
      16
      23
      21
      21
      28
      20
      19
      17
      17
      14
      17
      20
      21
      13
      16
      27
      31
      22
      15
      15
      21
      17
      18
      18
      24
      17
      15
      18
      21
      24
      19
      23
      15
      23
      18
      22
      26
      22
      24
      25
      16
      23
      18
      28
      24
      22
      30
      24
      29
      17
      24
      21
      21
      20
      16
      28
      28
      31
      26
      29
      27
      27
      19
      23
      17
      16
      20
      16
      19
      19
      23
      26
      20
      15
      20
      27
      17
      13
      20
      17
      21
      21
      12
      24
      20
      13
      18
      17
      18
      19
      20
      32
      21
      20
      22
      30
      16
      16
      21
      23
      21
      22
      22
      22
      25
      21
      19
      37
      20
      11
      22
      17
      21
      26
      26
      18
      28
      26
      27
      18
      27
      22
      26
      13
      25
      18
      23
      19
      22
      22
      19
      22
      21
      17
      12
      23
      16
      22
      19
      17
      12
      15
      24
      21
      18
      19
      25
      13
      18
      21
      12
      21
      21
      18
      18
      12
      19
      20
      16
      20
      19
      28
      17
      17
      19
      19
      19
      21
      23
      15
      24
      34
      25
      20
      17
      20
      25
      15
      23
      33
      22
      20
      25
      17
      22
      24
      25
      28
      19
      31
      24
      22
      18
      12
      29
      26
      24
      20
      22
      20
      25
      27
      24
      14
      23
      31
      23
      28
      23
      20
      19
      18
      17
      19
      28
      17
      19
      18
      16
      19
      17
      14
      12
      13
      18
      15
      17
      20
      12
      16
      14
      14
      12
      11
      10
      13
       9
      10
      16
       7
      14
      12
      12
       8
      12
       9
       8
       6
       9
       6
       7
      10
      13
      10
      14
       8
       8
      14
      12
       9
       8
      11
       6
       8
      14
      13
       6
      11
       6
       7
       5
       5
      13
       8
       8
      10
      12
       3
      11
       5
      15
       7
       9
       9
       9
       7
       8
       8
      10
       9
      15
      14
       5
      10
       8
      18
      17
      19
      18
      18
      20
      26
      29
      30
      41
      26
      30
      25
      42
      42
      39
      49
      56
      51
      54
      58
      56
      67
      62
      64
      68
      64
      71
      64
      55
      77
      61
      55
      73
      59
      55
      62
      69
      52
      60
      51
      49
      42
      42
      34
      37
      43
      40
      34
      38
      21
      27
      40
      26
      27
      16
      29
      22
      16
      15
      15
       9
       7
      18
      10
      14
       8
       4
       9
       7
       9
       8
       5
       5
       8
      12
       8
       5
       3
       2
       8
       7
       4
       6
       3
       5
      10
       5
       5
       5
       3
       9
       4
       4
       6
       5
       8
       3
       3
      10
       7
       2
       4
       3
       4
       6
       5
       7
       7
       7
       4
       3
       4
       7
       6
       4
       6
       7
       5
       9
       6
       8
       4
       5
       3
       4
       7
       5
       5
       4
       8
       2
       3
       5
       8
       3
      10
       9
       9
       8
       6
       5
       6
       6
       5
       6
       4
       6
       9
       4
       5
       3
       4
       6
       9
       5
       5
       4
       8
       7
       3
       3
       7
       7
       1
       3
       6
      11
       5
       5
       2
       6
       5
       5
      10
       6
       6
       6
       4
       6
       5
       8
       6
       6
      10
       2
       3
       2
       3
       6
       6
       5
       4
       6
       6
       4
       6
       5
       5
      11
       5
       8
       5
       7
       5
      10
      10
       5
       5
       8
       9
       4
       5
       3
       7
       7
       6
       1
       6
       5
       7
       3
       5
       2
       7
       3
       6
       4
       6
       4
       4
      10
       3
       6
       3
       5
       6
       2
       1
       5
       4
       3
       3
       2
       1
       6
       5
       2
       5
       7
       7
       6
       6
       9
      12
       7
       7
       7
       5
      10
       6
       7
       3
       6
       2
       7
      10
       7
       2
      10
      14
       5
       6
       4
       8
       1
       4
       9
       4
       7
       5
       4
       5
       3
       6
       2
       3
       4
       6
       3
       8
       5
       7
       4
       5
       5
       3
       6
       4
       7
       3
       6
       5
       6
       8
       5
       3
       2
       7
       8
       3
       4
       5
       3
       8
       5
       4
       5
       3
       6
       2
       3
       2
       2
       3
       3
       3
       1
       3
       3
       4
       2
       4
       2
       8
       7
       8
       2
       8
       5
       4
       3
       4
       6
       5
       2
       4
       3
       1
       3
       4
       5
       4
       5
       3
       6
       7
       7
       3
       9
       6
       6
       4
       5
       3
       5
       4
       1
       2
       6
       6
       5
       6
       5
       5
       3
       3
       9
       6
       3
       3
       3
       5
       5
       3
       3
       3
       3
       8
       8
       5
       8
       8
       3
       5
       5
       6
       3
       6
      11
       1
       2
       5
       2
       7
       2
       6
       4
       3
       4
       6
       4
       4
       2
       3
       2
       2
       4
       7
       1
       4
       4
       6
       7
       1
       5
       3
       1
       4
       5
       3
       2
       0
       3
       3
       8
       5
       6
       2
       4
       2
       5
       4
       5
       3
       3
       3
       8
       2
       6
       5
       4
       7
       3
       4
       4
       4
       5
       3
       5
       7
       2
       6
       3
       4
       4
       4
       4
       5
       2
       3
       8
       2
       5
       5
       5
       8
      12
       3
       5
       6
       6
       4
       0
       3
       5
       3
       5
       7
       3
       2
       5
       3
       2
       8
       3
       6
       4
       3
       5
       3
       1
       4
       3
       3
       0
       4
       5
       3
       5
       2
       3
       2
       3
       2
       4
       2
       7
       2
       6
       5
       4
       5
       9
       2
       6
       5
       2
       4
       6
       0
       4
       3
       2
       5
       1
       3
       1
       3
       2
       4
       1
       6
       1
       3
       1
       5
       3
       6
       4
       1
       2
       3
       5
       0
       6
       0
       3
       3
       3
       4
      10
       3
       4
       5
       1
       7
       6
       2
       7
       1
       5
       2
       3
       2
       3
       1
       0
       3
       6
       4
       3
       5
       5
       7
       1
       3
       1
       4
       4
       4
       7
       5
       1
       1
       3
       3
       4
       2
       3
       1
       4
       9
       7
       4
       3
       2
       5
       5
       2
       4
       4
       4
       4
       5
       3
       1
       3
       6
       5
       3
       4
       1
       7
       6
       3
       2
       1
       5
       3
       8
       2
       2
       5
       2
       5
       4
       3
       3
       3
       1
       3
       5
       3
       0
       5
       5
       2
       4
       4
       4
       4
       3
       5
       3
       5
       3
       4
       3
       1
       5
       3
       5
       0
       8
       1
       3
       4
       5
       3
       5
       5
       8
       4
       3
       3
       2
       4
       2
       1
       3
       5
       2
       4
       4
       6
       5
       6
       2
       2
       2
       7
       3
       3
       4
       3
       6
       5
       2
       2
       2
       5
       3
       2
       2
       4
       7
       2
       2
       4
       6
       3
       4
       3
       4
       5
       2
       1
       4
       2
       4
       3
       4
       4
       3
       3
       4
       2
       4
       4
       5
       1
       3
       3
       4
       1
       5
       4
       7
       4
       4
       5
       1
       6
       5
       5
       3
       4
       6
       2
       8
       4
       3
       2
       4
       2
       1
       4
       4
       2
       0
       4
       3
       1
       4
       5
       3
       5
       2
       3
       3
       2
       5
       3
       2
       5
       3
       2
       5
       3
       5
       6
       1
       3
       3
       6
       3
       2
       2
       5
       3
       4
       1
       6
       6
       4
       5
       3
       2
       7
       4
       1
       5
       2
       2
       2
       4
       2
       5
       3
       4
       6
       6
       7
       4
       7
       5
       2
       7
       1
       5
       4
       4
       3
       1
       5
       3
       2
       4
       8
       2
       1
       6
       3
       4
       1
       5
       5
       3
       5
       2
       8
       2
       6
       4
       2
       5
       2
       3
       4
       4
       2
       3
       3
       2
       6
       4
       6
       4
       1
       9
       7
       4
       2
       3
       4
       5
       1
       5
       5
       4
       1
       3
       3
       5
       5
       3
       4
       7
       3
       5
       2
       7
       4
       2
       6
       4
       5
       3
       5
       6
       8
       4
       5
       9
       1
       4
       3
       3
       6
       3
       7
       4
       1
       4
       5
       6
       4
       4
       3
       5
       4
       6
       4
       3
       3
       9
       4
       4
       5
       5
       4
       4
       0
       5
       6
       7
       5
       5
       3
       5
       3
       3
       5
       4
       6
       1
       6
       3
       3
       4
       1
       8
       5
       6
       6
       3
       5
       6
       5
       4
       1
       4
       8
       3
       3
       5
       2
       3
       7
       4
       3
       1
       2
       5
       7
       9
       6
       3
       3
       3
       2
       6
       5
       0
       6
       6
       2
       4
       1
       7
       3
       1
      11
       3
       4
       5
       3
       2
       7
       7
       5
       4
       5
       3
       1
       4
       4
       3
       4
       7
       3
       2
       2
       6
       6
       4
       8
       4
       4
       5
       7
       5
       9
       3
       5
       5
       3
       5
       3
       6
       7
       0
       3
       7
       6
       5
       3
       3
       4
       1
       4
       5
       2
       8
       4
       2
       4
       2
       4
       3
       5
       6
       6
       3
       5
       1
       5
       3
       6
       4
       3
       4
       5
       4
       3
       4
       5
       5
       4
       5
       1
       4
       3
       4
       6
       7
       6
       7
       5
       8
       6
       4
       8
       5
       6
       6
       6
       8
       1
       3
       5
       2
       6
       4
       6
       7
       5
       5
       3
       1
       0
       3
       4
       5
       0
       4
       2
       7
       6
       6
       8
       3
       3
       1
       2
       5
       4
       5
       4
       3
       6
       2
       3
       7
       3
       5
       4
       3
       3
       2
       5
       5
       2
       3
       3
       3
       3
       2
       3
      10
       5
       5
       3
       4
       1
       4
       3
       4
       4
       6
       4
       3
       5
       3
       4
       3
       2
       4
       4
       3
       5
       2
       2
       2
       2
       2
       4
       4
       8
       7
       7
       3
       6
       5
       7
       5
       5
       3
       4
       6
       2
       4
       2
       6
       8
       3
       4
       5
       2
       1
       4
       4
       3
       3
       3
       5
       8
       7
       4
       3
       2
       1
       4
       2
       0
       5
       6
       1
       3
       5
       7
       1
       3
       4
       2
       9
       2
       2
       5
       4
       7
       4
       6
       2
       2
       3
       3
       5
       4
       5
       2
       1
       0
       0
       0
       0
       0
       0
       0
       0
       0
       0
       0
       0
       0
       0
       0
       0
       0
       0
       0
       0
       0
       0
       0
       0
       0
       0
       0
       0
       0
       0
       0
       0
       0
       0
       0
       0
       0
       0
       0
       0
       0
       0
       0
       0
       0
       0
       0
       0
       0
       0
       0
       0
       0
       0
       0
       0
       0
       0
       0
       0
       0
       0
       0
       0
       0
       0
       0
       0
       0
       0
       0
       0
       0
       0
       0
       0
       0
       0
       0
       0
       0
       0
       0
$ROI:
1
712 830
$PRESETS:
None
0
0
$ENER_FIT:
-23.656767 2.297974
$MCA_CAL:
3
-2.365677E+001 2.297974E+000 2.836717E-005 keV
$SHAPE_CAL:
3
0.000000E+000 0.000000E+000 0.000000E+000
