$SPEC_ID:
No sample description was entered.
$SPEC_REM:
DET# 1
DETDESC# DESKTOP-I499GD2 Easy-MCA-2k SN 18191655
AP# Maestro Version 7.01
$DATE_MEA:
02/26/2024 12:56:06
$MEAS_TIM:
128 129
$DATA:
0 2047
       0
       0
       0
       0
       0
       0
       4
       2
      93
      63
      66
      48
      51
      64
      70
      74
      60
      75
      76
      90
      84
      65
      73
      76
      72
      81
      79
     100
     137
     156
     149
     165
     195
     238
     216
     187
     132
      97
     113
     113
     134
     136
     152
     147
     174
     209
     248
     230
     254
     262
     306
     324
     332
     379
     386
     360
     379
     310
     361
     402
     465
     580
     733
     936
    1128
    1289
    1180
     976
     677
     541
     374
     243
     227
     236
     199
     217
     211
     224
     168
     221
     223
     199
     222
     201
     190
     199
     197
     227
     230
     198
     210
     218
     205
     193
     212
     189
     199
     196
     196
     183
     186
     164
     161
     160
     154
     148
     148
     173
     159
     158
     164
     156
     173
     165
     155
     162
     134
     157
     117
     126
     142
     128
     118
     111
     139
     136
     109
     126
     107
     102
     128
     129
     105
     122
     114
     107
     104
     109
     111
      92
      91
     103
      96
     103
      89
      86
      85
      98
      93
      73
      89
      85
      82
      95
      88
      84
      88
      69
      87
      82
      82
      87
      69
      81
      84
      78
      79
      78
      72
      57
      75
      57
      51
      66
      70
      70
      57
      57
      67
      49
      65
      54
      66
      51
      46
      48
      60
      47
      57
      53
      55
      65
      83
      42
      63
      49
      59
      51
      54
      53
      45
      53
      53
      50
      48
      47
      66
      63
      70
      57
      59
      60
      65
      79
      70
      83
      93
      87
      77
      75
      92
     102
      83
     109
     107
     101
      94
      98
     116
     112
      98
      99
     115
      88
     100
      99
     100
      94
      67
      94
      78
      71
      68
      43
      57
      52
      52
      34
      48
      35
      39
      35
      31
      31
      26
      31
      25
      41
      47
      41
      39
      29
      41
      27
      29
      45
      34
      37
      41
      33
      38
      42
      44
      32
      37
      31
      36
      28
      31
      34
      32
      34
      39
      33
      33
      31
      43
      37
      25
      28
      28
      26
      35
      28
      41
      28
      31
      40
      29
      23
      29
      22
      23
      36
      24
      22
      23
      33
      37
      30
      31
      15
      23
      29
      29
      33
      22
      32
      16
      23
      26
      31
      23
      30
      28
      21
      36
      21
      23
      25
      29
      23
      32
      26
      22
      29
      26
      30
      20
      27
      24
      31
      31
      32
      16
      33
      22
      24
      27
      31
      24
      19
      18
      25
      33
      22
      32
      23
      22
      27
      30
      27
      27
      30
      27
      27
      23
      33
      34
      24
      28
      32
      23
      30
      24
      30
      14
      18
      31
      24
      22
      20
      23
      28
      20
      32
      27
      22
      25
      30
      17
      18
      17
      19
      15
      22
      24
      35
      23
      18
      22
      22
      27
      20
      21
      16
      17
      20
      24
      16
      19
      28
      25
      23
      14
      30
      17
      15
      21
      20
      20
      15
      21
      21
      22
      20
      28
      21
      21
      19
      15
      26
      19
      21
      14
      13
      17
      21
      17
      21
      19
      22
      11
      17
      18
      17
      21
      15
      27
      13
      26
      19
      13
      12
      16
      10
      18
      18
      18
      19
      14
      23
      13
      15
       9
      20
      21
      14
      19
      15
      27
      18
      22
      12
      20
      18
      21
      15
      22
      22
      24
      22
      20
      32
      26
      34
      29
      33
      26
      25
      30
      33
      29
      20
      26
      21
      20
      32
      28
      35
      36
      17
      31
      21
      14
      20
      21
      24
      14
      21
      20
      17
      22
      16
      11
      14
      20
      16
      15
      14
      19
      19
      15
      11
      14
      19
      18
      18
      16
      11
      18
      18
      12
      12
      19
      17
      20
      17
      15
      13
      17
      21
      13
      18
      24
      16
      15
      17
      14
      18
      20
      12
      17
      23
      15
      15
      14
      16
      13
      21
      22
      20
      15
      28
      17
      17
      14
      24
      19
      17
      14
      15
      17
      22
      19
      14
      14
      13
      13
      10
      12
      21
      13
      19
      14
      16
      14
      17
      24
      17
      13
      14
      23
      15
      10
      16
       6
      17
      14
      12
      15
      10
      14
      18
      24
      16
      19
      15
      15
      14
      17
      14
      18
      21
      16
      15
      22
      15
      17
      16
      27
      25
      20
      31
      16
      13
      21
      17
      20
      14
      26
      21
      17
      32
      10
      17
      26
      15
      29
      18
      21
      19
      27
      18
      15
      32
      17
      23
      26
      15
      19
      23
      11
      22
      13
      20
      17
      15
      23
      18
      21
      13
      20
      14
      17
      11
      11
       8
      16
      13
      23
       7
      12
       7
       9
      20
      11
      12
      14
       6
      11
      10
       7
      10
       9
       9
      11
       7
      13
      11
      10
      10
       8
      10
      11
       8
       8
       6
       9
       4
       8
       8
       6
      11
      10
       8
       9
       6
       8
      10
       9
       5
       5
      10
       7
       6
       8
       3
       5
      11
       8
       3
       6
       3
       7
      10
       3
       2
      11
       7
       6
      12
       2
       2
       8
       4
      13
       4
      12
       7
      10
      13
      11
      20
       5
      14
      18
      22
      27
      22
      22
      22
      23
      26
      32
      29
      26
      39
      29
      25
      34
      39
      43
      37
      41
      44
      52
      40
      53
      49
      46
      47
      56
      60
      53
      42
      44
      48
      41
      60
      37
      44
      34
      38
      38
      36
      30
      25
      20
      23
      31
      27
      25
      17
      24
      22
      20
      17
      18
      10
      14
      14
      11
       9
       8
       9
      11
       4
       6
       6
       6
       9
       7
       7
      12
       5
       3
       6
       8
       4
       5
       2
       1
       5
       4
       6
       5
       3
       6
       5
       6
       3
       6
       3
       4
       1
      10
       5
       5
       5
       4
       6
       3
       8
       4
       4
       5
       6
       9
       5
       7
       4
       4
       3
      13
       6
       2
       4
       6
       5
       3
       6
       6
       4
       6
       7
       2
       4
       3
       3
       5
       7
       4
       2
       6
       3
       2
       0
       3
       5
       1
       8
       5
       4
       4
       3
       5
       4
       2
       4
       1
       3
       3
       5
       2
       7
       6
       3
       7
       3
       4
       4
       3
       2
       5
       3
       2
       4
       5
       4
       7
       2
       4
       3
       7
       5
       5
       5
       4
       3
       0
       1
       5
       4
       3
       8
       2
       6
       9
       7
       8
       5
       5
       3
       3
       5
       5
       6
       3
       2
       3
       4
       0
       6
       7
      11
       2
       7
       1
       6
       2
       6
       6
       5
       7
       7
       7
      10
       2
       5
       9
       1
       3
       1
       5
       4
       3
       4
       5
       3
       3
       5
       4
       2
       5
       3
       2
       6
       3
       3
       7
       5
       2
       8
       3
       7
       5
       4
       3
       3
       5
       2
       5
       4
       0
       2
       4
       5
       8
       1
       3
       3
       5
       3
       1
       5
       5
       2
       2
       7
       8
       2
       1
       5
       5
       5
       3
       2
       1
       4
       8
       5
       3
       5
       1
       5
       3
       4
       1
       5
       4
       1
       3
       4
       2
       3
       4
       6
       6
       4
       3
       4
       5
       6
       2
       4
       3
       4
       4
       1
       3
       1
       3
       5
       8
       3
       0
       6
       3
       7
       4
       2
       4
       2
       2
       1
       4
       2
       4
       3
       2
       1
       4
       4
       4
       8
       3
       3
       1
       3
       2
       5
       3
       1
       4
       2
       2
       2
       7
       3
       2
       5
       5
       3
       5
       5
       5
       7
       1
       5
      10
       4
       2
       2
       3
       4
       5
       1
       6
       4
       4
       4
       5
       4
       1
       5
       2
       4
       4
       2
       3
       3
      10
       2
       5
       7
       5
       3
       3
       8
       5
       7
       5
       7
       7
       7
       1
      11
       1
       8
       3
       6
       2
       4
       5
       4
       2
       6
       0
       6
       5
       6
       4
       4
       5
       1
       4
       4
       4
       6
       2
       3
       5
       3
       1
       1
       5
       4
       1
       4
       3
       3
       5
       4
       4
       4
       7
       5
       7
       1
       3
       2
       3
       1
       4
       4
       1
       2
       6
       3
       5
       4
       3
       1
       5
       5
       3
       6
       3
       4
       1
       5
       7
       2
       4
       4
       3
       2
       5
       3
       0
       4
       5
       3
       7
       5
       5
       7
       3
       6
       1
       5
       2
       4
       5
       0
       6
       6
       3
       3
       6
       4
       5
       2
       2
       3
       3
       2
       2
       3
       5
       2
       4
       5
       7
       1
       1
       1
       4
       1
       3
       7
       3
       4
       5
       2
       4
       2
       4
       3
       2
       5
       2
       2
       3
       3
       3
       3
       3
       5
       6
       1
       4
       4
       1
       3
       4
       3
       0
       5
       5
       1
       2
       2
       3
       2
       3
       3
       1
       2
       2
       0
       2
       6
       2
       4
       4
       4
       4
       2
       3
       3
       4
       2
       1
       3
       4
       2
       1
       2
       1
       3
       3
       1
       1
       5
       2
       4
       1
       6
       4
       5
       5
       0
       2
       3
       8
       2
       6
       3
       4
       3
       3
       2
       3
       1
       8
       1
       3
       0
       2
       3
       2
       4
       5
       7
       2
       3
       2
       1
       4
       3
       1
       3
       0
       1
       0
       2
       4
       1
       4
       4
       5
       5
       2
       1
       1
       5
       1
       4
       3
       3
       2
       5
       3
       3
       2
       4
       6
       2
       2
       6
       2
       1
       1
       3
       1
       1
       2
       7
       2
       2
       6
       4
       0
       5
       3
       5
       2
       3
       2
       5
       2
       1
       3
       1
       3
       5
       4
       3
       4
       4
       2
       3
       3
       2
       2
       4
       3
       3
       6
       1
       4
       2
       5
       5
       1
       3
       4
       2
       5
       5
       0
       2
       2
       0
       4
       3
       3
       2
       7
       2
       3
       1
       5
       3
       5
       2
       5
       4
       1
       5
       1
       6
       4
       3
       2
       1
       2
       3
       2
       4
       2
       1
       1
       3
       3
       3
       3
       3
       4
       3
       3
       0
       2
       2
       7
       8
       5
       1
       2
       7
       4
       5
       2
       0
       2
       3
       2
       3
       2
       2
       0
       1
       2
       3
       4
       4
       4
       3
       4
       4
       6
       4
       2
       4
       0
       5
       2
       3
       6
       5
       1
       5
       5
       4
       1
       1
       6
       7
       0
       0
       5
       3
       2
       1
       3
       6
       2
       1
       2
       1
       2
       5
       5
       3
       2
       3
       3
       1
       3
       4
       0
       2
       6
       2
       5
       5
       3
       5
       2
       3
       3
       7
       4
       4
       2
       1
       3
       2
       2
       3
       3
       3
       4
       4
       3
       6
       3
       2
       3
       3
       2
       3
       1
       5
       4
       2
       5
       3
       6
       3
       1
       4
       1
       3
       5
       4
       3
       2
       0
       2
       6
       9
       0
       2
       6
       4
       2
       3
       2
       3
       3
       2
       2
       0
       5
       5
       2
       5
       7
       4
       1
       2
       1
       8
       7
       2
       4
       4
       4
       2
       1
       2
       2
       1
       4
       2
       4
       4
       3
       0
       4
       4
       4
       3
       3
       3
       1
       6
       3
       2
       6
       5
       2
       0
       1
       5
       3
       0
       2
       2
       0
       5
       4
       3
       8
       5
       5
       3
       1
       3
       2
       6
       3
       4
       6
       2
       5
       3
       4
       4
       4
       6
       4
       4
       3
       2
       5
       2
       5
       7
       3
       2
       5
       0
       4
       1
       4
       2
       5
       4
       3
       5
       3
       5
       4
       1
       4
       2
       6
       1
       3
       7
       3
       5
       2
       3
       5
       2
       3
       4
       5
       2
       4
       6
       6
       5
       4
       4
       2
       5
       4
       2
       3
       0
       5
       4
       4
       6
       2
       8
       2
       3
       3
       0
       6
       5
       5
       3
       2
       4
       0
       2
       1
       1
       4
       4
       2
       4
       9
       3
       1
       2
       4
       6
       1
       5
       5
       2
       9
       4
       3
       6
       6
       2
       3
       5
       2
       5
       3
       2
       3
       3
       0
       7
       5
       0
      11
       6
       6
       5
       6
       1
       5
       5
       2
       1
       3
       1
       6
       3
       3
       6
       6
       2
       4
       2
       4
       5
       4
       7
       0
       3
       4
       5
       2
       3
       3
       4
       2
       4
       2
       4
       3
       5
       4
       6
       6
       2
       7
       3
       9
       3
       4
       2
       6
       5
       6
       4
       2
       4
       7
       1
       3
       4
       5
       6
       4
       2
       2
       8
       2
       5
       1
       1
       5
       4
       1
       3
       4
       4
       4
       1
       5
       3
       4
       3
       4
       7
       4
       4
       1
       0
       4
       1
       0
       4
       3
       3
       2
       3
       2
       2
       4
       6
       1
       5
       2
       5
       4
       7
       0
       4
       1
       5
       1
       0
       4
       3
       1
       4
       2
       3
       4
       1
       5
       4
       5
       3
       4
       5
       4
       1
       4
       4
       5
       2
       2
       2
       6
       7
       2
       5
       3
       9
       5
       6
       6
       4
       3
       2
       0
       1
       3
       6
       5
       4
       8
       2
       0
       4
       2
       1
       1
       2
       4
       4
       5
       2
       4
       3
       5
       3
       2
       3
       1
       2
       1
       5
       6
       1
       4
       1
       4
       2
       2
       6
       9
       3
       2
       6
       4
       1
       0
       0
       0
       0
       0
       0
       0
       0
       0
       0
       0
       0
       0
       0
       0
       0
       0
       0
       0
       0
       0
       0
       0
       0
       0
       0
       0
       0
       0
       0
       0
       0
       0
       0
       0
       0
       0
       0
       0
       0
       0
       0
       0
       0
       0
       0
       0
       0
       0
       0
       0
       0
       0
       0
       0
       0
       0
       0
       0
       0
       0
       0
       0
       0
       0
       0
       0
       0
       0
       0
       0
       0
       0
       0
       0
       0
       0
       0
       0
       0
       0
       0
       0
       0
$ROI:
1
712 830
$PRESETS:
None
0
0
$ENER_FIT:
-23.656767 2.297974
$MCA_CAL:
3
-2.365677E+001 2.297974E+000 2.836717E-005 keV
$SHAPE_CAL:
3
0.000000E+000 0.000000E+000 0.000000E+000
