$SPEC_ID:
No sample description was entered.
$SPEC_REM:
DET# 1
DETDESC# DESKTOP-I499GD2 Easy-MCA-2k SN 18191655
AP# Maestro Version 7.01
$DATE_MEA:
02/26/2024 12:48:30
$MEAS_TIM:
150 151
$DATA:
0 2047
       0
       0
       0
       0
       0
       0
       1
       2
      82
      60
      57
      67
      85
      88
      92
      78
      80
      86
      82
      79
      89
      56
      77
      77
      81
      93
      88
     113
     144
     171
     199
     221
     233
     264
     261
     208
     137
     126
     119
     134
     153
     181
     191
     170
     223
     218
     260
     249
     282
     300
     311
     371
     404
     413
     461
     394
     399
     409
     413
     445
     522
     636
     890
    1076
    1337
    1521
    1318
    1153
     848
     648
     390
     295
     276
     228
     242
     255
     246
     245
     259
     223
     213
     222
     236
     207
     205
     251
     222
     252
     264
     234
     253
     214
     249
     221
     213
     210
     198
     210
     202
     170
     185
     193
     171
     179
     163
     196
     169
     174
     176
     182
     162
     171
     160
     164
     142
     167
     134
     160
     138
     137
     119
     145
     145
     138
     156
     137
     136
     143
     125
     119
     126
     120
     106
     130
     127
     127
     114
     120
     133
      98
     109
      97
     111
      87
      98
     122
      97
     116
     109
      92
      99
      90
      84
      77
      87
      94
      79
      93
      81
      85
      90
      91
      75
     102
      79
      60
      76
      64
      68
      90
      86
      68
      84
      64
      90
      50
      63
      64
      65
      58
      74
      75
      56
      54
      67
      51
      74
      57
      50
      55
      58
      73
      47
      55
      66
      51
      55
      64
      55
      61
      55
      67
      69
      58
      61
      59
      58
      71
      67
      59
      65
      82
      87
      76
      86
      89
      89
     103
      78
      85
      89
     111
     100
     101
     102
     123
     109
     103
     113
     124
     113
     105
     118
     115
     102
     103
     102
      79
      82
      82
      73
      67
      55
      58
      56
      56
      44
      43
      41
      33
      47
      27
      45
      42
      37
      38
      30
      22
      51
      33
      39
      30
      41
      24
      45
      38
      42
      35
      36
      30
      36
      31
      39
      33
      41
      43
      42
      40
      41
      44
      38
      38
      32
      33
      42
      34
      36
      27
      31
      31
      23
      28
      35
      33
      43
      31
      28
      28
      23
      31
      28
      32
      21
      25
      20
      34
      27
      28
      20
      30
      31
      31
      23
      20
      25
      25
      26
      29
      22
      34
      20
      26
      28
      23
      29
      31
      28
      30
      29
      27
      33
      26
      30
      20
      24
      20
      36
      24
      23
      18
      34
      28
      25
      26
      29
      27
      25
      25
      30
      21
      25
      28
      19
      33
      24
      33
      30
      21
      31
      31
      22
      36
      28
      29
      39
      34
      29
      23
      30
      26
      30
      20
      33
      29
      27
      35
      21
      19
      35
      21
      20
      29
      31
      34
      39
      25
      23
      17
      34
      23
      22
      13
      15
      15
      16
      26
      23
      18
      22
      22
      24
      26
      17
      15
      25
      24
      25
      16
      18
      19
      19
      19
      20
      20
      25
      16
      20
      21
      27
      21
      18
      12
      20
      24
      22
      18
      16
      18
      17
      17
      24
      13
      20
      17
      22
      29
      18
      13
      18
      15
      17
      16
      19
      17
      13
      12
      16
      19
      24
      12
      21
      21
      17
      17
      17
      18
      15
      12
      26
      19
      16
      13
      12
       9
      12
      22
      23
      18
      12
      20
      22
      23
      26
      16
      20
      17
      19
      19
      17
      28
      22
      21
      17
      20
      22
      24
      25
      42
      23
      29
      27
      38
      32
      23
      35
      22
      24
      33
      28
      21
      25
      28
      22
      25
      23
      23
      22
      18
      18
      19
      23
      27
      27
      23
      17
      26
      19
      14
      20
      17
      20
      15
      13
      19
      15
      17
      17
      17
      21
      17
      16
      11
      16
       8
      10
      14
      18
      13
      22
      14
      15
      14
      15
       9
      12
      13
      11
      16
      17
      14
      16
      14
      18
      15
      12
      13
      18
      12
      20
      19
      13
      18
      16
      15
      19
      19
      12
      13
      17
      14
      22
      13
      17
      17
      26
      15
      23
      15
      17
      12
       7
       9
      19
      17
      13
      11
      16
      17
      13
      17
      16
       5
      14
      14
      14
      14
      16
      13
      12
      13
      11
      14
      15
      17
      23
      13
      16
      22
      19
      20
      14
      12
      20
      25
      16
      16
      23
      10
      19
      15
      21
      14
      24
      11
      13
      15
      18
      16
      21
      16
      20
      14
      22
      29
      14
      20
      21
      12
      17
      25
      23
      22
      23
      25
      28
      22
      16
      23
      18
      16
      24
      16
      24
      14
      18
      19
      15
      16
      21
      22
      16
      21
      12
      17
      14
      15
      14
      15
      18
      10
       9
      15
      15
      14
      10
      17
      11
      10
      11
      12
       9
       8
       7
       6
      12
       9
      13
       8
      11
       6
       9
       7
       7
      13
      10
       5
       6
       4
      10
       6
       9
       9
      12
       4
       7
       6
       6
       8
      11
       7
       5
       4
       9
      11
      10
      11
       6
       5
       2
       4
       7
       9
       5
       8
       4
       4
       8
       8
       6
       3
       8
      11
      10
       9
      13
       7
       8
       9
       8
       7
       6
      17
       9
      20
      15
       9
      13
      13
      10
      19
      14
      21
      19
      11
      35
      24
      24
      22
      36
      38
      40
      26
      41
      36
      36
      44
      33
      45
      40
      50
      48
      43
      42
      55
      40
      46
      55
      38
      49
      41
      33
      31
      41
      29
      23
      22
      27
      26
      19
      24
      22
      28
      12
      18
      25
       9
      14
      11
      12
       9
      14
      10
      10
       8
       7
      11
      11
      12
       7
       6
       9
       3
       9
       4
       9
       1
       6
       3
       5
       7
       3
       6
       2
       6
       6
       3
       8
       5
       2
       8
       5
       4
       5
       1
       7
       3
       5
       8
       4
       4
       4
       2
       4
       5
       6
       2
       3
       4
       8
       5
       3
       8
       4
       3
       4
       6
       5
       4
       4
       5
       3
       7
       6
       8
       5
       8
       6
       2
       2
       1
       6
       3
       1
       2
       4
       4
       5
       0
       4
       5
       3
       4
       2
       4
       3
       6
       1
       4
       8
       5
       5
       5
       7
       2
       3
       4
       5
       2
       4
       4
       8
       2
       7
       5
       3
       4
      10
       5
       4
       4
       3
       5
       3
       3
       4
       5
       4
       3
       4
       5
       2
       2
       3
       3
       4
       7
       4
       6
       5
       2
       6
       9
       5
       8
       1
       3
       1
       4
       3
       6
       6
       4
       3
       5
      14
       4
       2
       2
       6
       4
       1
       4
       5
       5
       6
       8
       5
       7
       5
       6
       4
       7
       4
       3
       5
       5
       3
       3
       6
       3
       3
       5
       6
       5
       4
       2
       3
       3
       4
       4
       4
       4
       3
       2
       6
       6
       3
       5
       1
       6
       4
       2
       6
       4
       3
       2
       3
       3
       4
       3
       6
       1
       4
       4
       5
       3
       4
       7
       8
       1
       7
       4
       4
       4
       3
       5
       3
       6
       7
       3
       5
       2
       3
       3
       6
       4
       1
       7
       3
       2
       2
       0
       3
       5
       3
       3
       4
       3
       3
       4
       1
       2
       6
       8
       4
       0
       5
       5
       7
       3
       1
       5
       3
       4
       3
       3
       4
       5
       3
       3
       1
       6
       3
       2
       3
       4
       3
       2
       2
       3
       3
       5
       3
       4
       3
       2
       5
       4
       2
       2
       4
       0
       6
       8
       0
       3
       5
       6
       4
       3
       5
       3
       6
       4
       4
       4
       2
       1
       6
       2
       5
       2
       7
       3
       2
       3
       8
       6
       7
       2
       7
       5
       2
       3
       2
       2
       2
       2
       3
       6
       2
       3
       2
       4
       7
       0
       4
       3
       5
       4
       4
       5
       3
       2
       6
       2
       6
       3
       4
       1
       2
       5
       4
       5
       5
       3
       3
       7
       2
       4
       3
       4
       4
       2
       3
       1
       2
       4
       2
       2
       3
       5
       0
       3
       5
       4
       2
       3
       3
       3
       4
       3
       3
       3
       3
       5
       2
       4
       1
       6
       4
       2
       3
       4
       5
       4
       3
       3
       4
       3
       4
       3
       8
       4
       2
       3
       6
       4
       2
       9
       8
       2
      10
       2
       3
       3
       6
       8
       4
       1
       7
       1
       4
       3
       2
       3
       6
       5
       5
       4
       3
       4
       2
       4
       3
       2
       4
       3
       6
       3
       7
       1
       3
       3
       3
       6
       2
       2
       7
       6
       2
       3
       6
       4
       0
       1
       3
       1
       2
       3
       2
       4
       3
       3
       7
       2
       0
       4
       1
       4
       1
       3
       0
       1
       5
       4
       3
       3
       5
       4
       1
       1
       3
       4
       2
       2
       2
       1
       4
       2
       3
       6
       3
       1
       1
       4
       1
       3
       2
       5
       4
       4
       1
       3
       1
       2
       5
       2
       5
       2
       3
       5
       1
       1
       4
       5
       5
       2
       3
       1
       4
       2
       2
       5
       1
       2
       3
       3
       4
       3
       3
       5
       3
       2
       2
       4
       3
       5
       3
       5
       6
       4
       2
       0
       1
       4
       5
       4
       5
       3
       5
       1
       4
       1
       4
       2
       5
       4
       5
       0
       3
       1
       3
       3
       3
       2
       5
       4
       2
       3
       2
       2
       1
       1
       3
       3
       3
       2
       4
       1
       1
       1
       2
       1
       2
       0
       3
       6
       4
       0
       1
       5
       5
       3
       0
       4
       1
       2
       1
       2
       5
       2
       0
       4
       2
       3
       7
       1
       6
       3
       3
       5
       3
       4
       5
       5
       5
       1
       3
       5
       1
       4
       4
       3
       3
       0
       2
       3
       3
       3
       0
       1
       3
       4
       2
       5
       3
       3
       4
       2
       2
       3
       2
       2
       3
       2
       4
       3
       4
       2
       3
       3
       2
       2
       4
       1
       6
       2
       5
       3
       6
       3
       1
       2
       5
       5
       0
       5
       1
       2
       4
       2
       3
       4
       4
       3
       0
       2
       4
       3
       2
       3
       5
       3
       3
       7
       1
       2
       4
       1
       6
       7
       5
       2
       4
       3
       4
       1
       3
       3
       3
       2
       4
       2
      10
       3
       2
       1
       7
       2
       3
       4
       1
       4
       2
       5
       3
       6
       2
       5
       1
       7
       4
       0
       3
       2
       7
       4
       4
       3
       3
       2
       3
       1
       2
       5
       4
       2
       1
       4
       3
       5
       2
       9
       2
       4
       4
       5
       4
       7
       6
       1
       4
       2
       3
       5
       2
       4
       1
       3
       1
       1
       1
       3
       1
       1
       5
       2
       1
       2
       6
       4
       3
       4
       5
       1
       3
       4
       5
       1
       5
       6
       2
       6
       2
       6
       6
       4
       4
       1
       1
       5
       4
       4
       3
       3
       2
       3
       4
       3
       2
       4
       3
       2
       6
       3
       3
       4
       2
       6
       2
       2
       7
       3
       6
       3
       4
       7
       3
       2
       0
       2
       5
       3
       1
       4
       5
       1
       3
       2
       1
       5
       6
       3
       4
       3
       3
       0
       1
       2
       8
       7
       5
       2
       4
       3
       1
       3
       3
       3
       4
       6
       2
       2
       6
       5
       2
       3
       3
       4
       1
       1
       7
       2
       3
       5
       3
       2
       6
       3
       3
       4
       3
       1
       4
       3
       3
       4
       1
       6
       6
       4
       4
       2
       3
       5
       3
       6
       2
       1
       5
       5
       3
       3
       4
       3
       5
      10
       3
       2
       0
       3
       2
       6
       3
       4
       5
       7
       3
       4
       6
       4
       6
       3
       4
       3
       6
       5
       0
       3
       5
       3
       4
       5
       4
       1
       4
       4
       4
       3
       4
       2
       1
       3
       4
       2
       4
       4
       2
       3
       2
       8
       3
       3
       1
       7
       0
       3
       8
       1
       6
       3
       4
       1
       2
       2
       2
       1
       3
       7
       7
       3
       1
       4
       3
       7
       3
       1
       4
       3
       2
       1
       2
       2
       4
       5
       1
       8
       2
       4
       2
       1
       6
       6
       3
       6
       2
       0
       3
       8
       7
       6
       4
       2
       3
       0
       2
       1
       2
       5
       1
       7
       5
       4
       6
       3
       6
       9
       7
       3
       5
       2
       4
       3
       1
       8
       2
       2
       8
       5
       1
       1
       7
       2
       1
       3
       1
       3
       4
       2
       3
       3
       1
       3
       5
       9
       4
       6
       3
       3
       6
       5
       0
       2
       2
       5
       5
       3
       4
       5
       3
       4
       3
       3
       3
       6
       3
       5
       3
       3
       7
       1
       4
       2
       2
       1
       0
       3
       3
       2
       1
       4
       2
       1
       6
       3
       1
       6
       2
       1
       5
       3
       5
       2
       2
       1
       2
       6
       3
       2
       2
       5
       1
       1
       3
       3
       2
       4
       5
       2
       2
       3
       2
       1
       5
       4
       1
       3
       4
       3
       3
       3
       3
       2
       5
       3
       5
       3
       5
       2
       2
       1
       2
       1
       3
       3
       5
       3
       1
       3
       4
       1
       0
       1
       6
       3
       4
       1
       5
       2
       3
       2
       3
       3
       1
       3
       5
       3
       4
       3
       6
       3
       3
       4
       4
       2
       2
       4
       3
       0
       8
       2
       1
       3
       4
       3
       7
       6
       5
       6
       2
       2
       4
       5
       0
       0
       0
       0
       0
       0
       0
       0
       0
       0
       0
       0
       0
       0
       0
       0
       0
       0
       0
       0
       0
       0
       0
       0
       0
       0
       0
       0
       0
       0
       0
       0
       0
       0
       0
       0
       0
       0
       0
       0
       0
       0
       0
       0
       0
       0
       0
       0
       0
       0
       0
       0
       0
       0
       0
       0
       0
       0
       0
       0
       0
       0
       0
       0
       0
       0
       0
       0
       0
       0
       0
       0
       0
       0
       0
       0
       0
       0
       0
       0
       0
       0
       0
       0
$ROI:
1
712 830
$PRESETS:
None
0
0
$ENER_FIT:
-23.656767 2.297974
$MCA_CAL:
3
-2.365677E+001 2.297974E+000 2.836717E-005 keV
$SHAPE_CAL:
3
0.000000E+000 0.000000E+000 0.000000E+000
