1021.05 110.52262617077716 2.520047188967156
1020.85 106.30536846169217 2.018524807573737
1020.65 108.66341968326736 2.634505945091889
1020.45 110.15994822514803 2.619719982488243
1020.25 110.18654391016254 2.317655584355462
1020.05 106.98290750521768 2.294908234088035
1019.85 107.18987395218004 2.40895834582421
1019.65 104.00375632238728 2.156810804979649
1019.45 91.41391088616142 1.8524687521825145
1019.25 81.21775581638637 1.753953617579602
1019.05 70.35502839430654 1.8249663819028468
1018.85 45.4712916123023 1.390099256887226
1018.65 34.502911344585904 1.1992375183190247
1018.45 17.3704967561616 0.6261483796948435
1019.14 80.59122627320134 2.000694977309183
1018.94 54.71008166026232 1.2973362833875095
1018.74 32.73586116129573 1.0552572646046547
1018.54 15.110347647537463 0.6757173171764047
1018.34 8.874513114061086 0.4479598413764604
1018.14 4.490284494056455 0.4314065991850511
1017.94 2.59215812741624 0.35342600175866196
1017.74 2.0155716550537974 0.2866088611351014
1017.54 1.582436486110874 0.2250079028865319
1017.34 1.0904427771606175 0.20328215523613363
