1021.34 107.71228443347283 2.655578394750455
1021.04 102.63486834683006 2.7665586640215514
1020.74 110.98261764575456 2.742584092155781
1020.44 107.75928646821704 3.468245481918752
1020.14 109.86534827746786 2.8367123446699867
1019.84 105.9592848825471 2.281797956403582
1019.54 106.51082865416292 2.787447836240509
1019.24 91.83053385742384 2.5487300781789317
1018.94 67.59040325722383 1.769657377616204
1018.64 26.014607348932405 0.9348961904442646
1019.84 114.45770821663695 2.9611066618878183
1019.74 113.93569742893261 3.5098621420046525
1019.64 106.38614095776832 2.789619500944848
1019.54 107.65552098177267 3.0855621471077015
1019.44 99.1320342335619 2.890645582839211
1019.34 92.11919121578127 2.6413542665354126
1019.24 88.4816466115898 2.847988444538383
1019.14 78.19539390200109 2.474474484338844
1019.04 63.86646081450947 1.7003914802807265
1018.94 57.403467396657895 1.9821303281239184
1018.84 45.086340357985165 1.4945654333912364
1018.74 33.84781033417793 1.3573723069086674
1018.64 20.062377082932404 1.046865199875863
1018.54 13.520353676070153 0.5978591695258854
1018.44 8.567928876516694 0.4728940471000697
1018.34 4.729949350143468 0.2678990022487517
1018.24 4.102122548032023 0.29315726441551204
1018.14 3.388560066752898 0.3021298696509794
1018.04 2.707385658995626 0.29634609451667493
1017.94 1.5837024294294857 0.26759942382123536
