649.82 16.771881770005212 0.8294653205806396
649.52 13.556418738860335 0.6364610692523416
649.22 7.809015603451041 0.459260531392712
648.92 2.6137906270475537 0.2496599752372469
648.62 0.9629421277389979 0.1099782524962879
648.32 0.1794985383189395 0.05023389566935195
650.79 19.684455634543834 0.5894359376838646
650.49 19.805977886253835 1.1114115505582738
650.19 16.442974631555913 0.7018166894887314
649.89 15.575071266948747 0.7057368636414575
649.59 12.296052348367065 0.5755186299270344
649.29 7.882359305028668 0.4514019045689081
648.99 3.159502266178197 0.31965585548657144
648.69 0.9731844715609915 0.195591390531157
648.39 0.24694884733350037 0.07580989342740962
651.25 20.755351449000322 0.7876782804426365
651.15 20.56094633692325 0.9349941551493445
651.05 21.212099212423183 0.9054664796310845
650.95 19.978991875465653 0.8657853830431328
650.85 21.490756168215874 0.9422427551990427
650.75 20.06324457942457 1.0494112534231246
650.65 19.505796321244343 0.9921714431275832
650.55 19.25870160882938 0.709612487886132
650.45 17.67383748862758 0.7291513032989005
650.35 18.15685617825491 0.7316641063752044
650.25 17.13973689965322 0.7657257260290904
650.15 18.45186207794939 0.9213295473849514
650.05 15.339666314657784 0.861514091029721
649.95 15.22432518837936 0.8114938645594036
649.85 14.805449286006898 0.7690196409254773
649.75 12.700479211410546 0.6484576749672514
649.65 11.042985549724207 0.6653147393548335
649.55 10.439926526550611 0.5993053522310564
649.45 8.511366511409266 0.4936680737854735
649.35 6.915593266317906 0.46367095519043733
649.25 5.6250542241165915 0.390228805681102
649.15 4.270577733267897 0.34485225840611233
649.05 3.144924799893552 0.30092719770335363
648.95 2.4832269783323073 0.2030769562019365
648.85 1.685613009704695 0.1860497543061654
648.75 1.7048524911628191 0.22661327735787265
