1020.45 110.15994822514803 3.1746357477299383
1020.25 110.18654391016254 2.341553987057089
1020.05 106.98290750521768 2.3062864507711907
1019.85 107.18987395218004 3.441389029886581
1019.65 104.00375632238728 2.1597222719775355
1019.45 91.41391088616142 1.8763481180771273
1019.25 81.21775581638637 1.7955878671577827
1019.05 70.35502839430654 1.8524158886157192
1018.85 45.4712916123023 1.4195117193714146
1018.65 34.502911344585904 1.2008194004161472
1018.45 17.3704967561616 0.6272996936426262
1019.14 80.59122627320134 2.0057970303623374
1018.94 54.71008166026232 1.2981955496818605
1018.74 32.73586116129573 1.0555005520914191
1018.54 15.110347647537463 0.6757173171764047
1018.34 8.874513114061086 0.449178374139597
1018.14 4.490284494056455 0.43160954456929723
1017.94 2.59215812741624 0.35343064118621603
1017.74 2.0155716550537974 0.28669953585741126
1017.54 1.582436486110874 0.22501664060300514
1017.34 1.0904427771606175 0.20328244147631497
