1632.65 39.00651785670412 0.6561398167884516 1
1632.55 39.102985720633406 1.593548070763164 1
1632.45 38.75240131797743 1.2278500679181237 1
1632.35 37.8831894793446 1.410832817453516 1
1632.25 39.91259239604487 1.1115449940540367 1
1632.15 40.68323480111634 1.280165969855049 1
1632.05 38.51133898770979 1.2118806000921165 1
1631.95 38.92960920214984 0.8430614802472383 1
1631.85 40.13682581380592 1.2529396375865243 1
1631.75 38.401452390467156 1.2380249016788512 1
1631.65 38.42381892611527 1.7092094645704154 1
1631.55 35.74371504493792 1.2629995077997798 1
1631.45 33.9459494614072 1.3135315445528384 1
1631.35 31.677024567265164 0.8299560360226597 1
1631.25 27.376816156703896 0.5928730671882253 1
1631.15 21.330273259001753 0.933309804438756 1
1631.05 15.104306090750672 0.6735500794155681 1
1630.95 11.832281328072527 0.7510513739918304 1
1630.85 9.03300836803802 0.7940251130335112 1
1630.65 3.8503172617655377 0.4703436737855684 1
1630.55 2.6383425887254406 0.32190141677812517 1
1630.45 1.792501571082958 0.27130862258657334 1
1630.35 1.6710196766219678 0.3768474905502757 1