$SPEC_ID:
No sample description was entered.
$SPEC_REM:
DET# 1
DETDESC# DESKTOP-I499GD2 Easy-MCA-2k SN 18191655
AP# Maestro Version 7.01
$DATE_MEA:
02/28/2024 17:38:15
$MEAS_TIM:
20 22
$DATA:
0 2047
       0
       0
       0
       0
       0
       4
      18
      36
     601
     351
     381
     437
     402
     434
     434
     447
     505
     503
     562
     504
     521
     495
     477
     478
     506
     521
     529
     591
     645
     759
     850
     834
     919
    1089
    1069
     833
     672
     621
     587
     624
     642
     706
     779
     861
     829
     964
     944
    1083
    1191
    1284
    1309
    1406
    1460
    1524
    1671
    1696
    1993
    2089
    2287
    2530
    3048
    3940
    5092
    6565
    7646
    7763
    7113
    5408
    3866
    2586
    1655
    1261
    1085
     943
    1001
    1018
    1034
    1013
    1062
    1027
     965
     931
     918
     882
     857
     823
     832
     826
     819
     841
     897
     865
     876
     896
     856
     853
     844
     860
     844
     813
     834
     753
     783
     743
     765
     788
     710
     735
     741
     670
     714
     688
     718
     656
     726
     641
     660
     658
     616
     630
     644
     669
     682
     640
     689
     640
     620
     653
     629
     645
     650
     602
     608
     666
     652
     644
     635
     625
     618
     635
     589
     612
     605
     578
     568
     550
     540
     538
     539
     543
     477
     502
     510
     496
     504
     482
     475
     433
     465
     453
     488
     448
     449
     435
     475
     486
     456
     452
     478
     456
     467
     428
     416
     417
     464
     411
     443
     406
     451
     424
     400
     414
     396
     410
     429
     372
     422
     412
     414
     422
     396
     414
     393
     370
     398
     429
     392
     411
     371
     387
     330
     355
     379
     396
     393
     384
     392
     357
     370
     360
     408
     393
     402
     385
     350
     378
     399
     386
     387
     412
     387
     426
     392
     377
     384
     444
     400
     435
     407
     405
     454
     390
     378
     390
     400
     426
     378
     372
     383
     383
     366
     363
     360
     367
     366
     347
     336
     307
     311
     354
     309
     355
     315
     328
     359
     343
     342
     330
     386
     353
     367
     379
     327
     316
     335
     363
     358
     347
     371
     358
     332
     334
     290
     300
     250
     294
     290
     277
     288
     255
     255
     218
     242
     229
     224
     207
     239
     229
     206
     189
     202
     198
     177
     204
     190
     187
     170
     166
     155
     182
     167
     162
     156
     166
     167
     146
     163
     158
     145
     169
     158
     160
     153
     149
     165
     163
     154
     148
     157
     156
     148
     146
     147
     134
     164
     159
     157
     143
     149
     127
     164
     165
     162
     131
     139
     161
     151
     145
     146
     153
     164
     144
     154
     149
     192
     196
     203
     177
     250
     286
     304
     326
     364
     415
     490
     522
     625
     734
     784
     869
     984
    1022
    1157
    1265
    1321
    1395
    1453
    1596
    1603
    1718
    1677
    1670
    1751
    1600
    1561
    1609
    1495
    1406
    1327
    1278
    1110
    1018
     901
     861
     745
     669
     604
     512
     429
     346
     319
     255
     205
     171
     141
     138
      92
     101
      81
      88
      72
      70
      49
      46
      44
      43
      42
      42
      40
      40
      38
      27
      37
      45
      36
      44
      48
      50
      57
      71
      61
      57
      76
      79
      85
      88
     104
     111
     132
     147
     148
     177
     178
     196
     200
     250
     225
     251
     278
     270
     258
     274
     257
     304
     300
     314
     271
     267
     245
     271
     237
     212
     255
     208
     191
     174
     164
     114
     113
     116
      84
      81
      65
      62
      75
      48
      31
      50
      32
      32
      31
      21
      24
      31
      19
      20
      12
      22
      16
      17
      20
       9
      18
      14
      16
      17
      28
      11
      13
      16
      23
      10
      17
      18
      15
      13
      16
      16
      19
      18
      15
      15
      14
      15
      17
      15
      14
      14
      17
      12
      13
      14
      13
      13
       8
      11
       5
       8
      11
      14
      14
       7
      16
      11
      11
       9
       9
      11
      14
      10
      11
      14
       8
      14
      10
      13
      10
       8
       8
      14
      13
      13
      10
       7
      13
       9
      11
       8
       9
      16
      11
      22
      10
      11
      11
      12
       6
       6
      10
      11
       9
      10
       7
       8
      17
      12
      12
       9
      14
      14
      11
       9
      10
      17
      13
      14
      17
      12
      12
      11
      12
      15
      16
       7
      13
      11
      18
       7
      16
      10
      17
       6
      16
      10
      14
      14
      12
      12
      12
       9
      14
       8
      13
      14
      11
       5
      12
      13
       9
      12
       7
      16
      12
      11
       6
      10
       9
      11
       8
      12
      13
      15
      12
       6
      11
       8
       7
      13
       7
       8
      15
       9
       8
      11
      10
       9
       6
      12
      16
      15
       6
       4
       8
      17
       9
      11
       7
      11
       8
       7
      13
      10
       8
      12
       8
      14
      10
       6
      12
      12
       6
      14
       7
      10
      12
      12
       7
      10
       7
       4
       5
       4
       7
       4
      11
       6
       7
       2
       7
       3
       6
       6
       9
       5
       6
       9
       4
       5
       4
       6
       8
       1
       3
       8
       3
       9
       3
       2
       9
       7
       7
       6
       4
       6
       2
       7
       4
       4
       5
       2
       7
       4
       7
       3
       5
       1
       3
       5
       4
       3
       2
       7
       4
       6
      13
       3
       4
       5
       6
       6
       5
       6
      10
      10
      11
       7
      11
       7
      12
       8
       9
      10
       8
      16
      10
      16
      16
      13
      15
      21
      15
      25
      18
      22
      22
      23
      23
      24
      29
      28
      30
      28
      31
      30
      28
      22
      30
      36
      24
      23
      18
      22
      20
      20
      11
      21
      16
      22
      21
      12
      19
      16
      16
      13
      15
       9
       5
      12
      11
       8
       5
      11
       5
       9
       4
       7
       1
       5
       1
       5
       3
       4
       2
       1
       3
       3
       3
       5
       5
       3
       3
       5
       2
       6
       1
       4
       4
       2
       5
       4
       2
       3
       5
       1
       4
       4
       2
       4
       6
       2
       3
       3
       3
       2
       2
       2
       4
       4
       2
       6
       3
       4
       4
       2
       2
       5
       3
       3
       1
       3
       3
       6
       4
       1
       2
       0
       4
       2
       8
       5
       6
       0
       1
       7
       4
       1
       3
       1
       5
       3
       1
       3
       5
       2
       3
       2
       0
       2
       3
       3
       0
       2
       3
       0
       6
       2
       3
       6
       4
       4
       3
       3
       2
       1
       4
       2
       3
       2
       3
       3
       3
       3
       6
       2
       5
       3
       4
       3
       3
       3
       2
       2
       2
       0
       0
       2
       3
       3
       4
       2
       2
       0
       2
       2
       1
       1
       1
       5
       3
       2
       1
       2
       1
       3
       6
       0
       1
       0
       4
       2
       3
       1
       1
       2
       3
       2
       2
       2
       1
       3
       3
       2
       3
       2
       5
       3
       3
       3
       3
       2
       2
       1
       5
       2
       1
       2
       3
       1
       0
       1
       2
       2
       3
       2
       1
       0
       3
       9
       3
       4
       3
       5
       2
       4
       3
       3
       2
       3
       2
       2
       3
       4
       3
       2
       2
       2
       2
       4
       1
       7
       3
       2
       3
       0
       1
       2
       0
       1
       3
       1
       5
       2
       1
       3
       2
       1
       3
       4
       4
       3
       1
       4
       5
       3
       1
       0
       2
       2
       1
       1
       4
       3
       0
       3
       1
      11
       2
       3
       3
       1
       1
       3
       3
       4
       5
       5
       3
       0
       1
       3
       2
       3
       1
       1
       4
       2
       4
       1
       4
       2
       3
       1
       2
       3
       3
       2
       1
       5
       2
       4
       6
       1
       4
       0
       1
       0
       2
       6
       2
       1
       2
       5
       3
       2
       1
       0
       1
       2
       3
       2
       2
       2
       0
       1
       4
       2
       2
       2
       2
       2
       4
       1
       1
       3
       0
       1
       3
       2
       0
       1
       2
       3
       4
       1
       2
       3
       2
       0
       0
       4
       3
       3
       2
       0
       0
       0
       2
       6
       0
       1
       0
       3
       4
       0
       1
       1
       3
       3
       2
       3
       2
       0
       2
       2
       2
       1
       6
       1
       3
       2
       2
       1
       3
       2
       2
       1
       0
       2
       1
       2
       0
       2
       3
       0
       1
       1
       5
       0
       0
       4
       2
       3
       2
       3
       3
       0
       3
       4
       2
       2
       4
       2
       3
       3
       2
       3
       1
       2
       1
       3
       2
       4
       2
       2
       1
       3
       3
       3
       0
       3
       5
       0
       3
       0
       4
       1
       1
       7
       0
       2
       3
       1
       2
       2
       2
       2
       3
       2
       2
       2
       4
       0
       2
       2
       3
       0
       2
       3
       3
       0
       3
       4
       3
       1
       2
       3
       3
       0
       2
       3
       1
       4
       5
       0
       1
       4
       3
       1
       1
       4
       0
       4
       3
       1
       1
       4
       0
       3
       5
       3
       0
       4
       2
       1
       3
       1
       3
       1
       1
       2
       0
       0
       1
       2
       4
       3
       3
       0
       3
       2
       3
       0
       3
       1
       1
       1
       3
       2
       2
       7
       1
       0
       2
       2
       2
       4
       0
       2
       0
       3
       2
       0
       1
       0
       1
       3
       2
       1
       2
       2
       1
       3
       0
       3
       3
       2
       1
       2
       2
       0
       1
       4
       1
       3
       3
       0
       3
       3
       2
       0
       1
       0
       2
       2
       0
       1
       1
       0
       4
       1
       4
       1
       2
       1
       2
       1
       1
       3
       1
       2
       1
       0
       3
       1
       2
       4
       1
       1
       3
       0
       2
       2
       2
       4
       0
       1
       4
       4
       2
       2
       0
       2
       0
       1
       4
       4
       4
       1
       1
       2
       1
       2
       0
       2
       3
       3
       2
       2
       4
       5
       5
       4
       0
       0
       3
       1
       1
       0
       2
       3
       1
       1
       3
       0
       1
       1
       3
       1
       4
       3
       1
       4
       0
       0
       6
       4
       1
       1
       3
       2
       1
       2
       2
       0
       0
       1
       3
       1
       4
       4
       3
       2
       5
       1
       0
       1
       0
       2
       2
       0
       2
       1
       2
       3
       4
       2
       0
       1
       4
       3
       0
       2
       0
       2
       2
       3
       3
       0
       2
       2
       2
       0
       3
       1
       0
       2
       2
       1
       2
       2
       2
       0
       2
       0
       2
       1
       2
       0
       1
       2
       1
       1
       1
       2
       2
       0
       4
       5
       3
       1
       0
       2
       2
       0
       2
       1
       3
       4
       2
       2
       1
       1
       1
       0
       2
       3
       4
       0
       2
       4
       1
       3
       1
       3
       2
       0
       1
       2
       3
       1
       2
       0
       0
       2
       0
       4
       2
       1
       1
       2
       3
       3
       2
       3
       0
       1
       1
       3
       2
       1
       2
       2
       1
       0
       3
       1
       0
       2
       2
       3
       2
       1
       4
       1
       3
       5
       1
       1
       2
       2
       2
       1
       3
       2
       2
       1
       4
       1
       1
       1
       1
       0
       1
       2
       4
       0
       1
       1
       1
       3
       0
       4
       1
       2
       1
       2
       0
       1
       3
       4
       1
       1
       3
       1
       0
       2
       2
       2
       2
       2
       0
       1
       1
       0
       1
       1
       3
       2
       2
       4
       1
       1
       0
       2
       3
       1
       1
       1
       4
       0
       1
       2
       3
       1
       6
       1
       4
       0
       2
       4
       0
       3
       2
       0
       4
       1
       3
       2
       2
       1
       2
       1
       1
       0
       2
       1
       1
       2
       3
       3
       0
       3
       3
       2
       0
       3
       1
       3
       2
       5
       3
       1
       3
       3
       2
       0
       0
       1
       2
       1
       5
       1
       2
       3
       3
       1
       2
       0
       2
       1
       2
       4
       0
       2
       1
       1
       3
       2
       2
       0
       4
       2
       1
       2
       2
       2
       6
       0
       2
       3
       1
       1
       3
       1
       3
       0
       2
       3
       2
       3
       2
       1
       2
       5
       4
       2
       1
       3
       3
       1
       4
       1
       2
       1
       3
       2
       0
       3
       1
       1
       2
       0
       1
       0
       2
       2
       0
       2
       5
       4
       2
       5
       1
       1
       3
       2
       1
       0
       1
       1
       1
       3
       0
       2
       2
       1
       5
       2
       0
       3
       3
       2
       2
       1
       1
       0
       1
       1
       0
       0
       0
       1
       1
       3
       2
       0
       2
       2
       2
       0
       2
       3
       3
       2
       1
       4
       4
       1
       3
       0
       1
       5
       3
       0
       0
       1
       1
       3
       3
       2
       3
       2
       2
       4
       1
       0
       7
       3
       2
       3
       2
       1
       1
       0
       0
       2
       3
       2
       3
       1
       1
       3
       0
       3
       3
       4
       1
       3
       2
       0
       0
       2
       1
       2
       2
       4
       1
       2
       2
       2
       3
       5
       0
       1
       3
       4
       1
       2
       6
       2
       3
       2
       2
       3
       0
       3
       0
       1
       4
       1
       1
       2
       4
       2
       3
       2
       2
       2
       2
       4
       2
       2
       3
       3
       3
       0
       2
       2
       2
       3
       1
       1
       2
       4
       1
       2
       2
       1
       4
       4
       0
       3
       1
       2
       2
       1
       1
       2
       1
       1
       1
       1
       0
       4
       1
       2
       3
       0
       2
       2
       1
       0
       4
       2
       2
       2
       2
       1
       3
       1
       1
       2
       1
       4
       3
       2
       4
       3
       3
       2
       1
       1
       2
       4
       3
       5
       0
       1
       0
       2
       3
       1
       3
       2
       1
       3
       2
       3
       5
       2
       1
       2
       2
       2
       1
       2
       4
       2
       3
       1
       1
       4
       4
       4
       0
       0
       0
       1
       0
       0
       0
       0
       0
       0
       0
       0
       0
       0
       0
       0
       0
       0
       0
       0
       0
       0
       0
       0
       0
       0
       0
       0
       0
       0
       0
       0
       0
       0
       0
       0
       0
       0
       0
       0
       0
       0
       0
       0
       0
       0
       0
       0
       0
       0
       0
       0
       0
       0
       0
       0
       0
       0
       0
       0
       0
       0
       0
       0
       0
       0
       0
       0
       0
       0
       0
       0
       0
       0
       0
       0
       0
       0
       0
       0
       0
       0
       0
       0
$ROI:
1
712 830
$PRESETS:
None
0
0
$ENER_FIT:
-23.656767 2.297974
$MCA_CAL:
3
-2.365677E+001 2.297974E+000 2.836717E-005 keV
$SHAPE_CAL:
3
0.000000E+000 0.000000E+000 0.000000E+000
