$SPEC_ID:
No sample description was entered.
$SPEC_REM:
DET# 1
DETDESC# DESKTOP-I499GD2 Easy-MCA-2k SN 18191655
AP# Maestro Version 7.01
$DATE_MEA:
02/28/2024 17:27:52
$MEAS_TIM:
42 45
$DATA:
0 2047
       0
       0
       0
       0
       0
      20
      43
      72
    1124
     775
     755
     809
     822
     845
     879
     925
     930
     975
    1084
    1084
    1028
    1036
     975
    1004
     957
     930
     993
    1082
    1331
    1481
    1631
    1688
    1929
    2148
    2228
    1815
    1380
    1158
    1145
    1182
    1339
    1379
    1500
    1622
    1763
    1909
    2086
    2197
    2378
    2500
    2723
    2777
    3035
    3124
    3327
    3546
    3828
    4171
    4560
    5348
    6396
    8208
   10720
   13903
   16345
   16748
   14896
   11434
    7975
    5265
    3385
    2465
    2063
    1956
    1958
    2000
    2108
    2086
    2071
    2057
    1907
    1932
    1730
    1681
    1776
    1701
    1610
    1617
    1622
    1723
    1763
    1810
    1708
    1755
    1746
    1659
    1684
    1647
    1555
    1571
    1579
    1513
    1558
    1458
    1439
    1419
    1437
    1421
    1394
    1401
    1326
    1368
    1328
    1324
    1244
    1324
    1266
    1300
    1300
    1270
    1192
    1267
    1271
    1288
    1221
    1218
    1189
    1245
    1184
    1105
    1198
    1276
    1233
    1278
    1226
    1235
    1272
    1285
    1297
    1231
    1238
    1266
    1170
    1154
    1066
    1055
    1012
     989
     966
     984
     963
     958
     940
     988
     951
     950
     917
     907
     907
     882
     944
     886
     966
     874
     842
     855
     903
     773
     889
     810
     878
     812
     807
     890
     860
     831
     794
     796
     808
     784
     844
     765
     769
     784
     744
     755
     812
     774
     759
     725
     806
     731
     733
     760
     736
     783
     767
     788
     788
     743
     751
     749
     725
     733
     753
     751
     724
     729
     702
     692
     633
     736
     711
     725
     797
     743
     747
     738
     703
     798
     797
     776
     716
     758
     815
     777
     772
     793
     783
     726
     746
     825
     775
     755
     749
     766
     719
     770
     723
     721
     711
     671
     712
     654
     666
     684
     643
     685
     618
     695
     661
     692
     690
     631
     698
     642
     656
     714
     630
     669
     666
     651
     613
     686
     725
     673
     678
     687
     622
     651
     595
     606
     580
     591
     547
     569
     563
     535
     502
     499
     492
     486
     415
     447
     416
     414
     430
     414
     401
     386
     380
     335
     340
     365
     329
     312
     361
     350
     317
     342
     357
     292
     292
     296
     299
     296
     318
     261
     285
     305
     295
     301
     282
     270
     318
     282
     297
     307
     293
     284
     250
     251
     319
     276
     286
     281
     249
     277
     266
     269
     256
     281
     268
     250
     283
     273
     299
     265
     306
     296
     276
     299
     348
     303
     286
     333
     372
     406
     446
     488
     593
     649
     669
     735
     884
    1086
    1142
    1234
    1424
    1616
    1814
    2114
    2155
    2308
    2403
    2701
    2819
    2959
    3088
    3043
    3022
    3261
    3246
    3159
    3056
    2970
    2862
    2802
    2447
    2453
    2146
    1928
    1830
    1632
    1446
    1254
    1092
     927
     802
     686
     567
     505
     411
     311
     279
     243
     201
     215
     136
     123
     103
     113
      88
      91
      85
      82
      78
      85
      75
      63
      66
      64
      90
      85
      77
      74
      77
      74
      96
      96
     109
     126
     165
     159
     171
     169
     200
     199
     256
     255
     294
     331
     329
     382
     380
     457
     432
     478
     501
     538
     546
     530
     515
     569
     531
     533
     550
     533
     510
     473
     463
     451
     370
     372
     375
     333
     257
     294
     225
     235
     167
     189
     121
     131
     113
      89
      88
      80
      72
      59
      61
      64
      48
      38
      43
      43
      39
      40
      37
      43
      34
      29
      30
      26
      30
      33
      41
      36
      30
      22
      29
      36
      34
      35
      24
      28
      31
      39
      38
      26
      31
      41
      31
      23
      25
      20
      27
      30
      33
      20
      23
      19
      24
      20
      32
      30
      19
      24
      24
      19
      21
      21
      30
      17
      29
      25
      28
      21
      18
      18
      25
      20
      18
      27
      26
      23
      27
      26
      23
      18
      20
      18
      12
      16
      28
      16
      19
      21
      22
      21
      30
      22
      22
      21
      22
      29
      22
      24
      23
      16
      29
      18
      18
      25
      18
      23
      17
      16
      26
      15
      32
      19
      24
      25
      28
      25
      17
      20
      22
      17
      23
      32
      22
      25
      20
      21
      18
      24
      19
      28
      26
      26
      27
      18
      15
      12
      29
      25
      28
      27
      20
      19
      35
      14
      24
      21
      23
      26
      24
      27
      17
      21
      16
      17
      21
      15
      20
      30
      29
      22
      17
      25
      15
      30
      20
      25
      21
      19
      16
      22
      19
      24
      12
      22
      18
      18
      27
      23
      20
      18
      24
      16
      23
      13
      23
      22
       9
      27
      21
      15
      13
      12
      17
      16
      12
      21
       8
      16
      14
      17
      17
      14
      14
      13
      13
      11
      17
       9
      17
      14
      16
      14
       9
      16
       7
      17
      11
      13
       9
      13
      16
      11
       9
      17
      11
       4
       6
      14
      13
      13
       7
      14
       7
       9
      16
      14
       7
      16
      11
      12
      12
       9
      10
      15
      13
      15
       9
       9
      15
       9
      14
       9
       3
       8
       8
      12
      12
      13
       7
      18
      15
       9
       4
       9
       9
      15
       9
       3
      15
      18
       8
      14
       6
      11
      19
      11
      11
      20
      17
      16
      19
      26
      23
      22
      26
      30
      26
      31
      34
      29
      22
      38
      40
      38
      27
      46
      49
      52
      47
      47
      66
      47
      48
      57
      43
      69
      47
      52
      50
      48
      64
      37
      49
      55
      49
      42
      35
      32
      41
      31
      39
      20
      25
      28
      22
      17
      12
      20
      17
      26
      15
      26
      20
      18
      16
      10
       8
       9
      12
      13
       9
      12
       8
       8
       9
       8
       8
       9
       3
       8
       9
       3
       3
       3
       7
       4
       3
       6
       4
       7
       8
       9
       7
       7
       6
       5
       6
       8
       9
       4
       7
       2
       4
       4
       8
       6
       4
       4
       9
       4
       4
       6
       7
       2
       4
       4
      11
      11
       6
       3
       3
       3
       4
       8
       7
       4
       9
       7
       3
       3
       5
       4
       8
       9
       6
       4
       7
       3
       7
       6
       4
       3
       5
       1
       4
       3
       4
       5
       8
       7
       5
       6
       6
       5
       4
       6
       6
       9
       3
       3
       2
       4
       7
       2
       5
       2
       6
      10
       6
       7
       3
       4
       3
       6
       9
       8
       5
       2
       3
       4
       6
       3
       6
       2
       4
       8
       3
       3
       5
       6
       6
       2
       4
       5
       4
       4
       3
       5
       6
       6
       5
       6
       5
       6
       4
       6
       4
       6
       2
       9
       3
       7
       2
       5
       1
       5
       2
       8
       4
       5
       4
       3
       3
       3
       7
       5
       5
       4
       6
       2
       6
       5
       2
       4
       4
       6
       4
       6
       7
       1
       4
       4
       2
       3
       7
       9
       4
       4
       3
       6
       5
       4
      10
       8
       2
       3
       6
      10
       3
       8
       2
       1
       5
       5
       2
       6
       5
       5
       4
       4
       5
       3
       2
       5
       2
       3
       4
       5
       1
       3
       4
       7
       6
       4
       7
       6
       5
       3
       3
       4
       4
       7
       2
       0
       0
       5
       6
       7
       4
       6
       2
       2
       3
       1
       4
       2
      11
       6
       7
       9
       5
       3
       9
       6
       8
       9
       9
       4
       5
       5
       1
       1
       3
       4
       2
       1
       6
       7
       2
       5
       2
       3
       6
       5
       9
       5
       6
       6
       3
       5
       4
       6
       4
       1
       1
       3
       4
       6
       2
       3
       6
       6
       2
       3
       3
       2
       5
       4
       3
       2
       4
       3
       7
       3
       6
       2
       7
       1
       3
       4
       4
       3
       5
       3
       6
       8
       6
       6
       6
       5
       2
       4
       2
       9
       6
       2
       4
       4
       3
       5
       8
       9
       5
       4
       1
       2
       3
       3
       4
       2
       6
       1
       2
       3
       3
       3
       0
       1
       5
       2
       2
       3
       8
       6
       3
       2
       1
       4
       5
       3
       1
       2
       7
       5
       4
       3
       3
       5
       4
       3
       8
       3
       3
       1
       3
       4
       3
       7
       2
       1
       5
       3
       3
       4
       3
       1
       4
       2
       4
       3
       4
       3
       6
       6
       3
       2
       4
       5
       5
       5
       5
       3
       2
       3
       4
       5
       2
       3
       2
       2
       1
       3
       3
       5
       2
       5
       5
       3
       3
       6
       7
       6
       5
       6
       5
       9
       3
       5
       4
       5
       4
       6
       2
       1
       6
       2
       2
       2
       3
       2
       5
       4
       2
       2
       0
       4
       4
       2
       2
       3
       2
       6
       5
       5
       6
       2
       4
       3
       7
       3
       1
       3
       5
       3
       2
       3
       4
       0
       5
       3
       3
       4
       3
       1
       4
       6
       3
       5
       5
       5
       5
       3
       5
       7
       4
       1
       4
       4
       3
       1
       6
       3
       3
       1
       2
       6
       3
       4
       3
       4
       5
       5
       4
       3
       2
       6
       4
       2
       4
       4
       4
       6
       5
       3
       1
       6
       3
       7
       5
      10
       2
       4
       7
       4
       6
       2
       3
       3
       5
       4
       3
       6
       4
       5
       5
       5
       3
       3
       5
       5
       1
       4
       3
       1
       4
       1
       2
       2
       5
       2
       1
       2
       2
       3
       3
       8
       6
       3
       5
       4
       2
       1
       5
       3
       4
       1
       2
       2
       8
       3
       7
       3
       0
       6
       4
       4
       2
       2
       3
       1
       4
       5
       6
       4
       4
       4
       4
       5
       3
       3
       6
       5
       2
       6
       6
       4
       4
       4
       2
       8
       0
       5
       4
       6
       3
       3
       4
       7
       2
       6
       3
       3
       3
       5
       3
       4
       3
       6
       7
       4
       3
       4
       2
       2
       2
      10
       7
       7
       3
       0
       3
       4
       3
       3
       5
       6
       4
       6
       2
       4
       1
       0
       3
       4
       2
       4
       4
       1
       3
       4
       3
       0
       2
       1
       8
       3
       1
       3
       3
       4
       4
       1
      10
       5
       4
       3
       1
       6
       8
       6
       2
       4
       2
       7
       4
       7
       0
       4
       2
       2
       4
       6
       1
       2
       4
       2
       4
       1
       5
       6
       0
       2
       1
       3
       5
       3
       3
       3
       3
       4
       3
       5
       4
       3
       5
       4
       6
       3
       3
       5
       3
       4
       3
       6
       3
       6
       6
       2
       4
       3
       4
       6
       3
       3
       0
      10
       7
       3
       5
       2
       6
       3
       4
       3
       5
       6
       3
       4
       3
       3
       3
       5
       3
       2
       5
       4
       5
       2
       3
       3
       9
       5
       5
       5
      10
       3
       5
       5
       5
       1
       4
       5
       2
       4
       7
       2
       4
       3
       2
       2
       3
       2
       5
       3
       4
       6
       4
       2
       4
       3
       1
       2
       6
       5
       7
       5
       4
       6
       4
       2
       2
       5
       1
       4
       4
       3
       7
       5
       6
       4
       2
       8
       5
       1
       6
       4
       6
       7
       2
       5
       6
       3
       1
       3
       6
       3
       5
       4
       4
       5
       2
       3
       9
       1
       2
       2
       5
       5
       2
       2
       3
       4
       5
       6
       2
       0
       1
       4
       1
       5
      10
       3
       4
       1
       2
       2
       4
       0
       5
       3
       6
       0
       3
       1
       1
       4
       6
       4
       3
       2
       6
       2
       6
       6
       6
       4
       8
       2
       5
       4
       1
       1
       6
       6
       1
       4
       1
       6
       7
       2
       3
       1
       4
       1
       4
       1
       7
       3
       1
       6
       4
       1
       5
       5
       2
       5
       4
       6
       5
       3
       6
       7
       4
       6
       3
       1
       2
       4
       4
       6
       3
       2
       1
       5
       1
       1
       3
       7
       2
       2
       1
       2
       6
       4
       2
       5
       1
       4
       2
       5
       3
       0
       5
       6
       4
       7
       2
       5
       4
       5
       3
       1
       1
       3
       3
       3
       8
       5
       4
       8
       1
       6
       3
       3
       5
       3
       5
       1
       6
       7
       3
       3
       3
       4
       4
       8
       1
       3
       4
       4
       1
       1
       0
       3
       2
       7
       6
       3
       2
       4
       3
       6
       6
       5
       3
       3
       3
       2
       3
       4
       2
       5
       1
       5
       6
       8
       3
       6
       3
       3
       2
       5
       2
       4
       3
       2
       1
       4
       4
       4
       4
       5
       1
       7
       2
       2
       3
       1
       2
       3
       4
       2
       6
       1
       3
       6
       3
       5
       2
       1
       2
       3
       4
       5
       3
       5
       2
       5
       2
       3
       6
       1
       6
       1
       3
       3
       5
       5
       8
       7
       2
       1
       4
       1
       4
       7
       0
       3
       4
       7
       4
       4
       1
       2
       3
       3
       4
       3
       8
       3
       4
       4
       3
       6
       2
       7
       2
       7
       5
       3
       6
       1
       5
       2
       4
       4
       3
       7
       4
       3
       2
       4
       2
       8
       7
       4
       6
       4
       2
       4
       5
       8
       5
       8
       4
       4
       2
       4
       3
       1
       6
       1
       6
       8
       3
       3
       3
       2
       6
       2
       5
       4
       4
       6
       3
       1
       2
       1
       6
       3
       7
       4
       5
       3
       8
       5
       8
       4
       3
       6
       8
       0
       4
       4
       3
       3
       4
       7
       6
       3
       4
       5
       4
       2
       1
       6
       2
       5
       4
       1
       4
       6
       2
       9
       5
       4
       4
       2
       3
       4
       6
       3
       2
       1
       0
       0
       0
       0
       0
       0
       0
       0
       0
       0
       0
       0
       0
       0
       0
       0
       0
       0
       0
       0
       0
       0
       0
       0
       0
       0
       0
       0
       0
       0
       0
       0
       0
       0
       0
       0
       0
       0
       0
       0
       1
       0
       0
       0
       0
       0
       0
       0
       0
       0
       0
       0
       0
       0
       0
       0
       0
       0
       0
       0
       0
       0
       0
       0
       0
       0
       0
       0
       0
       0
       0
       0
       0
       0
       0
       0
       0
       0
       0
       0
       0
       0
       0
       0
$ROI:
1
712 830
$PRESETS:
None
0
0
$ENER_FIT:
-23.656767 2.297974
$MCA_CAL:
3
-2.365677E+001 2.297974E+000 2.836717E-005 keV
$SHAPE_CAL:
3
0.000000E+000 0.000000E+000 0.000000E+000
