$SPEC_ID:
No sample description was entered.
$SPEC_REM:
DET# 1
DETDESC# DESKTOP-I499GD2 Easy-MCA-2k SN 18191655
AP# Maestro Version 7.01
$DATE_MEA:
02/28/2024 17:36:25
$MEAS_TIM:
44 47
$DATA:
0 2047
       0
       0
       1
       0
       3
      19
      42
     104
    1332
     917
     877
     979
     942
    1020
    1036
    1080
    1117
    1090
    1130
    1199
    1172
    1170
    1124
    1183
    1142
    1138
    1107
    1289
    1476
    1698
    1844
    1778
    1979
    2366
    2362
    1985
    1509
    1323
    1415
    1361
    1468
    1582
    1706
    1796
    1955
    2032
    2208
    2376
    2581
    2770
    2996
    3187
    3386
    3535
    3676
    3937
    4062
    4388
    4879
    5710
    6919
    8509
   10884
   14179
   16344
   17043
   15120
   11828
    8332
    5450
    3836
    2798
    2449
    2223
    2190
    2260
    2311
    2404
    2336
    2280
    2279
    2167
    2059
    1991
    1983
    1910
    1924
    1945
    1986
    1961
    1956
    1999
    2041
    2076
    2161
    1977
    1955
    1956
    2049
    1910
    1894
    1865
    1821
    1754
    1764
    1690
    1752
    1665
    1660
    1642
    1626
    1703
    1654
    1615
    1537
    1556
    1601
    1503
    1554
    1576
    1547
    1464
    1506
    1510
    1464
    1467
    1443
    1523
    1444
    1437
    1361
    1499
    1515
    1464
    1457
    1499
    1540
    1529
    1473
    1435
    1461
    1397
    1411
    1424
    1380
    1272
    1225
    1260
    1223
    1188
    1143
    1210
    1143
    1125
    1128
    1119
    1128
    1119
    1111
    1116
    1146
    1105
    1053
    1049
    1086
    1061
    1092
    1152
    1062
    1075
     966
     983
    1020
    1030
    1049
     999
     991
     986
    1019
     978
     979
     992
     927
     989
     967
    1002
     954
     889
     904
     916
     966
     940
     924
     911
     931
     940
     863
     907
     920
     887
     967
     904
     890
     887
     865
     884
     869
     933
     831
     901
     909
     805
     878
     867
     853
     873
     875
     874
     967
     892
     967
     948
     888
     963
     897
     929
     964
     969
     970
     977
    1012
     983
     949
     918
     891
     932
     853
     899
     835
     882
     822
     866
     843
     822
     851
     884
     846
     835
     808
     805
     758
     800
     756
     849
     833
     796
     812
     839
     785
     820
     830
     796
     880
     812
     801
     810
     834
     828
     797
     779
     755
     823
     733
     725
     710
     698
     669
     707
     656
     590
     594
     603
     574
     556
     489
     526
     527
     482
     459
     468
     459
     478
     443
     450
     415
     404
     440
     413
     410
     389
     401
     396
     415
     383
     411
     344
     399
     364
     380
     367
     363
     360
     421
     334
     364
     363
     369
     363
     373
     368
     378
     341
     355
     336
     332
     344
     329
     368
     342
     334
     356
     372
     325
     333
     356
     368
     351
     356
     333
     356
     393
     347
     380
     409
     423
     447
     492
     517
     575
     632
     695
     793
     858
    1046
    1131
    1285
    1466
    1596
    1787
    1986
    2150
    2492
    2652
    2999
    3041
    3261
    3576
    3633
    3790
    3856
    3984
    3974
    3875
    3861
    3795
    3776
    3731
    3344
    3240
    3004
    2591
    2508
    2140
    1931
    1716
    1567
    1340
    1164
     973
     894
     690
     614
     497
     439
     348
     268
     241
     220
     187
     149
     159
     112
     130
      99
     108
     103
     105
      79
     107
     108
      90
     101
      98
     101
     111
     119
      96
     109
     114
     132
     147
     179
     143
     177
     201
     257
     261
     264
     307
     343
     391
     430
     442
     501
     472
     524
     614
     598
     606
     641
     678
     665
     623
     718
     693
     671
     651
     641
     583
     615
     586
     508
     504
     490
     393
     406
     375
     307
     284
     262
     258
     214
     194
     156
     131
     129
     109
     116
      96
      76
      71
      63
      70
      62
      56
      68
      68
      39
      38
      48
      41
      36
      40
      50
      38
      36
      37
      42
      29
      37
      40
      26
      38
      33
      28
      32
      33
      36
      42
      46
      30
      44
      42
      37
      32
      38
      37
      40
      39
      34
      31
      34
      36
      28
      26
      23
      30
      40
      29
      30
      24
      32
      24
      33
      26
      27
      22
      32
      25
      37
      17
      28
      35
      31
      30
      16
      27
      23
      27
      24
      27
      20
      24
      23
      29
      27
      24
      30
      27
      32
      24
      32
      33
      18
      29
      24
      35
      23
      27
      32
      34
      35
      32
      28
      26
      24
      27
      21
      27
      32
      19
      17
      29
      34
      28
      33
      26
      25
      24
      38
      24
      22
      26
      34
      28
      25
      27
      27
      20
      40
      25
      20
      23
      32
      31
      26
      25
      33
      27
      35
      23
      26
      35
      30
      28
      20
      27
      22
      29
      28
      22
      36
      25
      26
      23
      25
      24
      27
      22
      25
      33
      13
      31
      33
      29
      23
      25
      28
      26
      23
      30
      23
      31
      22
      18
      30
      29
      28
      24
      18
      26
      18
      28
      22
      29
      22
      26
      28
      10
      16
      29
      21
      21
      18
      15
      28
      17
      20
      18
      21
      17
      22
      18
      15
      17
      15
      19
      13
      12
      19
      17
      19
      14
      14
      22
       6
      12
      13
      26
      13
      14
      12
       8
      10
      18
      13
      18
      14
      18
       5
      15
       9
      19
       8
      10
      15
       7
       9
       9
      15
      17
       7
      19
      13
       7
      11
      14
      14
      13
      16
       8
       8
      15
       6
      17
      14
      13
      14
      13
      17
       8
       7
       7
       5
      17
       7
      14
      14
      21
      18
      14
      10
      20
      21
      17
      20
      21
      19
      19
      27
      32
      27
      32
      26
      28
      39
      35
      43
      44
      46
      44
      65
      49
      52
      53
      58
      45
      59
      62
      55
      65
      66
      60
      56
      57
      64
      65
      54
      77
      58
      56
      51
      49
      47
      55
      42
      76
      34
      38
      28
      41
      44
      24
      35
      31
      30
      36
      24
      17
      22
      26
      17
      23
      18
      22
      19
       9
      12
       8
       9
       7
      11
      10
      11
      15
       6
       7
       7
      10
       7
       6
       4
      11
       7
      15
       4
      10
       4
       6
      12
       9
       8
       6
       6
       7
       8
       5
       7
      10
       4
       8
       5
      11
       5
      10
       5
       2
       5
       6
       9
       7
       5
       4
       7
       5
       4
       7
       2
       7
       9
       8
       9
       8
      10
       4
       5
       7
       6
       8
       8
       6
      10
       5
       7
       5
       7
       7
       4
       2
       8
       8
       3
       9
       7
       7
       7
       6
       5
       7
       7
       9
      12
      11
      10
       5
       8
       8
       3
       4
       9
       8
       6
       3
       6
       6
       4
       8
       7
       5
       7
       5
       5
       3
       6
       5
      10
       8
      11
       6
       4
       5
       5
       9
       6
       8
       5
       2
      10
       5
       8
       8
       8
       3
      12
       4
       3
       5
       2
       5
       5
       9
       8
       8
       3
       6
       7
      10
       7
       9
       4
       4
      10
       3
       3
       5
       5
       3
       2
       3
       7
       4
       8
       6
       6
       3
       3
       8
       3
       3
       7
       6
       2
       5
       9
       4
       7
       5
       5
       4
       4
       7
       3
       3
       7
       4
       5
       7
       4
       3
       6
       4
       4
       9
       8
       8
       5
       6
       6
       1
      11
       6
       6
       7
       6
       8
       6
       5
       1
       2
       5
       4
       4
       7
       5
       1
       5
       7
       9
       6
       6
       2
       4
       4
       5
       8
       6
       4
       5
       5
       2
       3
       2
       9
       3
       7
       4
       3
      10
       6
       8
       1
       3
       6
       5
       2
       4
       2
       5
       3
       4
       3
       3
       7
       6
       6
      11
       8
       6
       2
       4
       5
       3
       4
      10
       7
       5
       6
       1
       9
       4
       6
       4
       5
       3
       4
       5
       8
       2
       9
       4
       7
       4
       6
       1
       1
       4
       5
       7
       7
       4
       7
       8
       9
       8
       3
       5
       6
       7
       8
       5
       1
       2
       5
       6
       7
       3
       7
       1
       1
       6
       8
       9
       1
       8
       4
       7
       4
       5
       5
       3
       3
       4
       5
       5
       2
       4
       5
       7
       3
       3
       7
       4
       4
       2
       5
       2
       3
       4
       6
       4
       5
       6
       3
       4
      13
       4
       4
       3
       3
       4
       3
       3
       5
       2
       7
       5
       1
       4
       9
       5
       4
       6
       8
       4
       4
       6
       3
       2
       3
       3
       4
       6
       1
       3
       1
       4
       2
       3
       4
       8
       7
       1
       7
       1
       4
       5
       6
       5
       2
       8
       5
       5
       1
       5
       4
       5
       5
       5
       1
       5
       1
       7
       7
       6
       9
       3
       5
       1
       6
       7
       3
       5
       8
       8
       3
       4
       2
       6
       7
       3
       6
       4
       3
       4
       4
       4
       8
       8
       0
       6
       3
       4
       5
       2
       5
       6
       5
       2
       5
       3
       3
       1
       1
       6
       4
       6
       3
       6
       8
       1
       4
       3
       2
       1
       2
       8
       4
       2
       2
       5
       5
       4
       4
       3
       4
       9
       9
       7
       3
       1
       5
       4
       1
       3
       4
       6
       2
       6
       0
       4
       8
       5
       6
       4
       5
       5
       5
       3
       4
       1
       3
       2
       5
       1
       7
       4
       4
       5
       0
       3
       3
       5
       4
       5
       3
       3
       2
       5
       4
       5
       1
       4
       5
       3
       5
       5
       3
       4
       3
       3
       2
       7
       5
       2
       6
       4
       5
       7
       4
       5
       3
       5
       6
       5
       7
       5
       4
       3
       3
       1
       2
       7
       6
       1
       3
       3
       5
       5
       7
       3
       0
       1
       4
       5
       2
       3
       3
       3
       6
       8
       5
       5
       3
       4
       4
       4
       4
       2
       4
       4
       6
       5
       6
       5
       4
       5
       4
       4
       2
       4
       3
       6
       3
       3
       2
       2
       9
       7
       4
       1
       6
       4
       2
       7
       5
       3
       8
       3
       6
       4
       5
       2
       5
       7
       6
       9
       4
       6
       4
       6
       5
       1
       0
       4
       4
       6
       3
       6
       5
       0
       4
       5
       5
       8
       4
       6
       4
       2
       4
       5
       2
       4
       6
       7
       4
       5
       7
       5
       6
       7
       4
       3
       1
       4
       7
       4
       9
       5
       1
       5
       4
       4
       4
       4
       3
       3
       5
       3
       2
       2
       6
       5
       8
       1
       3
       7
       2
       5
       4
       4
       4
       5
       2
       3
       8
       6
       4
       6
       5
       1
      10
       5
       5
       1
       5
       4
       4
       5
       3
       4
       1
       3
       2
       2
       3
       6
       6
       5
       5
       5
       5
       4
       6
       3
       3
       1
       3
       5
       3
       5
       5
       2
       4
       3
       2
       5
       8
       3
       2
       6
       6
       3
       3
       4
       5
       3
       2
       3
       7
       7
       4
       7
       4
       5
       4
       4
       8
       1
       6
       6
       6
       5
       5
       1
       6
       5
       7
       3
       3
       2
       4
       7
       5
       4
       2
       2
       8
       5
       1
       3
       2
       4
       5
       5
       4
       6
       5
       2
       3
       3
       4
       6
       3
       3
       4
       5
       7
       4
       3
       1
       1
       4
       3
       6
       4
       4
       5
       2
       1
       7
       4
       3
       0
       5
       1
       7
       0
       5
       5
       6
       1
       5
       7
       2
       6
       3
       2
       5
       1
       3
       1
       3
       4
       4
       3
       5
       3
       5
       6
       2
       5
       2
       2
       7
       8
       3
       5
       2
       3
       4
       2
       3
       3
       3
       2
       1
       5
       3
       4
       4
       4
       6
       7
       5
       3
       1
       3
       5
       4
       4
       3
       3
       2
       3
       4
       7
       2
       4
       8
       5
       4
       3
       6
       3
       5
       5
       9
       3
       5
       1
       6
       8
       3
       3
       5
       6
       1
       4
       2
       3
       5
       1
       4
       3
       3
       4
       3
       7
       3
       5
       2
       7
       5
       5
       2
       5
       5
       4
       7
       1
       3
       6
       3
       1
       8
       2
       6
       6
       5
       2
       3
       4
       2
       8
       4
       7
       4
       7
       3
       6
       7
       2
       0
       3
       6
       1
      10
       6
       9
       4
       4
       2
       3
       2
       4
       6
       2
       4
       4
       1
       6
       1
       1
       1
       4
       3
       3
       8
       5
       4
       4
       4
       4
       2
       6
       7
       3
       3
       4
       4
       4
       3
       3
       1
       2
       6
       4
       2
       6
       5
       5
       2
       3
       7
       3
       2
       2
       5
       3
       4
       7
       7
       3
       1
       5
       5
       8
       2
       2
       3
       5
       4
       6
       5
       7
       5
      10
       4
       6
       7
       4
       3
       7
       2
       7
       6
       5
       5
       3
       5
       4
       2
       0
       3
       6
       4
       3
       2
       3
       6
       6
       4
       5
       6
       7
       4
       8
       1
       4
       2
       4
       1
       5
       5
       5
       3
       3
       1
       5
       2
       4
       2
       3
       4
       5
       5
       6
       6
       5
       5
       5
       4
       5
       2
       5
       4
       8
       4
       5
       5
       2
       7
       4
       4
       5
       4
       1
       7
       5
       4
       5
       6
       4
       3
       5
       5
      11
       7
       4
       3
       4
       3
       1
       4
       3
       3
       2
       3
       2
       7
       5
       8
       4
       5
       8
       2
       4
       6
       2
       4
       5
       5
       5
       4
       6
       7
       9
       6
       4
       5
       2
       3
       8
       6
       5
       3
       4
       2
       7
       6
       8
       4
       2
       6
       6
       2
       4
       9
       2
       5
       9
       2
       8
       2
       6
       3
       5
       5
       2
       5
       4
       2
       3
       5
       2
       1
       7
       3
       4
       8
       5
       5
       5
       8
       8
       4
       1
       3
       4
       6
       5
       5
       6
       6
       4
       5
       4
       3
       1
       8
       1
       4
       7
       5
       1
       1
       0
       0
       0
       0
       0
       0
       1
       0
       0
       0
       0
       0
       0
       0
       0
       0
       0
       0
       0
       0
       0
       0
       0
       0
       0
       0
       0
       0
       0
       0
       0
       0
       0
       0
       0
       0
       0
       0
       0
       0
       0
       0
       0
       0
       0
       0
       0
       0
       0
       0
       0
       0
       0
       0
       0
       0
       0
       0
       0
       0
       0
       0
       0
       0
       0
       0
       0
       0
       0
       0
       0
       0
       0
       0
       0
       0
       0
       0
       0
       0
       0
       0
$ROI:
1
712 830
$PRESETS:
None
0
0
$ENER_FIT:
-23.656767 2.297974
$MCA_CAL:
3
-2.365677E+001 2.297974E+000 2.836717E-005 keV
$SHAPE_CAL:
3
0.000000E+000 0.000000E+000 0.000000E+000
