$SPEC_ID:
No sample description was entered.
$SPEC_REM:
DET# 1
DETDESC# DESKTOP-I499GD2 Easy-MCA-2k SN 18191655
AP# Maestro Version 7.01
$DATE_MEA:
02/28/2024 17:31:18
$MEAS_TIM:
38 41
$DATA:
0 2047
       0
       0
       0
       0
       0
      12
      43
      80
    1156
     799
     777
     789
     846
     829
     872
     956
     921
     946
    1029
    1050
    1087
    1059
     969
     973
     964
    1051
    1061
    1115
    1250
    1443
    1606
    1549
    1838
    2078
    2138
    1709
    1378
    1172
    1178
    1298
    1286
    1424
    1473
    1541
    1761
    1853
    2006
    2039
    2281
    2418
    2613
    2737
    2932
    3038
    3187
    3490
    3775
    4013
    4285
    4952
    5874
    7479
    9634
   12438
   14529
   14806
   13320
   10621
    7528
    5039
    3437
    2498
    2128
    1929
    1960
    1946
    2011
    2005
    2055
    2081
    1898
    1941
    1767
    1779
    1731
    1659
    1702
    1649
    1708
    1715
    1786
    1793
    1743
    1792
    1777
    1727
    1687
    1804
    1716
    1718
    1575
    1585
    1502
    1540
    1534
    1513
    1494
    1439
    1451
    1476
    1382
    1446
    1386
    1419
    1336
    1410
    1288
    1389
    1321
    1353
    1306
    1333
    1285
    1335
    1318
    1275
    1281
    1253
    1207
    1246
    1247
    1281
    1285
    1301
    1352
    1306
    1272
    1294
    1205
    1283
    1215
    1189
    1236
    1171
    1148
    1060
    1125
    1104
    1020
    1041
    1016
    1002
    1024
     976
     955
     959
     955
     942
    1010
     948
    1023
     935
     931
     926
     886
     950
     892
     901
     880
     893
     922
     938
     886
     895
     841
     833
     879
     873
     848
     841
     892
     831
     841
     851
     864
     850
     853
     816
     810
     806
     845
     765
     761
     774
     852
     789
     818
     777
     760
     790
     804
     806
     711
     754
     773
     739
     785
     769
     798
     816
     764
     756
     726
     769
     754
     747
     780
     764
     783
     781
     773
     775
     776
     792
     805
     782
     774
     854
     819
     821
     888
     846
     819
     840
     769
     795
     804
     743
     741
     766
     710
     730
     706
     765
     709
     731
     689
     706
     701
     694
     715
     695
     665
     694
     703
     686
     699
     733
     710
     719
     689
     707
     709
     717
     711
     705
     721
     735
     696
     683
     632
     651
     593
     644
     629
     604
     563
     546
     563
     587
     462
     497
     523
     499
     469
     473
     406
     468
     353
     399
     404
     396
     411
     389
     400
     383
     394
     384
     331
     367
     350
     338
     358
     342
     324
     338
     346
     330
     343
     323
     320
     340
     336
     329
     286
     317
     306
     308
     310
     297
     288
     313
     308
     283
     304
     294
     316
     298
     268
     318
     311
     303
     290
     268
     304
     316
     302
     283
     332
     292
     341
     308
     327
     307
     346
     362
     387
     431
     477
     521
     587
     647
     739
     793
     940
    1046
    1201
    1354
    1465
    1667
    1821
    2121
    2273
    2533
    2594
    2745
    3001
    3164
    3194
    3336
    3418
    3448
    3453
    3387
    3273
    3231
    3090
    2927
    2639
    2551
    2353
    2144
    1915
    1713
    1530
    1427
    1207
    1024
     873
     772
     624
     529
     458
     351
     299
     275
     237
     188
     193
     164
     123
     115
     101
      82
      75
      81
      71
      78
      77
      98
      86
      73
      82
      89
      85
     106
      79
     117
      97
     104
     122
     116
     149
     161
     196
     207
     208
     233
     262
     298
     296
     330
     374
     357
     410
     483
     515
     498
     489
     531
     557
     594
     603
     572
     612
     579
     624
     547
     529
     574
     492
     454
     429
     446
     389
     380
     332
     275
     284
     234
     204
     206
     168
     132
     118
     104
     104
      78
      82
      70
      65
      51
      51
      49
      58
      48
      43
      38
      36
      32
      39
      41
      34
      34
      41
      32
      29
      26
      36
      39
      35
      37
      31
      29
      39
      29
      24
      37
      26
      27
      33
      33
      33
      30
      21
      26
      27
      27
      26
      29
      27
      18
      30
      25
      37
      29
      26
      24
      30
      29
      32
      18
      33
      22
      22
      26
      18
      17
      18
      21
      24
      14
      21
      22
      23
      27
      20
      22
      27
      24
      23
      23
      14
      26
      33
      24
      26
      18
      26
      25
      29
      17
      25
      26
      27
      32
      21
      20
      26
      24
      29
      24
      24
      30
      23
      26
      16
      24
      30
      30
      15
      23
      30
      21
      29
      21
      27
      28
      26
      27
      20
      33
      28
      27
      19
      22
      20
      23
      26
      22
      26
      22
      21
      33
      23
      32
      25
      24
      31
      20
      20
      24
      22
      24
      23
      26
      25
      32
      15
      16
      19
      15
      25
      25
      26
      20
      15
      27
      20
      24
      29
      21
      22
      18
      17
      17
      26
      22
      16
      24
      35
      28
      24
      16
      15
      31
      22
      23
      28
      21
       9
      26
      25
      25
      23
      24
      22
      27
      19
      16
      21
      21
      25
      21
      26
      22
      17
      11
      10
      18
      17
      20
      23
      18
      15
      11
      19
      10
      15
      11
      12
      16
      14
      19
      16
      16
      14
      10
      19
      19
       8
       5
      14
      17
       9
       9
      19
      13
      10
      13
      11
      10
      10
      10
       6
      16
      12
      11
      10
      10
      13
       5
      11
      13
       8
       9
       8
       6
      12
      13
       9
      10
       8
       7
      10
       3
      13
      16
      11
       9
       7
       8
      12
       6
       9
      14
       8
      13
      15
      11
      11
      22
      14
      21
      15
       8
      10
      22
      16
      21
      25
      24
      31
      32
      32
      24
      27
      31
      31
      38
      28
      33
      41
      45
      43
      54
      49
      46
      50
      40
      57
      52
      70
      59
      63
      47
      60
      46
      66
      42
      54
      56
      47
      52
      45
      46
      41
      42
      33
      31
      33
      33
      34
      31
      23
      24
      27
      20
      26
      27
      20
      18
      21
      15
      14
      15
      17
       6
      11
      10
       6
       4
       9
      13
       7
      10
       5
       5
      12
       8
       8
       3
       7
       5
       3
       7
       6
       1
       9
       6
       3
       4
       1
       7
       7
       6
      10
       7
       8
       3
       7
      10
       3
       8
       8
       5
       6
       9
       4
       8
       6
       5
       7
       5
       3
       4
       6
       8
       3
       6
       6
       5
       7
       3
       7
       7
       5
       5
       3
       5
       7
       6
       5
       4
       6
       7
       3
       7
       3
       6
       8
       9
       4
       5
       8
       4
       8
       3
       8
       7
       6
       5
       3
       2
       2
       4
       4
       5
       4
       4
       7
       8
       4
       4
       4
       4
       4
       5
       6
       6
       4
       5
       8
       9
       5
       2
       7
       7
       8
       3
       4
       7
       6
       5
       5
       3
       2
       5
       9
       9
       3
       3
       6
       4
       3
       2
       4
       6
       9
       5
       2
       2
       5
       4
       2
       4
       4
       5
       4
       7
       5
       4
       3
       7
       4
       2
       8
       8
       8
       7
       6
       5
       5
       8
       3
       1
       2
       3
       7
       9
       6
       5
       2
       5
       2
       5
       5
      10
       4
       3
       2
       2
       4
       4
       7
       3
       8
       5
       4
       4
       5
       9
       3
       3
       3
       3
       2
       5
       1
       8
       5
       4
       4
       7
       9
       2
       5
       7
       2
       5
       8
       4
       1
       6
       4
       9
       8
       4
       1
       5
       2
       6
       3
       4
       7
       7
       5
       0
       3
       0
       6
       1
       4
       2
       6
       7
       2
       0
       2
       2
       4
       3
       2
       7
       3
       6
       6
       4
       6
       7
       4
       7
       1
       7
       5
       5
       2
       5
       4
       5
       1
       4
       2
       5
       3
       4
       2
       5
       7
       4
       5
       1
       6
       3
       6
       5
       4
       7
       5
       2
       6
       2
       5
       5
       3
       5
       3
       2
       5
       5
       2
       2
       2
       0
       5
       2
       2
       3
       1
       3
       3
       2
       6
       3
       6
       4
       3
       5
       2
       0
       1
       3
       8
       2
       3
       6
       3
       1
       1
       2
       3
       6
       6
       5
       3
       4
       2
       1
       4
       5
       2
       3
       2
       2
       4
       1
       4
       2
       5
       5
       7
       4
       4
       4
       3
       6
       6
       3
       2
       3
       5
       5
       2
       3
       4
       3
       8
       4
       5
       5
       7
       5
       5
       3
       3
       4
       6
       4
       5
       2
       3
       5
       3
       2
       4
       2
       1
       3
       2
       5
       5
       4
       3
       6
       1
       6
       3
       5
       4
       4
       6
       3
       2
       4
       3
       4
       3
       3
       7
       5
       4
       3
       4
       3
       1
       0
       4
       5
       5
       5
       3
       2
       5
       4
       3
      10
       5
       3
       2
       5
       3
       3
       6
       1
       3
       2
       3
       3
       0
       6
       7
       5
       2
       9
       4
       2
       6
       4
       4
       3
       3
       5
       2
       5
       2
       1
       3
       4
       5
       6
       2
       3
       2
       5
       4
       3
       7
       3
       5
       2
       8
       2
       4
       3
       1
      12
       2
       3
       2
       4
       3
       4
       4
       3
       3
       2
       2
       4
       2
       4
       4
       5
       3
       6
       3
       3
       1
       4
       3
       2
       2
       5
       7
       2
       2
       5
       5
      10
       4
       4
       7
       6
       5
       4
       2
       4
       5
       4
       6
       6
       3
       1
       5
       0
       4
       5
       1
       3
       4
       5
       2
       2
       3
       6
       2
       3
       6
       4
       3
       5
       3
       5
       6
       3
       6
       2
       5
       2
       5
       3
       6
       2
       7
       4
       4
       4
       2
       2
       5
       2
       3
       1
       1
       5
       2
       4
       4
       2
       2
       7
       4
       0
       4
       1
       1
       4
       2
       4
       5
       8
       1
       2
       2
       7
       1
       3
       3
       7
       3
       2
       3
       6
       4
       4
       2
       3
       1
       3
       4
       4
       1
       5
       1
       2
       2
       4
       3
       2
       2
       2
       4
       5
       1
       2
       3
       5
       4
       3
       3
       4
       4
       7
       2
       4
       5
       1
      10
       3
       2
       3
       5
       2
       3
       2
       5
       2
       0
       1
       4
       7
       3
       3
       3
       3
       5
       6
       2
       2
       5
       5
       7
       2
       5
       1
       3
       4
       3
       3
       2
       4
       3
       4
       4
       4
       2
       6
       1
       5
       2
       3
       4
       2
       4
       3
       3
       2
       1
       3
       6
       6
       0
       4
       1
       2
       6
       2
       6
       0
       4
       1
       5
       4
       3
       3
       3
       3
       1
       4
       3
       0
       3
       0
       3
       5
       4
       3
       4
       3
       2
       1
       3
       3
       3
       4
       3
       4
       3
       2
       1
       4
       4
       6
       7
       2
       3
       1
       2
       4
       1
       3
       4
       1
       4
       2
       3
       6
       3
       0
       3
       0
       2
       2
       2
       4
       3
       1
       8
       2
       1
       4
       3
       4
       4
       2
       3
       2
       5
       1
       3
       2
       6
       0
       8
       7
       3
       5
       3
       3
       1
       5
       3
       1
       2
       5
       4
       3
       4
       5
       4
       7
       3
       4
       5
       4
       3
       3
       1
       0
       4
       3
       2
       6
       5
       4
       4
       3
       4
       1
       1
       4
       4
       3
       4
       3
       3
       5
       1
       3
       5
       6
       3
       2
       5
       3
       1
       8
       2
       4
       4
       4
       4
       4
       5
       3
       4
       4
       4
       5
       5
       4
       2
       7
       4
       4
       2
       1
       5
       5
       4
       3
       3
       4
       4
       3
       2
       1
       4
       3
       1
       4
       7
       6
       5
       3
       6
       5
       2
       4
       7
       5
       5
       3
       2
       4
       5
       1
       2
       4
       4
       5
       2
       4
       5
       4
       3
       4
       6
       4
       2
       4
       3
       1
       6
       6
       6
       3
       4
       4
       5
       2
       2
       3
       1
       6
       6
       4
       4
       4
       4
       4
       2
       3
       2
       1
       3
       3
       3
       2
       7
       5
       4
       3
       7
       3
       7
       4
       2
       4
       2
       2
       2
       4
       5
       7
       1
       6
       6
       3
       1
       5
       4
       3
       2
       1
       6
       2
       4
       2
       0
       2
       2
       5
       5
       1
       3
       4
       3
       3
       3
       3
       5
       4
       5
       4
       4
       4
       2
       6
       3
       6
       4
       5
       1
       3
       4
       4
       4
       4
       2
       3
       6
       2
       1
       6
       5
       5
       4
       1
       1
       6
       4
       4
       3
       3
       3
       1
       6
       3
       3
       3
       2
       5
       3
       4
       1
       1
       6
       1
       7
       3
       6
       2
       3
       2
       1
       4
       7
       8
       4
       4
       3
       1
       2
       3
       8
       1
       3
       2
       4
       4
       5
       2
       4
       2
       2
       2
       4
       4
       0
       4
       3
       4
       3
       2
       7
       1
       3
       3
       6
       3
       3
       1
       5
       6
       3
       2
       7
       0
       3
       5
       2
       3
       5
       1
       4
      11
       6
       4
       5
       3
       3
       2
       1
       2
       5
       3
       3
       4
       3
       3
       5
       3
       5
       2
       6
       3
       2
       2
       2
       5
       4
       5
       6
       9
       3
       5
       5
       4
       2
       5
       8
       4
       8
       3
       1
       1
       1
       7
       1
       4
       4
       6
       3
       3
       4
       5
       5
       2
       5
       7
       5
       7
       1
       5
       3
       2
       6
       5
       8
       4
       1
       3
       2
       3
       4
       3
       4
       2
       2
       8
       3
       2
       4
       9
       3
       2
       5
       5
       4
       2
       5
       5
       7
       1
       3
       2
       7
       2
       6
       6
       1
       2
       3
       3
       2
       5
       6
       8
       5
       7
       7
       5
      11
       4
       3
       4
       0
       6
       4
       2
       2
       3
       3
       6
       6
       6
       2
       4
       5
       3
       6
       6
       5
       3
       1
       0
       0
       0
       0
       0
       0
       0
       0
       0
       0
       0
       0
       0
       0
       0
       0
       0
       0
       0
       0
       0
       0
       0
       0
       0
       0
       0
       0
       0
       0
       0
       0
       0
       0
       0
       0
       0
       0
       0
       0
       0
       0
       0
       0
       0
       0
       0
       0
       0
       0
       0
       0
       0
       0
       0
       0
       0
       0
       0
       0
       0
       0
       0
       0
       0
       0
       0
       0
       0
       0
       0
       0
       0
       0
       0
       0
       0
       0
       0
       0
       0
       0
       0
$ROI:
1
712 830
$PRESETS:
None
0
0
$ENER_FIT:
-23.656767 2.297974
$MCA_CAL:
3
-2.365677E+001 2.297974E+000 2.836717E-005 keV
$SHAPE_CAL:
3
0.000000E+000 0.000000E+000 0.000000E+000
