$SPEC_ID:
No sample description was entered.
$SPEC_REM:
DET# 1
DETDESC# DESKTOP-I499GD2 Easy-MCA-2k SN 18191655
AP# Maestro Version 7.01
$DATE_MEA:
02/28/2024 16:05:11
$MEAS_TIM:
53 55
$DATA:
0 2047
       0
       0
       0
       0
       2
       9
      43
      44
     357
     220
     250
     290
     278
     334
     355
     402
     418
     465
     543
     537
     440
     425
     427
     428
     391
     418
     467
     546
     803
    1087
    1169
    1199
    1536
    1882
    1820
    1259
     717
     615
     657
     726
     784
     860
     990
    1101
    1320
    1442
    1532
    1782
    1928
    2123
    2424
    2486
    2726
    2917
    2972
    3007
    3062
    3199
    3629
    4399
    5819
    8359
   12172
   16464
   19256
   18885
   15905
   11594
    7261
    4226
    2254
    1296
     912
     803
     778
     762
     814
     799
     813
     782
     718
     631
     575
     539
     516
     504
     544
     508
     522
     519
     521
     553
     538
     524
     470
     463
     390
     409
     324
     337
     356
     310
     291
     294
     276
     266
     254
     273
     238
     264
     274
     259
     232
     265
     269
     260
     228
     219
     224
     217
     244
     221
     229
     199
     219
     227
     216
     213
     210
     234
     213
     250
     242
     221
     277
     265
     287
     274
     240
     251
     244
     235
     227
     179
     176
     194
     158
     150
     154
     127
     117
     136
     116
     116
     137
     105
     114
     124
     107
     112
     119
     133
     109
     110
     108
     110
      87
     102
     115
      87
     113
      97
     107
     105
      93
      91
     100
      91
      89
      98
      86
      91
     102
      76
     100
      94
     101
      83
      90
      99
      82
      96
      92
      96
      81
     100
      80
      78
      82
      87
      88
      83
      98
      67
      87
      82
      71
      96
     101
      86
      89
      83
      95
     115
     112
     118
     135
     138
     157
     134
     170
     151
     212
     212
     223
     221
     243
     226
     234
     246
     246
     253
     234
     228
     220
     194
     179
     168
     173
     123
     120
     100
     102
      98
      76
      75
      80
      54
      52
      71
      54
      60
      55
      56
      63
      48
      71
      54
      57
      43
      46
      58
      54
      48
      60
      46
      45
      47
      57
      53
      52
      34
      52
      46
      47
      44
      45
      63
      52
      45
      49
      44
      50
      45
      58
      56
      40
      46
      62
      51
      39
      44
      44
      37
      44
      48
      46
      31
      52
      44
      48
      47
      41
      51
      47
      43
      43
      39
      44
      44
      44
      40
      40
      40
      48
      46
      48
      36
      56
      39
      48
      47
      39
      51
      34
      46
      44
      33
      27
      44
      52
      45
      37
      46
      32
      39
      35
      38
      41
      32
      43
      36
      55
      37
      37
      37
      46
      48
      47
      34
      41
      37
      39
      34
      41
      54
      38
      42
      43
      41
      47
      61
      51
      65
      58
      42
      59
      52
      69
      68
      63
      62
      48
      63
      42
      50
      44
      48
      45
      38
      45
      53
      51
      43
      35
      43
      32
      27
      40
      37
      38
      33
      24
      40
      37
      21
      34
      29
      35
      33
      30
      34
      32
      32
      25
      23
      25
      33
      22
      32
      30
      39
      28
      34
      29
      30
      27
      38
      47
      23
      27
      26
      32
      27
      35
      28
      41
      33
      27
      33
      44
      40
      44
      36
      30
      31
      41
      30
      43
      33
      34
      39
      36
      35
      27
      25
      41
      36
      45
      34
      36
      32
      44
      36
      31
      31
      34
      37
      29
      31
      29
      28
      22
      31
      33
      23
      25
      33
      25
      36
      29
      27
      22
      33
      34
      30
      24
      22
      37
      29
      34
      26
      35
      33
      34
      33
      34
      38
      30
      34
      33
      38
      29
      38
      38
      29
      33
      23
      26
      27
      27
      36
      36
      21
      33
      46
      23
      18
      38
      30
      31
      26
      30
      28
      25
      33
      24
      25
      29
      30
      18
      30
      23
      33
      24
      21
      30
      27
      28
      28
      25
      29
      16
      28
      31
      25
      27
      19
      18
      27
      31
      33
      29
      36
      33
      38
      26
      26
      28
      39
      28
      15
      29
      29
      35
      28
      22
      33
      32
      25
      41
      28
      31
      29
      29
      27
      33
      35
      29
      35
      30
      34
      32
      41
      28
      20
      37
      27
      35
      31
      23
      34
      33
      34
      20
      30
      26
      24
      37
      34
      31
      24
      27
      27
      24
      32
      37
      28
      33
      24
      32
      35
      37
      31
      17
      28
      28
      26
      27
      34
      34
      27
      34
      38
      27
      29
      28
      29
      34
      26
      39
      22
      32
      38
      33
      38
      34
      32
      27
      39
      29
      28
      30
      36
      28
      28
      39
      24
      29
      32
      27
      21
      27
      24
      29
      30
      26
      20
      30
      26
      35
      29
      21
      24
      33
      18
      31
      24
      25
      27
      25
      28
      29
      30
      23
      20
      23
      27
      14
      23
      26
      17
      28
      20
      27
      17
      17
      18
      14
      21
      13
      20
      13
      20
      26
       9
      18
      11
      15
      18
      16
      21
      17
      19
      10
      17
      17
      18
      17
      20
      14
      14
      19
      19
      14
      16
      17
      18
      13
      16
      20
      17
      15
      12
      24
      17
      16
      12
      15
      19
      13
      18
      13
      16
      12
      14
      12
      16
      21
      26
      26
      20
      16
      17
      20
      20
      28
      31
      32
      26
      32
      32
      27
      44
      55
      50
      60
      57
      63
      46
      73
      70
      54
      64
      73
      83
      87
      79
      71
      81
      85
      79
      86
      90
      89
      87
      86
      82
      84
      78
      76
      96
      79
      81
      79
      53
      62
      60
      60
      50
      58
      52
      38
      40
      38
      40
      35
      46
      36
      25
      30
      25
      21
      26
      29
      22
      20
      16
      11
      23
      17
      14
      11
      12
      14
      15
       9
      16
      18
      15
       9
      10
      20
      15
      10
      15
      16
      15
      10
      16
      14
      14
      14
      11
      19
      12
      12
      14
      13
      17
      15
      13
      19
      15
      15
      14
      16
      12
      14
      11
      14
      19
       6
      10
      17
      12
       5
      13
      14
       8
      14
      12
      11
       9
       8
      16
      12
      14
       8
      12
      16
      20
      11
      11
      10
      12
      14
       3
       9
      10
      20
      13
      13
      12
      11
       8
      11
      11
      16
       7
      11
      14
      14
      12
      14
      13
      12
      17
      10
      11
      22
       8
       7
      11
      10
      10
      12
      11
      15
      12
       9
       9
       7
       8
       7
      11
      11
      11
      14
       9
      15
      15
      11
      12
      12
       7
       9
       6
       7
      12
       9
      12
      10
      15
      16
      12
      16
      15
      14
      10
       9
      13
      13
      14
      19
       7
      15
       9
      17
       7
      13
      11
      13
       9
       9
       9
      17
       8
      10
      13
      13
      13
      10
      11
      13
      10
       9
      14
      10
      24
      17
      12
      10
       9
      16
       8
      14
      14
       6
      11
      13
      13
      19
       8
      12
       7
      10
      13
      15
      13
      12
      11
      12
      11
      11
       7
      15
      15
       9
      14
       8
      11
      14
      11
      20
      14
       5
      10
      12
      11
      16
      13
       9
      14
      13
      12
      11
      12
      24
      11
       9
      13
      11
       8
      12
      20
      11
      11
      15
      17
       9
      13
       9
       9
      12
      14
      13
      15
      13
      13
      12
      11
      16
       8
      16
      20
      15
      13
      21
      15
       8
      16
      12
      12
      11
      10
      16
      10
      12
      14
      17
      11
      11
      10
      15
      16
      11
      10
       9
      13
       9
       8
       9
      15
      16
       7
      10
       8
      16
      14
       9
      13
       9
      11
       9
      11
      12
      17
       8
      14
      10
      11
      14
      12
      12
       6
       9
       8
      13
       9
       7
       7
      11
      11
      21
      13
      17
      19
      14
      14
      12
      11
       9
      10
       8
      10
       7
      11
       7
      11
      14
       5
      10
      10
       9
      17
       9
      10
       8
       8
      10
      10
      11
      13
       8
       9
      13
      12
       5
      16
       8
      12
      13
       6
      12
       9
       8
       4
       8
      10
      14
       8
       6
      11
      13
      14
       8
      14
       9
       8
      13
      13
       8
      10
       6
       8
       9
       7
      11
       4
      12
       8
       9
       4
       7
      10
       8
      11
       7
      12
       5
      12
      15
       7
      10
       7
       5
      11
       4
      12
      14
       4
      20
       8
      14
       7
      10
      18
      16
      15
      18
      12
       9
      14
      19
      13
      16
      11
      12
      12
      13
      19
      15
      18
      19
      13
      21
      26
      12
      14
      15
      16
      15
      16
      18
      11
      16
      22
      14
      14
      16
      19
      13
      16
      14
      12
      12
      13
      16
      17
      13
      16
      10
      15
      19
      14
      14
      12
       8
       9
      12
      15
       9
      11
       8
      15
       8
      13
       5
      12
      12
       9
      14
       9
       7
      11
      11
      10
      12
       5
       9
      12
      17
       8
      10
       7
      10
       5
       8
      11
       9
       7
       5
      13
       4
      12
       7
      11
      11
       8
      11
      12
       2
      11
       3
       6
       7
      13
      10
      17
       4
      12
       8
       6
       6
       9
      12
       9
       3
       9
       9
       7
       4
       6
       6
      11
       7
       2
      11
       6
       9
      11
       8
       9
       8
       9
       7
       9
       8
       4
       7
       4
       9
       7
       6
      10
       6
       5
       7
       5
       9
       5
       9
       5
       8
       8
       6
       6
       5
       3
       2
       4
       8
       8
      14
      10
       5
       6
       7
       9
       5
       4
       9
       8
       9
      13
      11
       6
      14
       6
      10
       9
       8
       5
       6
       8
       2
       8
       6
       7
       8
       8
       6
      11
      11
       8
       6
       9
       7
      11
       3
       4
       7
       4
       4
       7
       9
       3
       6
       8
      10
       8
       7
       4
       8
       9
       5
       6
       9
       9
      10
       7
       6
       6
      12
       5
       3
       9
      11
       9
       9
      10
       4
       5
      16
      17
      10
       7
       9
       9
       7
       7
      12
       9
       7
       4
       9
       4
       8
       9
       3
      10
       6
       6
       7
      16
      11
       5
       5
       5
       2
       7
       7
       6
       6
       7
       9
       8
      11
       5
       5
       8
       7
       6
       5
       8
      10
      13
       9
       5
       5
       9
      11
      10
       8
      12
       3
       8
       6
      12
       7
       6
       7
       8
       4
      12
       6
      12
       4
      13
       5
       7
       5
      13
      10
       6
       7
      11
       8
       7
       4
       9
       7
       8
      10
       9
       6
       7
       7
       7
      11
       7
      12
       7
       8
       6
       9
       8
       5
       2
       9
      13
       6
      11
       5
      11
      13
       9
       7
      12
       8
       5
      10
      11
       6
       5
      15
       7
      12
      11
      10
       4
      12
      13
       6
       2
       8
      12
       7
       8
      11
       8
       6
       8
       5
       9
       8
       8
      11
       5
       8
       4
       9
       6
       6
       7
       6
       7
       9
       9
      14
       5
       5
       3
       5
       9
      10
       8
       6
       9
       9
      11
       7
       3
       4
       5
       7
      12
      10
       7
      11
      12
      11
      15
      15
      13
       8
      16
       4
      11
      15
       8
       8
      11
      12
       7
       8
       9
       7
       4
       4
       8
       7
      13
       6
       7
       7
       7
       7
       8
       2
       8
      10
      10
      11
       9
       7
       9
       8
       6
       7
      13
       9
       6
       7
      14
       9
      11
      15
       9
       7
       5
       9
       8
       6
       6
       8
       7
      12
      13
       7
       3
      10
      14
       5
       6
      10
       6
       8
       8
       5
       7
      11
       4
       9
      12
      15
       7
       9
       6
      10
      11
      13
       6
       7
      13
      11
      16
      13
      18
       5
       8
      11
       4
       3
      10
       5
       5
       9
      13
       7
      11
      10
       8
       8
      13
       9
       8
       5
       4
      12
       8
      17
      11
      10
       6
       8
       7
      10
       9
      13
       5
       7
       8
       6
       5
       8
       9
      14
      10
      13
       5
       5
      10
       6
       5
      15
       6
       9
      10
       7
       9
       9
      15
      11
       4
      12
       8
       9
      12
       9
      11
       9
       6
       5
       7
      10
      12
      15
       8
       6
      10
       3
       9
      11
       9
      11
       9
       6
       8
       6
      12
       6
      10
       6
       9
      10
      14
      15
       6
      14
       4
      11
       6
       4
       8
      11
       5
       8
      11
      13
       6
      15
       4
       7
       9
       7
      10
       5
      13
      17
      10
      10
      11
       6
       6
       7
      12
      10
      12
      10
       8
      13
       8
      12
      11
       7
       8
      11
      10
      10
      15
       7
       9
       9
       9
       3
       6
      13
       7
      11
       9
       6
      11
       9
      11
       7
      12
      10
      10
      12
       9
      11
      12
       3
      11
       7
      11
       9
      10
       4
       9
      14
      10
      10
      12
       8
       8
       7
       7
      13
      11
       6
      10
      15
      11
       8
       5
      11
       3
       4
       8
       6
      15
      10
      13
       7
      13
       7
       5
       9
       8
       7
       6
       9
       9
      11
       7
      12
      12
      14
       3
       8
       7
       8
       5
      15
       6
       8
      11
       9
       5
       6
       6
      16
       8
      11
      10
       9
      13
      10
      10
       7
       4
       8
      10
       3
      13
      12
      10
      15
       8
      11
      10
       7
      13
       6
      13
      13
      14
       8
      10
       6
      12
      10
      10
       6
      11
       5
       6
      11
      11
       9
      10
      11
      13
       9
       8
       6
      12
       9
      10
      10
      17
       7
      11
      10
      12
       8
      11
       8
       7
      11
      11
       9
      16
       8
       5
      13
      14
       8
      14
       9
      10
      12
       6
       9
      13
       8
      10
      10
       8
      11
      12
       2
       0
       0
       0
       0
       0
       0
       0
       0
       0
       0
       0
       0
       0
       0
       0
       0
       0
       0
       0
       0
       0
       0
       0
       0
       0
       0
       0
       0
       0
       0
       0
       0
       0
       0
       0
       0
       0
       0
       0
       0
       0
       0
       0
       0
       0
       0
       0
       0
       0
       0
       0
       0
       0
       0
       0
       0
       0
       0
       0
       0
       0
       0
       0
       0
       0
       0
       0
       0
       0
       0
       0
       0
       0
       0
       0
       0
       0
       0
       0
       0
       0
       0
       0
$ROI:
1
712 830
$PRESETS:
None
0
0
$ENER_FIT:
-23.656767 2.297974
$MCA_CAL:
3
-2.365677E+001 2.297974E+000 2.836717E-005 keV
$SHAPE_CAL:
3
0.000000E+000 0.000000E+000 0.000000E+000
