$SPEC_ID:
No sample description was entered.
$SPEC_REM:
DET# 1
DETDESC# DESKTOP-I499GD2 Easy-MCA-2k SN 18191655
AP# Maestro Version 7.01
$DATE_MEA:
02/28/2024 16:07:08
$MEAS_TIM:
51 52
$DATA:
0 2047
       0
       0
       0
       0
       0
       9
      24
      47
     256
     249
     217
     238
     256
     259
     326
     382
     397
     386
     454
     462
     393
     392
     374
     356
     357
     356
     406
     500
     714
     947
    1133
    1162
    1490
    1885
    1597
    1132
     639
     530
     557
     644
     708
     799
     876
    1089
    1212
    1312
    1393
    1618
    1878
    2005
    2210
    2375
    2711
    2772
    2763
    2763
    2778
    3017
    3449
    4238
    5645
    8288
   11871
   15484
   18310
   17941
   15076
   10646
    6846
    3866
    2016
    1227
     891
     686
     734
     726
     789
     735
     716
     680
     625
     618
     518
     500
     457
     440
     463
     441
     494
     474
     481
     476
     461
     448
     375
     406
     365
     330
     287
     240
     259
     249
     265
     273
     237
     235
     215
     220
     206
     191
     181
     188
     187
     202
     186
     165
     186
     168
     183
     172
     161
     176
     181
     167
     181
     188
     163
     165
     171
     159
     173
     174
     174
     202
     210
     227
     191
     236
     225
     202
     184
     215
     188
     173
     140
     142
     136
     121
      93
      80
     106
      81
      85
      90
      78
      73
      62
      85
      88
      79
      76
      75
      72
      63
      66
      71
      77
      68
      65
      70
      78
      59
      81
      62
      67
      81
      57
      66
      62
      57
      85
      55
      67
      65
      48
      39
      66
      78
      62
      48
      56
      52
      87
      62
      67
      62
      70
      64
      68
      52
      69
      46
      70
      67
      62
      54
      65
      50
      60
      61
      78
      53
      74
      66
      65
      90
      79
      99
      94
     112
     129
     150
     135
     151
     154
     160
     144
     176
     165
     188
     174
     162
     155
     154
     137
     151
     135
     119
     102
      88
      79
      79
      51
      76
      41
      52
      47
      42
      26
      42
      56
      24
      37
      28
      37
      38
      40
      48
      26
      35
      20
      37
      28
      34
      35
      32
      39
      31
      45
      43
      45
      34
      16
      32
      33
      30
      38
      30
      29
      35
      21
      26
      27
      28
      33
      16
      32
      21
      22
      32
      31
      31
      39
      35
      29
      34
      21
      32
      41
      19
      20
      31
      31
      20
      28
      25
      26
      27
      30
      41
      27
      22
      22
      27
      27
      24
      32
      24
      29
      30
      25
      24
      32
      30
      27
      26
      37
      27
      20
      31
      19
      31
      28
      21
      32
      24
      15
      32
      36
      26
      28
      24
      20
      25
      24
      30
      25
      20
      27
      25
      23
      23
      26
      36
      26
      27
      36
      33
      21
      39
      31
      36
      33
      41
      38
      35
      43
      42
      30
      39
      46
      27
      47
      32
      35
      39
      21
      35
      34
      34
      42
      30
      28
      22
      25
      17
      33
      20
      23
      21
      17
      20
      19
      33
      16
      27
      24
      19
      28
      21
      16
      17
      19
      24
      18
      23
      13
      12
      13
      31
      12
      16
      17
      24
      10
      25
      15
      26
      19
      19
      17
      11
      21
      30
      21
      21
      22
      25
      26
      22
      20
      14
      14
      23
      25
      29
      27
      17
      22
      18
      25
      25
      19
      24
      22
      22
      19
      28
      26
      24
      22
      13
      20
      23
      21
      17
      17
      30
      20
      16
      23
      16
      15
      17
      13
      18
      23
      22
      19
      18
      16
      23
      16
      16
      15
      20
      20
      26
      15
      16
      25
      11
      19
      18
      19
      20
      29
      18
      19
      20
      25
      13
      23
      23
      22
      23
      14
      16
      22
      14
      22
      23
      18
      23
      16
      17
      18
      11
      23
      12
      18
      16
      20
      13
      17
      12
      13
      12
      16
      17
      25
      25
      17
      21
      15
      10
      11
      20
      17
      16
      18
      13
      20
      17
      23
      15
      20
      10
      23
      11
      17
      11
      18
      26
      22
      17
      15
      21
      26
      16
      20
      18
      19
      14
      16
      14
      19
      29
      19
      19
      15
      22
      25
      23
      24
      19
      20
      12
      12
      15
      11
      21
      25
      15
      18
      19
      11
      19
      20
      12
      20
      20
      19
      18
      21
      15
      14
      16
      20
      17
      21
      14
      21
      10
      30
      21
      22
      27
      25
      19
      15
      18
      25
      16
       9
      12
      20
      14
      26
      24
      14
      12
      10
      14
      18
      11
      16
      19
      20
      20
      18
      19
      18
      21
      21
      23
      18
      11
      17
      15
      18
      16
      20
      18
      25
      24
      14
      25
      21
      18
      17
      17
      16
      26
      17
      22
      18
      15
      19
      25
      23
      18
      17
      24
      12
      18
      13
      14
      19
      14
      11
      14
      12
      13
      14
      16
      21
       7
      13
      10
      19
      22
       9
      14
      20
      12
      21
      13
      15
      13
      16
       9
       6
       4
       6
      14
       8
       8
      14
      16
       7
       6
       7
       6
      10
      12
      13
       6
      13
      15
       7
      12
      11
      16
       9
       9
      16
       6
      14
       8
      14
       9
       4
      10
      10
       8
      10
       8
       7
      11
      12
       8
       6
      11
      10
       6
      12
       9
      14
       3
      11
      13
      11
       8
       9
      16
      17
      20
      17
      10
      26
      21
      26
      32
      23
      21
      21
      32
      31
      35
      29
      34
      43
      44
      44
      38
      51
      35
      40
      48
      50
      40
      49
      44
      49
      51
      51
      49
      44
      54
      38
      35
      26
      37
      31
      32
      33
      24
      23
      40
      21
      29
      37
      24
      26
      25
      27
      19
      25
      16
       7
      19
      18
      17
      19
      12
      13
      12
      10
      14
      11
       5
       9
      10
       7
       4
       9
       6
       8
       8
       7
       6
      10
      12
       5
      13
      12
      10
       8
       3
       7
       7
       8
      11
      10
      12
       3
      10
      10
      11
      10
       7
       4
      12
       7
       7
      13
      14
       8
      13
      13
      10
       5
      13
      10
       7
       6
      10
       2
      10
       8
       9
      10
      11
       8
       7
      12
       4
       8
      14
       7
       6
      10
       9
      11
       8
       1
      12
       7
       4
       9
       5
       5
       6
       4
       6
       6
      10
      15
      11
       8
       5
       7
       6
      15
       9
       8
       7
       8
       5
      12
       9
      11
       9
       5
      11
       5
       4
       6
      11
       9
      12
      10
       7
       6
       4
       3
      11
      12
       6
       4
       6
      11
       7
       6
      12
       3
       4
       8
      12
       7
       3
       7
      12
       8
       5
       6
       5
       6
       2
      10
       9
       7
       8
       9
       9
       5
       7
      11
       4
       7
       6
       8
       9
       8
      10
      13
       2
       9
       5
       8
       8
       7
       5
       6
       7
       6
       5
       2
      14
       9
       6
       4
       7
       5
       4
       6
       7
       7
       8
       9
       7
       7
       4
       6
       6
       8
       9
       7
       8
      13
       7
       7
       7
       5
       7
      14
      10
       9
       8
      12
      11
       4
       5
       8
      10
      11
      11
      11
       5
       8
       6
       4
       2
       7
       5
      11
       7
      13
       6
      11
      10
       9
      13
       6
      10
       9
       6
       8
       8
       7
      11
       9
       5
       8
       9
       7
      10
       7
       8
       3
       4
       6
       7
       6
       4
       8
       5
       8
       9
       6
      12
       9
       5
      10
      11
       7
       9
       8
       6
       6
       7
       3
       6
       5
       2
       4
       8
      14
      10
      13
       8
      15
       5
       5
       6
       8
       4
       3
       8
       8
      10
      12
       8
       4
       5
       4
       9
       3
       5
       8
       3
       9
       7
       7
       3
       8
       7
       5
       8
       9
       9
       7
       8
       4
       6
       6
       6
       5
       4
       7
       6
       7
       4
       7
       5
       5
       4
       4
       8
      14
       3
       8
       6
       6
       4
       9
       3
       7
       5
       9
       8
       8
       2
      12
      14
       8
       7
       1
      10
       8
       5
       4
       6
       6
       4
       6
       5
       3
       5
       5
       4
       3
       5
       8
       9
      13
       8
       4
       8
      11
      11
       8
       6
      10
       6
       4
       5
       5
       5
       6
       5
       6
       3
       7
       5
      12
      10
       5
       6
      11
       8
       8
       8
       3
       3
       7
       6
      15
       7
       6
       6
       8
       5
       9
       5
      13
       7
       8
      10
      12
      15
      15
      10
       8
      13
      11
      12
      10
      15
      10
       8
       7
      13
      11
       8
      12
       8
       9
       6
       9
      12
      13
       7
       9
      10
      11
       9
       7
       6
      10
       6
       8
      15
       6
       9
      12
       5
      12
       5
      13
       8
      13
      13
       5
       7
      11
       7
      10
       6
       7
       6
       5
      15
       7
       9
       8
      12
       8
      10
       2
       3
       6
       5
       8
       7
       7
       3
       5
       3
       6
       9
       6
       5
       6
       6
       4
       7
       8
       5
       1
       3
       6
       8
       3
       6
       6
       4
       8
       2
       5
       8
       5
       5
       6
       5
       3
       5
       8
       2
       3
       7
       1
       2
       8
       6
       5
       4
       7
       3
       7
       6
       6
       9
       3
       1
       5
       8
       3
       5
       7
       6
       4
       8
       9
       3
       4
       3
       2
       6
       7
       4
       3
       3
       5
       6
       6
       5
       3
       6
       2
       7
       5
       3
       5
       4
       6
       7
       2
       4
       4
       4
       4
       8
       7
       9
       7
       7
       5
       5
       6
       8
       5
      10
       6
       6
       5
       4
       5
       4
       7
       6
       8
       3
       7
       8
       6
       7
       7
       5
       5
       6
       5
      11
       6
       4
       2
       3
       6
       2
       9
       5
       2
       7
       5
       7
       6
       6
       8
       5
       4
       8
       6
       7
       4
       4
       1
       6
       2
       5
       3
       9
       2
       1
      10
       6
       8
       3
       5
       5
       5
       4
       9
       4
       5
       6
       7
       4
       3
       6
       7
       3
       8
       3
       6
       5
       3
       4
       4
       2
       3
       5
       4
       8
       7
       7
       5
       3
       7
       4
       2
       3
       3
       1
       7
       3
       5
       7
       2
       3
       7
       4
       2
       6
       8
       5
       5
      13
       2
       3
       9
       7
       7
       4
       4
       8
       9
       2
       6
      11
       5
       6
       5
       8
       0
       3
       3
       6
       4
       4
       9
       5
       4
      10
       6
       8
       6
       8
       6
      10
       3
       6
       5
       2
       4
       5
       3
       3
       4
       6
       9
       7
      10
       6
       9
       7
       6
       7
      10
       4
       8
       6
       1
       7
       4
       2
       8
       7
       5
       5
       7
       7
       2
       5
       3
       7
       3
       4
       5
       6
      12
       3
       9
       5
       9
       6
       7
       3
       7
       9
       8
       5
       2
       5
       7
       1
       5
       6
       5
       6
       4
       9
       5
       7
       7
       4
       9
       3
       4
       8
       4
       4
       4
       4
       3
       7
       1
       2
       6
       4
       6
       8
      10
       6
       4
       8
       6
       4
       2
       8
       4
      10
       9
       6
       3
       4
       3
       8
       7
       6
       9
       5
       3
       5
       5
       5
       6
      10
       4
       3
       8
       7
       4
       2
       7
       3
       4
       8
       4
       1
       9
       6
       5
       5
       7
       6
       7
       5
       5
       9
       3
       7
       4
      12
       4
       6
       5
       8
       2
       3
       3
       4
       8
       9
       4
       5
       6
       7
       4
       3
       5
       6
       9
       7
       8
       5
       8
       5
       5
       4
       8
       7
       7
       7
       2
       3
       7
       5
       8
       8
       9
       5
       1
       9
       3
       5
       4
       6
       9
       8
       8
       6
       8
       7
       2
       8
       6
       7
       6
       7
       3
      11
       7
       6
       7
       8
       5
       7
       8
       9
       4
      10
       6
       6
       5
      11
       3
       4
       5
       1
       8
       2
       3
       9
       9
       4
      10
       6
       9
       8
       5
       4
       7
       5
       6
      14
       4
       5
       2
       6
       6
       4
      10
       7
       5
       5
       6
       7
       6
       6
       4
       3
       8
       4
       3
       5
       6
       8
       6
       6
       4
       9
       7
       4
       4
       4
       4
       7
       9
       7
       5
       6
       6
       3
       8
       6
       7
       7
       4
       6
       5
       3
       6
       5
       5
       7
       7
       7
       6
       9
       6
       3
       2
       5
       4
       6
       8
       5
       4
       4
       7
       6
       8
       7
       2
       7
       2
      10
       4
       4
       7
       9
       3
       7
       4
       6
       3
       8
       3
       3
      11
       8
       8
       2
       6
       6
       5
       7
       7
       2
       2
       2
       5
       5
       3
       6
       9
       2
       4
      10
       4
       3
       4
       6
       4
       5
       5
       4
       7
       5
       6
       9
       8
       4
       6
       8
       6
       5
      10
       3
       2
       7
       7
       2
       9
       6
       7
       7
       5
      11
       5
       6
       5
       7
       4
       8
       3
       7
       5
       7
       3
       3
       8
       7
       7
       5
       6
       3
      12
       8
       6
       6
       7
       5
       9
      10
       4
       8
       5
      11
      10
       8
       6
       6
       4
       9
       7
      10
       5
       9
      11
       9
       7
      13
      10
       1
       6
      11
       3
       2
       7
       5
      10
       8
       7
       7
       7
       8
      10
       8
      12
       9
      14
      13
       8
       6
      11
       6
       4
       4
       9
       8
       6
       6
       8
      11
       2
       9
      10
       6
      14
       4
       6
       4
       5
      13
      11
       9
       7
       6
       4
       6
       5
       5
      12
       3
       6
       9
       4
       3
       6
       7
      11
       3
       5
       7
       8
       3
       6
       5
      11
       6
       8
       8
       0
       0
       0
       0
       0
       0
       0
       0
       0
       0
       0
       0
       0
       0
       0
       0
       0
       0
       0
       0
       0
       0
       0
       0
       0
       0
       0
       0
       0
       0
       0
       0
       0
       0
       0
       0
       0
       0
       0
       0
       0
       0
       0
       0
       0
       0
       0
       0
       0
       0
       0
       0
       0
       0
       0
       0
       0
       0
       0
       0
       0
       0
       0
       0
       0
       0
       0
       0
       0
       0
       0
       0
       0
       0
       0
       0
       0
       0
       0
       0
       0
       0
       0
       0
$ROI:
1
712 830
$PRESETS:
None
0
0
$ENER_FIT:
-23.656767 2.297974
$MCA_CAL:
3
-2.365677E+001 2.297974E+000 2.836717E-005 keV
$SHAPE_CAL:
3
0.000000E+000 0.000000E+000 0.000000E+000
