$SPEC_ID:
No sample description was entered.
$SPEC_REM:
DET# 1
DETDESC# DESKTOP-I499GD2 Easy-MCA-2k SN 18191655
AP# Maestro Version 7.01
$DATE_MEA:
02/28/2024 18:17:03
$MEAS_TIM:
79 81
$DATA:
0 2047
       0
       0
       0
       0
       0
       1
      24
      38
     584
     518
     508
     522
     566
     575
     639
     697
     722
     732
     878
     866
     742
     777
     724
     695
     648
     677
     733
     951
    1269
    1567
    1710
    1765
    2261
    2719
    2576
    1721
    1080
     893
     926
    1002
    1085
    1240
    1311
    1507
    1783
    1909
    2082
    2302
    2584
    2905
    2953
    3161
    3230
    3494
    3765
    3766
    4145
    4498
    5140
    6456
    8478
   12006
   17043
   22290
   25266
   24512
   20130
   14372
    9121
    5448
    3070
    2043
    1644
    1641
    1619
    1794
    1830
    1956
    1806
    1676
    1570
    1421
    1292
    1276
    1123
    1122
    1093
    1179
    1167
    1197
    1139
    1171
    1191
    1139
    1097
     999
    1087
    1040
     953
     924
     909
     863
     889
     824
     844
     802
     869
     775
     821
     812
     816
     790
     739
     727
     759
     715
     672
     665
     658
     707
     702
     669
     675
     646
     666
     697
     685
     709
     681
     681
     717
     769
     761
     803
     807
     830
     806
     853
     827
     846
     803
     741
     707
     650
     619
     590
     509
     522
     532
     521
     495
     435
     455
     483
     465
     433
     472
     450
     415
     437
     461
     429
     440
     404
     411
     406
     385
     408
     415
     369
     426
     421
     380
     375
     349
     384
     394
     405
     385
     413
     406
     371
     421
     409
     382
     401
     376
     354
     348
     378
     331
     368
     389
     360
     336
     359
     365
     365
     361
     378
     380
     382
     359
     358
     403
     355
     373
     334
     366
     346
     379
     362
     369
     361
     379
     404
     348
     395
     385
     408
     375
     418
     451
     432
     431
     475
     420
     476
     452
     440
     424
     455
     440
     417
     441
     403
     372
     360
     390
     360
     338
     324
     320
     311
     289
     326
     297
     328
     306
     296
     298
     310
     322
     292
     308
     305
     274
     306
     283
     321
     316
     279
     289
     299
     319
     276
     276
     312
     284
     289
     260
     277
     283
     282
     261
     252
     250
     232
     233
     221
     211
     201
     220
     190
     204
     167
     189
     174
     174
     158
     184
     142
     170
     174
     177
     170
     151
     166
     158
     143
     179
     138
     124
     130
     128
     146
     142
     151
     143
     138
     156
     142
     150
     140
     149
     146
     135
     126
     139
     121
     121
     137
     148
     149
     104
     114
     143
     123
     110
     117
     106
     125
     117
     140
     131
     135
     135
     128
     104
     132
     102
     142
     146
     134
     150
     166
     173
     177
     228
     277
     274
     297
     332
     367
     418
     458
     541
     618
     686
     784
     863
     941
    1057
    1071
    1227
    1308
    1347
    1389
    1391
    1433
    1429
    1449
    1422
    1388
    1252
    1270
    1168
    1173
    1074
     923
     867
     776
     722
     638
     524
     462
     420
     338
     283
     251
     209
     187
     148
     119
     103
      75
      66
      61
      55
      43
      42
      33
      34
      39
      37
      37
      32
      35
      27
      34
      33
      27
      33
      33
      38
      42
      50
      51
      48
      51
      65
      52
      71
      73
      85
      98
      97
     125
     121
     138
     141
     159
     160
     204
     204
     243
     234
     245
     267
     245
     300
     244
     288
     273
     241
     241
     235
     259
     251
     217
     206
     167
     169
     147
     141
     154
     110
     103
     100
      94
      69
      67
      59
      53
      46
      45
      41
      34
      37
      37
      27
      29
      24
      36
      28
      26
      27
      24
      24
      14
      33
      21
      19
      24
      30
      26
      21
      17
      22
      25
      15
      26
      25
      21
      18
      20
      20
      12
      16
       9
      17
      13
      17
      13
      14
      18
      12
      18
      18
      12
      15
      18
      16
      16
      10
      10
      11
      21
      11
      13
      12
      10
      13
      17
      15
      15
      14
      15
      19
      20
      14
      20
      19
       7
      10
      12
      12
      12
      13
      16
       9
      13
      12
      14
      13
      13
      17
      13
      14
      14
      15
      14
      16
       9
      14
      11
      12
      19
      13
       6
      12
      14
      19
      16
      14
      21
      11
      15
      13
      17
      13
      18
       9
      23
      14
      16
      11
      17
      13
      17
      17
      21
      21
      28
      20
      20
      18
      14
      18
      14
      23
      16
      11
      22
      17
      17
      16
      21
      15
      20
      14
      21
      20
      20
      11
      17
      15
       9
      13
      10
      13
      15
      15
      13
      18
      14
      13
      16
      12
      14
      19
      11
       8
      17
      17
      15
      17
      13
      11
      12
      18
      12
      20
      18
      11
      20
      17
      13
      22
      13
      10
      13
      12
       7
      14
      12
      12
      11
      11
      12
       6
      15
      12
       9
       5
       8
      10
      10
      13
      10
      12
       2
      11
      12
       3
       3
       7
      12
      11
       7
       6
       8
      12
       9
      10
       9
       7
       6
       9
       7
       4
       8
       4
       5
      12
       8
       6
       7
       8
       4
       5
       4
       9
       6
       7
       7
       8
       7
       9
       9
       7
       9
       9
       4
       5
       9
       5
       5
       8
       6
       9
      10
       3
       6
       2
       2
       9
       8
       5
       4
       8
      12
       6
       8
       7
      10
       7
       7
       8
       3
       9
       9
       6
      14
       7
       7
       8
       7
      14
      17
       8
      15
      11
      12
      12
      26
      21
      29
      20
      19
      22
      25
      28
      21
      21
      28
      19
      23
      15
      27
      29
      24
      22
      23
      31
      24
      26
      22
      25
      32
      21
      29
      29
      25
      26
      21
      21
      19
      22
      18
       8
      24
      11
       7
       9
      12
       9
       9
       9
       6
       6
      10
       6
       6
       5
       9
       5
       8
       5
       8
       5
       3
       6
       7
       6
       5
       9
       3
       7
       2
       2
       2
       5
       4
       9
       4
       6
       7
       3
       4
       5
       6
       5
       7
       9
       3
       6
       4
       6
       8
       7
       9
       5
       9
       4
       8
       9
       6
       1
       3
       2
       5
       8
       5
       9
       2
       4
       3
       3
       7
       4
       4
       2
       9
       3
       4
       4
       1
       7
       6
       7
       2
       2
       5
       3
       5
       2
       5
       5
       2
       6
       6
       9
       2
       9
       2
       6
       6
       3
       9
       6
       3
       3
       2
       4
       1
       4
       5
       2
       3
       4
       3
       6
       4
       4
       4
       5
       2
       3
      13
       6
       2
       7
       5
       5
       2
       4
       2
       4
      13
       7
       2
       3
       3
       5
       4
       4
       7
       3
       6
       3
      10
       4
       3
       5
       3
       1
       3
       4
       5
       5
       5
       6
       2
       3
       8
       1
       4
       0
       4
       1
       5
       6
       5
       6
       3
       3
       3
       2
       1
       3
       6
       6
       5
       1
       5
       4
       2
       5
       4
       4
       3
       6
       4
       4
       6
       5
       3
       1
       3
       0
       7
       3
       2
       3
       5
       7
       4
       2
       7
       1
       4
      10
       3
       3
       7
       2
       0
       5
       2
       3
       2
      10
       3
       2
       5
       6
       2
       5
       2
       1
       1
       6
       6
       5
       4
       3
       3
       6
       4
       2
       4
       2
       4
       2
       7
       2
       5
       4
       6
       2
       6
       4
       3
       4
       5
       4
       5
       4
       2
       2
       5
       5
       7
       4
       5
       6
       2
       6
       4
       3
       3
       3
       7
       7
       6
       4
       7
       1
       2
       2
       2
       2
       6
       7
       1
       4
       6
       6
       5
       4
       3
       3
       4
       4
       4
       6
       3
       6
       1
       3
      12
       2
       6
       7
       4
       5
       3
       5
       5
       3
       1
       3
       4
       2
       4
       4
       8
       2
       6
       3
       1
       5
       2
       4
       2
       1
       3
       3
       4
       3
       7
       6
       2
       4
       6
       2
       4
       6
       1
       7
       4
       4
       4
       4
       4
       7
       4
       0
       6
       3
       5
       5
       5
       2
       8
       4
       2
       2
       3
       5
       4
       1
       3
       3
       4
       5
       3
       8
       5
       1
       4
       4
       3
       5
       1
       3
       3
       2
       5
       2
       4
       1
       3
       2
       2
       2
       2
       3
       5
       4
       2
       4
       7
       5
       1
       3
       4
       1
       5
       5
       6
       7
       4
       4
       6
       3
       3
       4
       5
       3
       4
       4
       2
       2
       3
       6
       6
       3
       7
       3
       4
       2
       3
       2
       5
       4
       3
       2
       4
       6
       1
       0
       6
       2
       6
       4
       3
       2
       3
       5
       2
       3
       3
       2
       2
       3
       4
       7
       6
       4
       3
       2
       7
       4
       3
       4
       2
       6
       3
       1
       7
       7
       7
       1
       0
       6
       3
       6
       6
       3
       5
       7
       3
       4
       8
       4
       5
       3
       1
       5
       3
       4
       4
       3
       1
       4
       1
       2
       3
       3
       5
       8
       2
       3
       7
       6
       6
       5
       2
       5
       4
       4
       0
       5
       5
       7
       3
       3
       2
       3
       0
       1
       5
       5
       8
       2
       9
       7
       6
       5
       4
       7
       5
       0
       3
       4
       2
       4
       4
       3
       1
       4
       3
       4
       2
       6
       4
       5
       3
       6
       3
       1
       3
       6
       4
       5
       4
       4
       6
       5
       7
       2
       2
       6
       7
       5
       3
       3
       2
       2
       7
       2
       4
       2
       2
       2
       5
       5
       2
       5
       1
       5
       2
       4
       3
       2
       3
       3
       6
       4
       3
       1
       3
       2
       5
       5
       2
       2
       3
       1
       6
       6
       5
       3
       4
       2
       5
       3
       4
       6
       5
       1
       3
       1
       1
       7
       3
       2
       3
       2
       5
       4
       6
       7
       5
       2
       2
       3
       4
       2
       2
       1
       3
       0
       4
       3
       2
       4
       1
       2
       3
       5
       2
       2
       4
       1
       5
       1
       4
       1
       2
       4
       3
       4
       3
       2
       5
       3
       6
       3
       7
       0
       1
       4
       4
       4
       2
       0
       7
       4
       1
       4
       2
       3
       3
       2
       3
       3
       1
       1
       2
       3
       1
       7
       3
       7
       5
       3
       7
       5
       4
       9
       3
       3
       7
       1
       7
       5
       1
       3
       7
       4
       2
       2
       3
       2
       4
       1
       4
       2
       5
       5
       5
       3
       2
       6
       3
       5
       1
       4
       5
       4
       4
       6
       3
       5
       3
       2
       3
       2
       2
       5
       3
       4
       2
       2
       4
       5
       4
       2
       4
       6
       5
       3
       3
       3
       4
       2
       4
       7
       2
       3
       5
       3
       2
       1
       3
       3
       5
       2
       5
       4
       4
       7
       5
       1
       2
       4
       3
       4
       6
       3
       4
       4
       4
       1
       0
       0
       1
       3
       2
       2
       4
       5
       5
       4
       4
       1
       1
       6
       6
       7
       3
       1
       2
       1
       5
       2
       2
       3
       3
       2
       4
       4
       2
       3
       3
       4
       1
       1
       3
       5
       2
       1
       3
       5
       6
       5
       5
       8
       3
       1
       3
       1
       5
       9
       3
       6
       5
       3
       3
       2
       4
       3
       2
       2
       4
       4
       8
       3
       6
       7
       3
       6
       4
       3
       6
       1
       5
       3
       4
       3
       2
       2
       3
       6
       4
       5
       7
       1
       1
       7
       2
       3
       4
       3
       5
       4
       1
       2
       3
       3
       3
       4
       2
       4
       1
       3
       7
       5
       2
       3
       6
       6
       3
       4
       4
       4
       4
       3
       6
       4
       6
       5
       3
       3
       5
       6
       2
       2
       3
       2
       4
       5
       3
       5
       2
       3
       4
       7
       3
       4
       5
       7
       3
       2
       6
       3
       6
       3
       6
       3
       8
       2
       6
       3
       3
       6
       4
       6
       6
       1
       6
       5
       5
       3
       4
       4
       5
       5
       5
       0
       4
       2
       3
       2
       3
       5
       8
       4
       4
       3
       4
       4
       4
       4
       0
       7
       6
       0
       4
       0
       6
       6
       3
       7
       2
       4
       1
       5
       6
       4
       3
       2
       2
       6
       3
       2
       2
       4
       4
       3
       6
       5
      10
       6
       2
       8
       2
       4
       4
       1
       2
       3
       3
       6
       3
       3
       1
       3
       3
       3
       6
       4
       3
       4
       2
       4
       4
       4
       5
       3
       2
       1
       4
       2
       3
       2
       1
       2
       2
       3
       0
       5
       3
       5
       2
       9
       3
       8
       4
       7
       5
       1
       6
       4
       2
       3
       6
       3
       3
       7
       5
       5
       8
       2
       3
       4
       5
       3
       6
       7
       3
       2
       1
       5
       4
       1
       3
       3
       5
       3
       4
       2
       1
       4
       5
       0
       5
       5
       7
       4
       3
       1
       5
       7
       2
       3
       4
       4
       4
       2
       5
       3
       5
       1
       4
       3
       4
       4
       5
       5
       6
       2
       4
       7
       4
       7
       2
       5
       3
       4
       3
       6
       5
      10
       1
       5
       4
       6
      10
       7
       2
       7
       6
       2
       3
       3
      10
       2
       5
       5
       2
       1
       3
       5
       6
      10
       4
       8
       5
       7
       9
       3
       2
       5
       4
       1
       4
       8
       4
       4
       4
       8
       3
       5
       5
       3
       1
       3
       2
       3
       1
       5
       5
       6
       2
       4
       6
       4
       4
       5
       4
       5
       1
       5
       8
       6
       1
       1
       2
       6
       9
       5
       3
       2
       5
       2
       2
       9
       3
       2
       5
       9
       4
       2
       5
       2
       1
       3
       6
       1
       5
       3
       8
       0
       1
       4
       4
       4
       5
       3
       5
       0
       0
       0
       0
       0
       0
       0
       0
       0
       0
       0
       0
       0
       0
       0
       0
       0
       0
       0
       0
       0
       0
       0
       0
       0
       0
       0
       0
       0
       0
       0
       0
       0
       0
       0
       0
       0
       0
       0
       0
       0
       0
       0
       0
       0
       0
       0
       0
       0
       0
       0
       0
       0
       0
       0
       0
       0
       0
       0
       0
       0
       0
       0
       0
       0
       0
       0
       0
       0
       0
       0
       0
       0
       0
       0
       0
       0
       0
       0
       0
       0
       0
       0
       0
$ROI:
1
712 830
$PRESETS:
None
0
0
$ENER_FIT:
-23.656767 2.297974
$MCA_CAL:
3
-2.365677E+001 2.297974E+000 2.836717E-005 keV
$SHAPE_CAL:
3
0.000000E+000 0.000000E+000 0.000000E+000
