$SPEC_ID:
No sample description was entered.
$SPEC_REM:
DET# 1
DETDESC# DESKTOP-I499GD2 Easy-MCA-2k SN 18191655
AP# Maestro Version 7.01
$DATE_MEA:
02/28/2024 18:46:03
$MEAS_TIM:
109 111
$DATA:
0 2047
       0
       0
       0
       0
       0
       4
      17
      25
     449
     372
     372
     418
     428
     506
     596
     623
     658
     718
     792
     838
     751
     618
     631
     573
     589
     572
     665
     902
    1269
    1684
    1886
    2087
    2711
    3397
    2924
    1844
    1063
     794
     874
    1006
    1166
    1196
    1439
    1706
    1828
    2128
    2449
    2817
    3079
    3358
    3535
    3676
    3928
    4268
    4206
    4477
    4566
    5222
    6051
    7939
   10615
   15533
   22089
   29331
   33668
   31803
   26039
   17893
   11202
    6109
    3346
    2109
    1703
    1635
    1658
    1808
    1925
    1841
    1724
    1635
    1476
    1278
    1130
    1089
     997
     959
     962
     950
     980
     997
     956
     925
     936
     867
     850
     831
     744
     684
     684
     621
     582
     623
     575
     567
     513
     510
     487
     493
     481
     486
     467
     472
     466
     452
     447
     431
     435
     425
     388
     396
     377
     392
     360
     365
     346
     371
     411
     372
     418
     457
     439
     499
     547
     547
     605
     604
     680
     657
     621
     629
     570
     513
     422
     413
     361
     348
     298
     245
     243
     235
     227
     227
     211
     222
     186
     211
     217
     216
     198
     198
     193
     155
     179
     194
     172
     178
     175
     148
     179
     171
     157
     161
     169
     153
     141
     155
     155
     172
     171
     164
     176
     123
     150
     156
     145
     139
     137
     148
     161
     154
     138
     165
     119
     146
     178
     117
     138
     164
     159
     165
     169
     145
     144
     179
     143
     151
     172
     172
     171
     146
     169
     137
     160
     179
     187
     191
     200
     204
     201
     219
     222
     227
     278
     252
     239
     280
     289
     256
     239
     241
     260
     267
     253
     264
     211
     209
     222
     194
     175
     182
     142
     138
     132
     121
     116
     110
     111
     117
     119
     100
     107
     107
      91
      98
     106
     129
      92
     107
     109
      99
     100
     120
      96
     120
     110
     100
      98
     111
      94
      88
      88
      92
     108
      94
      96
      91
     110
      78
      95
      75
      67
      88
      83
      68
      70
      70
      50
      65
      66
      64
      64
      71
      60
      63
      60
      62
      67
      57
      57
      42
      60
      54
      60
      69
      57
      77
      57
      61
      61
      49
      65
      43
      56
      50
      53
      51
      62
      51
      47
      60
      51
      52
      48
      36
      60
      44
      52
      52
      58
      41
      35
      57
      39
      45
      51
      49
      47
      42
      51
      30
      53
      52
      50
      56
      53
      60
      59
      78
      53
      81
      82
      94
     104
     118
     120
     151
     169
     175
     198
     233
     244
     254
     272
     320
     299
     323
     390
     338
     388
     347
     376
     369
     360
     353
     321
     350
     307
     280
     259
     235
     203
     196
     179
     181
     161
     132
      99
     101
     103
      66
      40
      55
      42
      37
      37
      33
      16
      35
      17
      30
      22
      24
      25
      22
      17
      20
      19
      22
      21
      20
      22
      24
      26
      27
      25
      32
      31
      20
      21
      18
      26
      25
      36
      30
      43
      27
      43
      48
      39
      51
      46
      51
      65
      62
      80
      68
      68
      81
      89
      75
      73
      90
      96
      79
      85
      86
      73
      76
      81
      58
      74
      64
      58
      62
      53
      58
      36
      42
      44
      35
      31
      31
      33
      30
      22
      24
      18
      25
      18
      22
      24
      18
      16
      18
      19
      19
      18
      25
      24
      22
      24
      15
      19
      19
      29
      22
      19
      14
      15
      16
      18
      22
      27
      23
      20
      15
      17
      16
      14
      21
      13
      12
      22
      14
      13
       6
      12
      17
      12
       7
      12
      10
      11
       9
      20
      10
       8
       8
       6
      17
       9
      12
       7
      13
      20
      12
      11
      13
      14
       9
      12
       7
      10
      10
      13
       9
      14
      11
      10
       6
       7
      13
       9
      10
      11
       9
      11
      11
      11
      10
      13
      13
      12
       8
      16
      11
      11
       6
      15
       3
      16
       6
       7
      12
       5
       8
      12
      11
      10
      12
       8
      11
      15
      18
      13
      15
      15
      24
      18
      18
      16
      18
      20
      19
      25
      19
      14
      21
      13
      22
      25
      25
       8
      23
      10
      13
      19
      22
      11
      18
      13
      13
      14
      12
      21
       8
       5
      13
      13
      13
      14
      15
      13
       8
      11
      13
      10
      12
      19
      15
      10
       8
      11
      11
       8
      12
      12
      15
       9
      13
      12
      12
      12
       9
      21
      14
      15
       9
       8
      15
      10
       9
      12
      14
      10
       6
       6
      22
       7
       8
       7
      10
       5
       3
      12
       5
       5
       6
       7
       4
       8
       4
       8
       7
       5
       4
       4
       4
      10
      11
       5
       7
      12
       4
       6
       9
       7
       4
       6
       6
       6
      14
      10
      11
       6
       5
       4
       8
       5
       5
       7
       8
       6
      10
       3
       8
       4
      10
       7
       4
       6
       2
       8
      10
       6
       9
       2
       7
       8
       4
       8
       4
       5
       6
       4
       6
       5
       7
       9
       8
       5
       8
       4
       3
       2
       8
       9
       7
       2
       2
       4
       6
       5
      10
      11
       8
       6
      16
       6
       9
       3
      14
       6
       7
       7
       9
      14
      12
       9
      14
      11
      14
      12
      12
      12
      13
      16
      11
      15
      20
      13
      25
      15
      16
      15
      16
      13
      14
      15
      13
      11
       9
      18
      12
      14
      19
      12
       7
       9
       8
      10
       7
       8
       9
       6
       4
       8
       6
       6
       8
       3
       6
       2
      10
       8
       6
       2
       5
       5
       8
       6
       6
       2
       7
       5
       5
       6
       2
       4
       0
       5
       5
       4
       8
       3
       5
       4
       6
       7
       3
       6
       1
       5
       4
       1
       9
       1
       9
       4
       5
       8
       4
       4
       7
       4
       3
       4
       4
       3
       3
       6
       5
       7
       3
       8
       5
       5
       3
      10
       8
       7
       3
       5
       6
       2
       2
       5
      10
       3
       4
       4
       5
       3
       3
       3
       8
       2
       6
       3
       8
       9
       2
       6
       7
       4
       5
       2
       5
       3
       5
       3
       3
       6
       1
       3
      10
       1
       8
       7
       6
       1
       5
       5
       9
       3
       3
       3
       4
       6
       5
       7
       7
       9
       4
       4
       4
       4
       5
       5
       4
       6
       3
       1
       5
       1
       5
       3
       5
       7
       7
       4
       3
       3
      11
       2
       5
       2
       3
       7
       4
       5
       4
       5
       5
       5
       3
       2
       2
       5
       3
       5
       5
       7
       5
      12
       2
       6
       3
       6
       4
       7
       5
       9
       4
       1
       6
       0
       6
       8
       3
       2
       3
       7
       5
       1
       3
       4
       1
       4
       1
       1
       0
       3
       4
       2
       7
       5
       4
       4
       0
       4
       7
       8
       9
       2
       5
       4
       2
       5
       3
       4
       2
       3
       3
       7
       9
       4
       2
       3
       8
       5
       4
       3
       3
       0
       4
       4
       3
       3
       4
       8
       3
       5
       5
       2
       6
       5
       6
       5
       2
       5
       3
       4
       5
       3
       4
       0
       6
       4
       5
       8
       3
       5
       8
       4
       2
       2
       3
       2
       4
       3
       3
       4
       4
       4
       8
       1
       3
       4
       9
       4
       4
       4
       3
       4
       4
       5
       5
       4
       5
       5
       1
       3
       3
       5
       4
       2
       7
       4
       5
       1
       1
       7
       6
       7
       7
       5
       4
       5
       3
       5
       3
       5
       6
       7
       5
       6
       2
       4
       0
       5
       6
       4
       3
       1
       3
       3
       3
       7
       4
       6
       4
       4
       0
       4
       6
       2
       7
       7
       5
       5
       4
       4
       6
       4
       5
       4
       7
       7
       1
       7
       2
       2
       6
       6
       2
       5
       7
       5
       5
       4
       4
       4
       1
       4
       5
       4
       7
       2
       4
       5
       1
       2
       2
       5
       4
       4
       0
       4
       7
       5
       7
       6
       2
       4
       2
       6
       4
       6
       6
       1
       1
       4
       2
       6
       0
       3
       1
       5
       2
      12
       2
       2
       1
       4
       4
       4
       4
       8
       5
       3
       3
       5
       2
       1
       8
       8
       5
       4
       4
       4
       5
       4
       6
       3
       5
       6
       5
       1
       4
       7
       5
       2
       1
       3
       4
       6
       5
       3
       3
       5
       0
       3
       1
       4
       7
       4
       3
       2
       3
       2
       3
       5
       3
       4
       3
       2
       4
       6
       5
       4
       4
       5
       1
       4
       3
       5
       1
       1
       6
       4
       3
       7
       1
       5
       4
       2
       5
       3
       2
       6
       2
       3
       4
       6
       6
       4
       0
       2
       3
       4
       3
       5
       3
       5
       3
       1
       2
       3
       7
       5
      10
       4
       2
       4
       2
       9
       3
       1
       1
       3
       4
       4
       3
       4
       2
       8
       5
       3
       7
       4
       3
       4
       2
       3
       2
       5
       6
       7
       3
       3
       4
       8
       6
       4
       4
       6
       5
       4
       2
       7
       3
       1
       3
       3
       3
       7
       2
       3
       3
       3
       4
       3
       7
       3
       3
       5
       5
       1
       8
       3
       0
       5
       6
       1
       3
       2
       3
       1
       2
       1
       2
       1
       5
       5
       1
       5
       5
       2
       9
       3
       3
       5
       7
       3
       3
       1
       3
       3
       1
       7
       3
       6
       6
       6
       5
       3
       3
       3
       5
       2
       3
       6
       5
       4
      10
       2
       5
       1
       3
       3
       2
       4
       3
       5
       3
       3
       7
       3
       1
       5
       1
       6
       3
       5
       5
       9
       3
       5
       1
       4
       4
       3
       3
       5
       3
       0
       7
       4
       3
       6
       2
       1
       2
       6
       6
       6
       3
       5
       5
       1
       4
       3
       6
       5
       2
       4
       2
       6
       4
       1
       4
       4
       4
       4
       4
       1
       4
       3
       1
       9
       3
       3
       6
       2
       2
       4
       6
       5
       5
       3
       4
       8
       2
       3
       1
       6
       5
       4
       0
       5
       2
       2
       4
       2
       0
       4
       8
       4
       1
       5
       2
       9
       4
       3
       8
       6
       5
       4
       9
       4
       4
       7
       0
       2
       5
       4
       4
       3
       9
       6
       1
       1
       5
       4
       6
       5
       4
       5
       8
       2
       7
       6
       4
       4
       4
       2
       5
       0
       2
       6
       5
       5
       3
       9
       2
       5
       3
       7
       8
       5
       5
       4
       4
       4
       2
       2
       5
       7
       7
       7
       4
       5
       4
       6
       3
       5
       3
       5
       6
       6
       1
       2
       4
       3
       2
       2
       5
       0
       6
       3
       3
       6
       1
       3
       1
       3
       6
       2
       6
       2
       3
       7
       5
       3
       3
       6
       7
       3
       4
       3
       2
       1
       3
       3
       6
       7
       3
       7
       3
       8
       2
       2
       6
       4
       5
       3
       5
       5
       4
       5
       7
       5
       3
       6
       0
       3
       3
       3
       4
       5
       4
       6
       2
       5
       3
       7
       5
       8
       6
       6
       4
       5
       3
       5
       9
       6
       5
       5
       4
       5
       7
       5
       6
       4
       6
       3
       4
       5
       4
       3
       7
       4
       5
       3
       7
       3
       3
       4
       2
       4
       5
       4
       7
       9
       4
       5
       6
       5
       5
       5
       8
       2
       6
       5
       6
       9
       4
       3
       1
       7
       9
       2
       3
       6
       3
       5
       2
       3
       7
       0
       4
       6
       5
       3
       2
       2
       3
       2
       5
       2
       3
       1
       2
       7
       2
       3
       2
       4
       1
       3
       6
       5
       5
       2
       4
       6
       4
       8
       3
       2
       4
       0
       6
       5
       8
      11
       4
       4
       7
       6
       3
       4
       6
       1
       6
       3
       6
       6
       3
       7
       2
       4
       7
       5
       7
       7
       3
       3
       5
       8
       4
       4
       2
       1
       2
       3
       1
       3
       2
       6
       3
       4
       2
       5
       2
       4
       5
       2
       3
       4
       6
       6
       3
       8
       3
       7
       1
       5
       3
       5
       5
       1
       6
       6
       5
      10
       3
       6
       2
       1
       3
       5
       2
       5
       4
       6
       5
       4
       2
       4
       6
       2
       1
       3
       4
       2
       1
       3
       6
       4
       6
       1
       4
       3
       6
       2
       3
       2
       6
       6
       7
       4
       3
       3
       1
       6
       4
       8
       7
       5
       1
       6
       1
       3
       5
       3
       6
       2
       4
       3
       2
       3
       6
       2
       6
       4
       7
       2
       5
       5
       7
       2
       7
       1
       5
       8
       3
       7
       6
       2
       4
       6
       1
       3
       4
       7
       2
       6
       2
       2
       8
       7
       2
       4
       4
       3
       8
       6
       4
       7
       8
       4
       5
       6
       5
       1
       4
       9
       7
       5
       3
       3
       1
       8
       4
       5
       6
       1
       6
       7
       4
       6
       5
       5
       1
       5
       5
       4
       4
       2
       6
       5
       6
       2
       8
       4
       8
       3
       4
       6
       2
       7
       3
       4
       7
       5
       8
       5
       6
       7
       9
       4
       5
       3
       5
       4
       4
       3
       7
       4
       5
       6
       7
       5
       6
       2
       5
       3
       5
       1
       4
       5
       4
       4
       5
       8
       3
       7
       4
       4
       2
       6
       8
       4
       8
       6
       7
       6
       5
       3
       2
       5
       3
       9
       2
       6
       5
       4
       6
      11
       3
       8
       4
       1
       0
       0
       0
       0
       0
       0
       0
       0
       0
       0
       0
       0
       0
       0
       0
       0
       0
       0
       0
       0
       0
       0
       0
       0
       0
       0
       0
       0
       0
       0
       0
       0
       0
       0
       0
       0
       0
       0
       0
       0
       0
       0
       0
       0
       0
       0
       0
       0
       0
       0
       0
       0
       0
       0
       0
       0
       0
       0
       0
       0
       0
       0
       0
       0
       0
       0
       0
       0
       0
       0
       0
       0
       0
       0
       0
       0
       0
       0
       0
       0
       0
       0
       0
$ROI:
1
712 830
$PRESETS:
None
0
0
$ENER_FIT:
-23.656767 2.297974
$MCA_CAL:
3
-2.365677E+001 2.297974E+000 2.836717E-005 keV
$SHAPE_CAL:
3
0.000000E+000 0.000000E+000 0.000000E+000
