$SPEC_ID:
No sample description was entered.
$SPEC_REM:
DET# 1
DETDESC# DESKTOP-I499GD2 Easy-MCA-2k SN 18191655
AP# Maestro Version 7.01
$DATE_MEA:
02/28/2024 18:21:49
$MEAS_TIM:
89 91
$DATA:
0 2047
       0
       0
       0
       0
       0
       7
      19
      31
     607
     437
     473
     467
     586
     578
     641
     695
     709
     714
     795
     899
     756
     722
     740
     662
     629
     691
     768
     967
    1317
    1575
    1791
    1869
    2447
    3001
    2644
    1746
    1098
     907
     872
    1032
    1137
    1291
    1411
    1688
    1810
    2043
    2226
    2411
    2740
    2980
    3307
    3439
    3650
    3719
    3965
    4097
    4378
    4608
    5550
    6903
    9243
   13395
   18873
   24600
   28333
   27437
   22419
   16156
    9869
    5669
    3189
    2164
    1753
    1667
    1726
    1805
    1926
    1938
    1926
    1700
    1528
    1415
    1349
    1176
    1159
    1097
    1041
    1105
    1106
    1117
    1210
    1164
    1075
    1091
    1004
    1002
     944
     982
     856
     833
     793
     818
     821
     772
     704
     749
     759
     731
     715
     710
     682
     687
     673
     664
     655
     642
     569
     646
     572
     616
     574
     625
     591
     598
     598
     590
     599
     644
     605
     602
     653
     638
     739
     718
     864
     782
     729
     778
     786
     768
     751
     675
     650
     571
     527
     503
     474
     440
     413
     417
     389
     418
     377
     395
     366
     367
     403
     374
     367
     342
     350
     350
     379
     327
     346
     381
     330
     370
     344
     344
     321
     343
     346
     331
     314
     332
     335
     321
     341
     313
     297
     307
     279
     305
     312
     352
     315
     303
     319
     289
     266
     315
     308
     315
     291
     323
     292
     291
     309
     321
     283
     311
     287
     272
     307
     289
     315
     294
     302
     286
     300
     303
     313
     333
     306
     311
     301
     307
     339
     383
     362
     396
     364
     356
     389
     363
     362
     446
     401
     419
     381
     405
     396
     374
     410
     348
     354
     350
     309
     281
     292
     262
     295
     273
     245
     265
     273
     255
     234
     265
     239
     240
     240
     245
     256
     255
     219
     275
     252
     230
     294
     250
     252
     244
     225
     240
     240
     257
     272
     236
     264
     263
     230
     213
     217
     207
     173
     180
     201
     170
     165
     181
     169
     157
     153
     156
     175
     148
     136
     150
     137
     134
     133
     150
     138
     132
     126
     134
     121
     124
     131
     119
     107
     118
     134
     118
     109
     105
     124
     102
     112
     113
     102
     107
      94
      96
     120
      94
     109
      91
     131
     110
     109
     110
     120
     110
     114
     103
      93
     110
      89
     114
     103
      98
     120
     112
     103
      94
     112
     109
     111
     105
     106
     104
     104
     135
     162
     153
     171
     184
     225
     237
     261
     319
     335
     417
     427
     492
     563
     624
     650
     773
     865
     842
     928
     922
    1021
    1065
    1070
    1142
    1143
    1100
    1125
    1074
    1078
     940
     993
     880
     820
     742
     684
     650
     526
     485
     421
     353
     353
     256
     249
     203
     182
     141
     121
      93
      85
      64
      46
      44
      45
      42
      32
      42
      23
      32
      39
      27
      28
      40
      28
      28
      47
      27
      27
      29
      38
      35
      44
      40
      42
      49
      39
      60
      53
      84
      66
      71
      95
      89
     110
     113
     114
     130
     154
     148
     178
     179
     193
     185
     193
     212
     194
     206
     217
     230
     207
     203
     223
     203
     167
     156
     196
     134
     147
     109
     127
     112
      91
      79
      85
      68
      59
      57
      42
      46
      44
      31
      36
      24
      29
      26
      22
      15
      20
      21
      19
      16
      19
      32
      19
      17
      21
      23
      28
      14
      24
      21
      18
      21
      24
      24
      29
      27
      28
      20
      17
      22
      15
      11
      17
      15
      20
      16
      16
      20
      17
      21
      13
      24
      16
      13
      14
      13
      14
      13
      11
      14
      12
      16
      17
      14
      10
      14
       8
      11
      10
      10
      12
      10
      11
      17
      11
      14
      16
      13
      12
      15
      22
      14
      18
      10
      11
      12
      24
      10
      13
      12
      19
      17
       8
      10
       8
      14
      10
      24
      15
      10
      14
       9
      11
      15
      12
      12
      13
       7
       9
      10
      12
      15
      19
      10
       9
      11
      13
      11
      11
      18
      13
       9
      13
      11
      14
      11
      21
      19
      27
      21
      18
      22
      15
      27
      22
      22
      15
      17
      12
      17
      11
      17
      21
      21
      19
       9
      16
      18
      18
      12
      19
      13
      18
      20
      15
      17
      19
      22
       7
       8
       7
       8
      12
      16
      12
      18
      16
      18
      17
      18
      11
       9
      14
      12
      11
      15
      10
      11
      13
      13
      10
      12
      11
      14
       9
      14
      16
      15
       8
      10
       6
      10
      11
      15
       3
      10
       9
      13
       9
      13
      11
      12
      10
       4
      10
       6
       9
       9
      11
       5
       8
      14
       6
       7
       5
       5
       7
       3
       8
      15
       7
      12
       2
       7
       5
      11
      10
       4
       2
       8
       1
       6
       5
       7
       9
       7
       5
      14
       9
       6
      11
       8
       5
       5
      10
      10
       7
      10
       4
       5
       3
       9
       5
      11
       4
      10
       6
       7
       7
       5
       7
       6
       5
       8
       6
       6
       4
       5
       5
       5
       5
       4
       8
       8
       7
       9
       6
      14
      11
      10
       7
      12
       8
      10
      12
       8
      10
      19
      12
      20
      19
      18
      12
      20
      24
      27
      28
      12
      24
      22
      14
      23
      25
      22
      23
      32
      23
      28
      26
      22
      23
      16
      28
      24
      31
      28
      20
      15
      19
      20
      21
      12
      11
      10
      11
       9
      14
      11
      11
       9
      12
       6
       6
       8
       7
       4
       6
      10
       4
       8
       3
       3
       5
       5
       4
       6
       4
       1
       8
       6
       8
       2
       4
       6
       9
       9
       5
       6
       3
       4
       3
       1
       4
       7
       3
       3
       3
       5
       5
       1
       4
       4
       4
       5
       5
       6
       3
       7
       3
       3
       6
       4
       8
       1
       6
       4
       3
       1
       4
       2
       1
       4
       4
       6
       4
       5
       5
       5
       8
      10
       3
       4
       5
       7
       5
       7
       4
       5
       3
       5
       5
       5
       2
       1
       6
       2
       4
       6
       3
       4
       5
       4
       3
       4
       2
       6
       5
       5
       5
       3
       3
       6
       5
       8
       1
       2
       1
       0
       6
       5
       4
       5
       7
       8
       2
       4
       6
       4
       4
       3
       1
       2
       6
       4
       1
       8
       7
       2
       1
       4
       1
       9
       4
       5
       8
       6
       4
       4
       2
       4
       3
       6
       1
       8
       5
       5
       7
       3
       5
       3
       9
       4
       8
       7
       5
       4
       2
       3
       5
       8
       2
       4
       7
       7
       7
       4
       3
       3
       6
       5
       3
       6
       4
       7
       3
       1
       4
       6
       0
       1
       3
       6
       4
       1
       5
       3
       7
       6
       5
       3
       2
       2
       5
       3
       6
       3
       6
       3
       8
       7
       9
       5
       6
       2
       2
       1
       4
       8
       4
       5
       5
       3
       5
       7
       5
       4
       5
       2
       3
       6
       4
       3
       6
       4
       3
       3
       5
       5
       2
       4
       3
       6
       5
       4
       7
       2
       2
       4
       3
       6
       3
       6
       7
       6
       1
       4
       5
       6
       8
       5
       6
       2
       4
       2
       2
       2
       3
       3
       6
       7
       5
       4
       1
       7
       2
       3
       8
       3
       3
       4
       7
       3
       6
       7
      10
       4
       6
       4
       4
       3
       1
       2
       3
       5
       4
       5
       3
       4
       6
       7
       1
       5
       5
       5
       4
       3
       3
       4
       4
       4
       3
       5
       4
       3
       1
       1
       5
       6
       1
       3
       4
       2
       2
       2
       2
       3
       4
       3
       4
       2
       6
       4
       3
       4
       5
       1
       6
       2
       3
       2
       6
       2
       7
       6
       2
       2
       7
       6
       4
       5
       5
       5
       0
       1
       6
       1
       8
       5
       6
       5
       3
       3
       7
       6
       4
       7
       4
       2
       2
       2
       6
       6
       1
       6
       6
       3
       4
       1
       2
       4
       2
       6
       0
       0
       5
       3
       4
       3
       4
       5
       3
       4
       3
       2
       3
       2
       3
       4
       4
       2
       5
       3
       1
       3
       4
       3
       4
       2
       6
       6
       3
       4
       2
       5
       4
       5
       3
       4
       3
       4
       3
       2
       4
       3
       3
       2
       2
       6
       5
       2
       3
       6
       4
       6
       1
       9
       3
       6
       1
       2
       5
       1
       1
       4
       2
       1
       5
       5
       4
       0
       6
       5
       3
       2
       9
       2
       5
       5
       5
       5
       2
       1
       6
       3
       3
       8
       8
       1
       7
       4
       5
       7
       3
       3
       8
       3
       3
       7
       4
       4
       0
       2
       3
       5
       7
       6
       4
       2
       2
       7
      13
       2
       5
       2
       2
       3
       3
       4
       6
       8
       7
       7
       4
       3
       5
       3
       3
       5
       3
       2
       4
       2
       5
       3
       6
       4
       5
       3
       4
       1
       3
       9
       5
       3
       1
       3
       5
       2
       3
       2
       5
       2
       6
       3
       0
       2
       4
       7
       4
       5
       2
       0
       2
       7
       2
       7
       7
       2
       4
       5
       2
       3
       2
       2
       3
       2
       5
       3
       1
       3
       6
       4
       4
       3
       5
       4
       4
       5
       3
       4
       3
       4
       4
       3
       4
       2
       4
       3
       6
       5
       4
       3
       3
       4
       6
       3
       2
       5
       2
       3
       5
       4
       1
       3
       5
       6
       4
       6
       3
       1
       1
       1
       8
       2
       5
       4
       2
       5
       3
       1
       2
       2
       2
       5
       8
       4
       3
       2
       4
       4
       2
       1
       3
       9
       2
       1
       3
       4
       2
       2
       5
       3
       2
       5
       5
       5
       5
       1
       4
       2
       4
       3
       3
       2
       1
       9
       4
       2
       3
       2
       5
       2
       6
       2
       1
       3
       6
       5
       5
       1
       3
       4
       5
       7
       5
       3
       7
       2
       3
       9
       4
       4
       5
       2
       3
       3
       6
       4
       4
       3
       8
       9
       4
       5
       3
       1
       2
       1
       3
       5
       4
       2
       4
       2
       3
       6
       4
       5
       3
       1
       1
       2
       9
       3
       5
       3
       2
       4
       0
       6
       3
       1
       3
       6
       2
       0
       6
       2
       4
       1
       5
       5
       5
       3
       3
       1
       4
       3
       2
       3
       2
       0
       3
       5
       6
       6
       4
       2
       5
       2
       7
       1
       3
       4
       4
       7
       0
       3
       5
       3
       3
       8
       4
       7
       5
       0
       5
       3
       4
       2
       1
       1
       2
       5
       4
       8
       3
       7
       4
       3
       2
       3
       7
       4
       1
       5
       7
       5
       5
       2
       5
       6
       1
       5
       2
       5
       1
       1
       4
       4
       6
       2
       4
       7
       3
       3
       2
       1
       2
       3
       6
       4
       3
       2
       1
       3
       2
       3
       5
       2
       2
       5
       3
       5
       4
       5
       2
       3
       5
       7
       3
       4
       3
       4
       4
       2
       1
       3
       1
       0
       3
       2
       3
       3
       2
       4
       5
       6
       3
       3
       4
       3
       4
       2
       4
       5
       4
       2
       5
       3
       5
       5
       1
       4
       3
       6
       3
       6
       4
       5
       7
       5
       6
       4
       6
       2
       2
       3
       3
       5
       4
       7
       1
       3
       4
       4
       6
       7
       2
       4
       3
       2
       1
       6
      11
       4
       5
       9
       1
       7
       4
       1
       4
       0
       3
       3
       1
       6
       5
       3
       7
       2
       7
       5
       2
       3
       5
       0
       7
       3
       4
       5
       6
       4
       6
       4
       4
       3
       3
       3
       7
       4
       2
       5
       6
       5
       7
       3
       5
       4
       2
       4
       5
       4
       2
       7
       2
       2
       3
       6
       3
       2
       4
       3
       2
       1
       3
       3
      12
       4
       3
       5
       3
       6
       6
       5
       4
       2
       3
       6
       1
       6
       3
       4
       4
       6
       5
       5
       4
       1
       3
       1
       4
       5
       1
       5
       4
       4
       2
       5
       3
       3
       1
       4
       5
       3
       4
       7
       3
       1
       3
       3
       1
       8
       4
       7
       7
       3
       3
       2
       4
       2
       6
       0
       4
       6
       1
       4
       3
       3
       6
       1
       4
       6
       7
       4
       4
       8
       2
       6
       4
       1
       4
       5
       2
       2
       2
       6
       4
       4
       2
       4
       2
       4
       3
       2
       3
       3
       4
       5
       2
       1
       1
       5
       3
       3
       5
       3
       3
       9
       2
       2
       4
      12
       5
       1
       4
       7
       3
       3
       2
       3
       1
       3
       6
       5
       4
       7
       4
       0
       8
       7
       2
       5
       4
       4
       6
       1
       3
       5
       2
       4
       7
       6
       3
       3
       4
       6
       7
       8
       5
       4
       2
       6
       5
       4
       4
       1
       7
       6
       2
       3
       4
       6
       5
       4
       3
       6
       3
       5
       4
       3
       4
       3
       5
       6
       6
       5
       4
       4
       5
       7
       6
       4
       6
       5
       8
       4
       4
       3
       3
       6
       7
       4
       3
       3
       1
       3
       5
       7
       6
       5
       2
       3
       6
       0
       9
       5
       3
       4
       8
       5
       5
       1
       0
       5
      11
       5
       4
       2
       7
       6
       0
       3
       1
       7
       4
       8
       6
       1
       5
       3
       3
       2
       1
       1
       3
       4
       3
       4
       4
       7
       3
       3
       5
       4
       8
       4
       0
       0
       0
       0
       0
       0
       0
       0
       0
       0
       0
       0
       0
       0
       0
       0
       0
       0
       0
       0
       0
       0
       0
       0
       0
       0
       0
       0
       0
       0
       0
       0
       0
       0
       0
       0
       0
       0
       0
       0
       0
       0
       0
       0
       0
       0
       0
       0
       0
       0
       0
       0
       0
       0
       0
       0
       0
       0
       0
       0
       0
       0
       0
       0
       0
       0
       0
       0
       0
       0
       0
       0
       0
       0
       0
       0
       0
       0
       0
       0
       0
       0
       0
       0
$ROI:
1
712 830
$PRESETS:
None
0
0
$ENER_FIT:
-23.656767 2.297974
$MCA_CAL:
3
-2.365677E+001 2.297974E+000 2.836717E-005 keV
$SHAPE_CAL:
3
0.000000E+000 0.000000E+000 0.000000E+000
