$SPEC_ID:
No sample description was entered.
$SPEC_REM:
DET# 1
DETDESC# DESKTOP-I499GD2 Easy-MCA-2k SN 18191655
AP# Maestro Version 7.01
$DATE_MEA:
02/28/2024 18:12:22
$MEAS_TIM:
92 96
$DATA:
0 2047
       0
       0
       1
       0
       0
      13
      23
      43
    1013
     760
     810
     820
     957
     999
     950
    1072
    1108
    1147
    1246
    1276
    1189
    1132
    1048
    1081
    1056
    1057
    1125
    1340
    1697
    1975
    2276
    2349
    2828
    3561
    3250
    2213
    1590
    1324
    1355
    1485
    1591
    1784
    1951
    2098
    2329
    2615
    2896
    3188
    3424
    3629
    3829
    4089
    4423
    4500
    4804
    5010
    5403
    5915
    6525
    8206
   10435
   14337
   20020
   26302
   29746
   29049
   24620
   17699
   11696
    6817
    4260
    3029
    2279
    2398
    2405
    2681
    2660
    2576
    2541
    2415
    2331
    2216
    2016
    1943
    1917
    1791
    1745
    1833
    1785
    1927
    1892
    1928
    1874
    1915
    1889
    1770
    1741
    1692
    1649
    1610
    1486
    1479
    1469
    1456
    1487
    1467
    1448
    1383
    1373
    1342
    1324
    1352
    1397
    1368
    1314
    1289
    1270
    1267
    1265
    1250
    1234
    1156
    1163
    1284
    1260
    1176
    1206
    1270
    1202
    1253
    1290
    1292
    1327
    1310
    1415
    1375
    1379
    1326
    1384
    1345
    1334
    1254
    1194
    1185
    1101
     996
    1023
    1018
     932
     938
     952
     897
     901
     929
     886
     806
     830
     866
     872
     809
     886
     792
     795
     802
     789
     787
     817
     821
     734
     809
     784
     767
     724
     767
     759
     799
     730
     791
     760
     751
     796
     732
     728
     700
     722
     709
     723
     689
     715
     716
     686
     718
     774
     791
     711
     733
     701
     742
     701
     729
     678
     707
     676
     693
     664
     693
     672
     676
     683
     669
     648
     704
     673
     632
     708
     687
     714
     688
     673
     706
     802
     741
     698
     741
     778
     793
     790
     769
     753
     785
     794
     749
     784
     773
     786
     808
     738
     675
     725
     656
     641
     614
     628
     584
     576
     664
     570
     589
     544
     629
     591
     607
     552
     569
     582
     616
     584
     607
     634
     599
     605
     609
     626
     592
     631
     554
     619
     558
     591
     606
     577
     513
     545
     499
     561
     536
     460
     485
     406
     423
     429
     427
     413
     402
     407
     407
     365
     333
     366
     337
     320
     369
     329
     323
     299
     342
     298
     315
     279
     287
     283
     284
     278
     275
     269
     265
     258
     298
     286
     265
     277
     251
     255
     271
     241
     241
     261
     240
     275
     257
     233
     235
     262
     253
     259
     252
     273
     259
     269
     261
     240
     269
     241
     227
     208
     238
     265
     235
     268
     261
     256
     258
     271
     246
     318
     315
     388
     365
     394
     468
     540
     626
     714
     704
     865
    1001
    1135
    1201
    1429
    1514
    1703
    1915
    1985
    2260
    2315
    2508
    2725
    2703
    2766
    2788
    2887
    2929
    2870
    2777
    2799
    2655
    2502
    2368
    2156
    2021
    1763
    1682
    1451
    1263
    1139
    1015
     879
     734
     582
     492
     468
     417
     314
     247
     204
     176
     190
     133
     122
     102
      99
      73
      66
      71
      69
      74
      74
      55
      70
      63
      75
      49
      67
      63
      61
      79
      92
      64
      92
      89
     101
     113
     138
     143
     151
     170
     225
     213
     261
     260
     308
     308
     332
     365
     381
     403
     441
     466
     479
     467
     527
     485
     526
     492
     490
     499
     476
     492
     430
     448
     399
     351
     373
     330
     297
     245
     267
     227
     184
     160
     142
     150
     125
     101
      80
      76
      83
      55
      64
      59
      45
      42
      44
      38
      28
      42
      33
      41
      36
      38
      35
      40
      43
      25
      29
      38
      31
      30
      28
      41
      37
      27
      34
      34
      29
      32
      28
      28
      33
      33
      27
      21
      37
      29
      22
      23
      23
      23
      19
      20
      23
      18
      25
      19
      23
      19
      19
      31
      20
      23
      15
      29
      22
      21
      26
      22
      26
      21
      22
      21
      14
      20
      24
      16
      25
      26
      25
      31
      19
      24
      18
      22
      22
      24
      25
      24
      13
      15
      27
      22
      27
      24
      21
      25
      14
      19
      18
      30
      19
      25
      18
      12
      25
      18
      26
      26
      30
      29
      20
      27
      31
      19
      27
      29
      26
      18
      18
      22
      29
      27
      25
      32
      28
      31
      13
      18
      18
      24
      30
      27
      26
      32
      30
      27
      23
      27
      26
      25
      28
      25
      20
      28
      27
      18
      19
      27
      23
      24
      29
      23
      23
      26
      23
      20
      23
      21
      33
      28
      23
      29
      22
      22
      13
      30
      28
      18
      20
      22
      16
      18
      23
      31
      34
      19
      14
      15
      19
      26
      33
      20
      14
      16
      22
      20
      21
      24
      23
      22
      21
      24
      23
      14
      22
       9
      17
      17
      18
      14
      14
      11
      15
      13
       9
      15
       8
      21
      16
      15
      20
      13
       2
       9
      12
      12
      19
      16
      14
      16
      13
      19
      14
      14
      17
      21
       6
      18
      15
      10
      21
      11
      11
      14
      11
      15
       9
      14
      14
      12
       6
      11
      14
       7
      12
      12
       6
       7
       8
      11
       8
      13
       9
       8
      12
      11
      10
       4
      12
       6
      11
      17
      12
      11
      14
       9
       8
      11
       8
      15
      16
      18
      16
       9
      21
       9
      17
      16
      17
      13
      19
      20
      29
      16
      27
      33
      25
      29
      31
      28
      30
      42
      38
      34
      54
      32
      49
      44
      38
      39
      49
      50
      45
      45
      50
      44
      55
      54
      49
      56
      49
      43
      48
      38
      46
      39
      36
      41
      49
      37
      30
      32
      37
      21
      36
      24
      30
      25
      24
      19
      18
      22
      24
      15
      12
      10
       9
      12
      13
       7
      12
       9
      11
       9
       9
       5
       8
       9
       6
      10
       8
      13
       6
      11
       8
       6
       5
       6
       9
       6
       3
       6
      10
       5
       5
      10
       6
       8
       4
       7
      15
      10
      10
       7
       5
       6
      12
      10
       8
      11
       9
       5
       5
      14
       6
       8
       7
       3
       4
       3
       6
       2
       6
       9
       3
       6
       9
       3
       6
       7
       1
       6
       5
       5
       6
       6
       4
       8
       5
       7
       9
      11
       5
      10
       5
      11
       4
       9
       4
       8
       6
       7
       6
       5
      10
      10
       7
      10
       9
       8
       6
       2
       6
       4
       7
       8
       4
       6
       7
       3
       5
       8
       7
       6
       8
      12
       5
       5
       5
       7
       7
       8
       6
       4
      11
       8
       1
      10
       4
       7
       6
       1
       5
       0
       6
       4
       4
       2
       4
       3
       6
       7
       6
       5
       7
       9
       7
       5
       6
       1
       4
       2
       6
       5
       2
       6
       4
       4
       7
       3
       4
       9
       5
       2
       3
       5
       7
       5
      10
       3
       5
       5
       4
       6
       3
       6
       8
       8
       4
       6
       9
       5
       4
       7
       4
       8
       5
       4
       6
       4
       3
       9
       6
       7
       8
       2
       9
       6
       7
       6
       8
       8
       5
       3
       5
       5
       5
       6
       8
       3
       5
       6
       6
       6
       2
       1
       3
       4
       8
       4
       4
       6
       1
       6
       8
       6
       6
       9
       5
       4
       9
       5
       6
       4
       6
       4
       6
       5
       6
       3
       4
       5
       4
       6
       7
       3
       4
       7
       7
       4
       6
       4
       5
       6
       5
       2
       8
       2
       4
       4
       1
       6
       4
       6
       3
       4
       7
       5
       2
       4
       6
       7
       6
       5
       9
       7
      10
       1
       4
       8
       4
      11
       7
       1
       6
       0
       8
       5
       7
       4
       2
       3
       3
       5
      10
       7
       8
       3
       7
       5
       7
       5
       3
       6
       7
       4
       7
       9
       6
       2
       6
       5
       3
       4
       0
       5
       4
       7
       8
       3
       5
       6
       9
       5
       8
       8
       7
       7
       6
       6
       7
       4
       2
       7
       3
       5
       3
       9
      10
       6
       6
       8
       5
      10
       4
      10
       4
       3
       7
       2
       4
       5
       6
       6
       7
       7
       4
       8
       8
       2
       4
       8
       7
       3
       5
       4
       2
       4
       4
       7
       3
       4
       3
       4
       8
       4
      10
       6
       5
       6
       0
       6
       6
       7
      10
       3
       9
       5
       6
       8
       3
       3
       6
       6
       7
       7
       7
       2
       4
       3
       6
       4
       2
       1
       7
       4
       7
       5
       7
       3
       6
       6
       3
       7
       4
       4
       5
       6
       7
       3
       4
       5
       5
       3
       4
       4
       7
       4
       6
      10
       3
       6
      12
       5
       3
       6
       8
       4
       5
       9
       8
       5
       6
       5
       1
       8
       4
       3
       8
       5
       7
       7
       8
       3
       2
       3
       8
       6
       4
       4
       5
       3
       4
       5
       2
       3
       3
       5
       6
       3
       4
       4
       2
       5
       8
       4
       3
       5
       5
       1
       6
       3
       4
       6
       9
       7
       3
       4
       6
       3
       4
       2
       4
       9
       6
       7
       6
       4
       4
       3
       1
       6
       4
       4
       3
       8
       4
       4
       3
       5
       3
       6
       5
       6
       3
       2
       6
       4
       9
       8
       1
       0
       8
       1
       2
       3
       5
       7
       5
       3
       2
       5
       8
       4
       9
       7
       4
       7
       0
       2
       7
       5
       5
       2
       2
       6
       2
       2
       4
       5
       4
       4
       2
       6
       4
       3
       6
       5
       4
       7
       2
       3
       4
       3
       3
       6
       6
       8
       6
       6
       4
       4
       3
       6
       2
       9
       2
       8
       8
       2
       1
       3
       9
       5
       2
       3
       5
       4
       5
       5
       2
       0
       6
       5
       7
       8
       8
       3
       5
       5
       3
       5
       2
       6
       9
       3
       3
       6
       6
       5
       7
       7
       5
       1
       1
       8
       3
       5
       3
       7
       6
       7
       6
       3
       6
       2
       3
       7
       8
       3
       7
       7
       3
       6
       6
       2
       1
       4
       7
       4
       1
       3
       3
       6
       6
       5
      11
       7
       5
       3
       4
       6
       6
       5
       2
       6
       3
       5
       3
       2
       3
       5
       5
       4
       4
       2
       3
       3
       4
       1
       4
       6
       3
       4
       4
       9
       6
       3
       6
       4
      10
       4
       8
       7
       5
       7
       5
      10
       0
       2
       2
       8
       4
       5
       8
       6
      12
       0
       4
       5
       5
       4
       8
       5
       5
       4
       3
       4
       2
       2
       4
       5
       8
       3
       4
       4
       2
       7
       3
       5
       3
       5
       6
       5
       1
       2
       4
       3
       4
       3
       5
       5
       7
       2
       7
       6
       3
       7
       5
       4
       6
       5
       6
       3
       5
       9
       9
       8
       5
       4
       4
       5
       3
       5
       5
       3
       6
       4
       4
       8
       8
       8
       8
       5
       7
       9
       6
       7
       3
       2
       2
       0
       2
       6
       5
       4
       7
       9
       8
       9
       6
       5
       4
       8
       1
      12
       4
       5
       5
       4
       9
       9
       4
       3
       4
      14
       7
       6
       6
       8
       5
       4
       3
       8
       3
       2
       3
       6
       6
       7
       7
       7
       7
       6
       7
       4
       9
       7
       4
       6
       2
       5
       2
       0
       4
       4
       5
       3
       7
       3
      14
       1
       8
       4
       7
       3
       6
       5
       4
       7
       4
       7
       8
       9
       5
       3
       6
       6
       7
       4
       3
       8
       5
       7
       6
       8
       6
       5
       5
       9
      10
       8
       3
       8
       6
       7
       5
       2
       8
       4
       5
       5
       4
       5
       5
       3
       6
       3
       6
       4
       6
       7
       7
       6
       4
       5
       2
       6
       6
       3
       7
       4
       4
       4
       6
       8
       5
       4
       7
       6
       9
       5
       5
       4
       5
      11
       6
       2
       8
       5
       7
       7
       7
       5
       4
       3
       6
       6
       5
       1
       4
       5
       7
       4
       7
       2
       2
       6
       5
       5
       6
       6
       4
       4
       4
       4
       5
       7
       4
       7
       5
       4
       4
       8
       5
       2
       2
       4
       2
       8
       4
       5
       6
       8
       5
       3
       6
       6
       9
       7
       4
       4
       8
       7
       7
       1
       3
       5
       3
       5
       5
       1
       7
      10
       6
       4
       2
       7
       3
       8
       0
       4
       3
       4
       7
       4
       8
       3
       7
       8
       9
       3
       1
       3
       4
       4
      10
       4
       6
       5
       8
       7
       4
       6
       4
       9
       9
       5
       7
       6
       6
       7
       6
       3
       5
       7
       8
       7
       7
       5
       7
       2
       4
       3
       4
       2
       5
       6
      10
       5
       3
       3
       2
       8
       9
      13
       6
       7
      10
       6
       4
       7
       5
       2
       4
       6
       4
       6
       3
       6
       8
       9
       3
       0
       7
       2
       4
       3
       5
       5
       3
       8
       4
      12
       4
       6
       6
       4
      10
       7
       7
       9
       4
       5
       3
       5
       7
       6
       2
       4
       3
       3
       7
       2
       2
       4
       6
      10
       4
       6
       4
       2
       6
       6
       4
       4
       3
       8
       4
       5
       8
       6
       6
       1
       6
       7
       7
      10
       8
       8
       3
       7
       4
       5
       5
       7
      11
       6
       7
       6
       7
       3
       6
       5
       7
       6
       6
       7
       8
       5
       2
       2
       5
       7
       3
       8
       3
       7
       9
       7
       6
       4
       4
       5
       5
       4
       3
       7
       6
       3
       5
       6
       2
       8
       8
       5
       4
       4
       8
       3
       5
       5
       8
       4
       5
       4
       6
       5
       4
       7
       4
       9
       4
       6
       5
       7
       0
       0
       0
       0
       0
       1
       0
       0
       0
       0
       0
       0
       0
       0
       0
       0
       0
       0
       0
       0
       0
       0
       0
       0
       0
       0
       0
       0
       0
       0
       0
       0
       0
       0
       0
       0
       0
       0
       0
       0
       0
       0
       0
       0
       0
       0
       0
       0
       0
       0
       0
       0
       0
       0
       0
       0
       0
       0
       0
       0
       0
       0
       0
       0
       0
       0
       0
       0
       0
       0
       0
       0
       0
       0
       0
       0
       0
       0
       0
       0
       0
       0
       0
       0
$ROI:
1
712 830
$PRESETS:
None
0
0
$ENER_FIT:
-23.656767 2.297974
$MCA_CAL:
3
-2.365677E+001 2.297974E+000 2.836717E-005 keV
$SHAPE_CAL:
3
0.000000E+000 0.000000E+000 0.000000E+000
