$SPEC_ID:
No sample description was entered.
$SPEC_REM:
DET# 1
DETDESC# DESKTOP-I499GD2 Easy-MCA-2k SN 18191655
AP# Maestro Version 7.01
$DATE_MEA:
02/27/2024 16:20:03
$MEAS_TIM:
100 101
$DATA:
0 2047
       0
       0
       0
       0
       1
       0
       0
       4
      98
      79
      61
      65
      72
      97
      89
      99
      79
      98
     102
     107
     115
      89
      96
      87
     105
     100
     115
     104
     163
     202
     221
     234
     277
     306
     298
     213
     190
     138
     162
     185
     195
     201
     228
     233
     292
     301
     306
     307
     409
     401
     491
     587
     749
     809
     831
     672
     590
     554
     596
     620
     823
    1196
    1524
    2066
    2378
    2290
    1902
    1361
     935
     602
     393
     281
     255
     218
     206
     234
     230
     227
     201
     219
     200
     212
     233
     214
     207
     219
     253
     301
     265
     317
     308
     313
     347
     339
     267
     252
     222
     215
     201
     180
     163
     149
     146
     163
     162
     149
     151
     130
     158
     175
     149
     145
     137
     138
     152
     148
     133
     134
     125
     120
     105
     122
     115
     121
     125
     102
     127
      98
     113
     117
     102
      98
     124
      88
     110
     115
     112
      80
      88
      96
      92
     102
      97
      85
      93
      83
      82
      88
      80
      86
      78
      86
      69
      91
      79
      72
      66
      64
      86
      76
      64
      72
      77
      62
      81
      67
      68
      71
      66
      82
      70
      66
      68
      61
      64
      49
      57
      59
      65
      57
      51
      68
      69
      43
      69
      45
      67
      61
      54
      60
      58
      65
      66
      44
      54
      36
      41
      53
      62
      56
      64
      62
      34
      55
      34
      56
      38
      58
      46
      49
      51
      58
      55
      59
      57
      55
      67
      83
      82
      77
     107
     123
     122
     100
     144
     130
     128
     132
     132
     128
     140
     150
     123
     117
     121
     127
     112
      74
      90
      75
      74
      79
      57
      48
      36
      48
      43
      42
      21
      39
      26
      42
      35
      32
      37
      33
      35
      20
      25
      36
      36
      28
      28
      28
      34
      39
      29
      31
      42
      26
      33
      31
      31
      32
      28
      29
      33
      29
      37
      37
      29
      39
      30
      31
      27
      31
      26
      25
      32
      25
      26
      36
      24
      23
      23
      22
      29
      28
      26
      27
      19
      30
      28
      27
      25
      21
      24
      31
      19
      21
      29
      26
      21
      19
      20
      29
      16
      26
      23
      32
      26
      16
      26
      22
      16
      33
      40
      24
      23
      32
      23
      34
      26
      27
      20
      20
      24
      25
      25
      24
      23
      19
      20
      21
      13
      22
      24
      19
      30
      26
      25
      27
      23
      25
      29
      19
      22
      16
      18
      28
      26
      20
      18
      28
      14
      33
      23
      30
      27
      29
      23
      24
      24
      29
      21
      27
      22
      19
      18
      17
      23
      24
      24
      15
      21
      22
      17
      22
      15
      17
      16
      16
      13
      19
      25
      22
      20
      20
      20
      20
      20
       8
      12
      16
      14
      16
      15
      19
      18
      17
      21
      14
      21
      23
      18
      19
      21
      20
      17
      10
      24
      20
      23
      15
       9
      16
      23
      22
      14
       9
      16
      13
      17
      14
      18
      14
      26
      23
      16
      18
      16
      13
      13
      16
       5
      14
      19
      11
      28
      17
      11
      13
      27
      19
      13
      15
      20
      15
      18
      20
      18
      13
      17
      17
      13
      13
      22
      13
      13
      16
      16
      24
      12
      15
      17
      17
      22
      23
      23
      20
      25
      24
      18
      23
      22
      22
      21
      21
      24
      27
      25
      23
      23
      19
      19
      29
      17
      22
      14
      18
      23
      22
      14
      21
      21
      23
      18
      15
      18
      16
      14
      17
      16
       9
      18
      18
      15
      17
      17
      12
      17
      12
      22
      28
      11
       8
      10
      13
      13
      14
       5
      15
      20
      18
      18
      11
      10
       8
      18
      15
      15
      15
      14
      19
      15
      14
      16
      15
      13
      15
      18
      23
      12
      11
       8
      16
      18
      17
      12
      16
      15
      12
      14
      21
      18
      12
      16
      25
       8
      17
      17
      12
      10
      17
      19
      13
       9
       9
      15
      16
      15
      17
      14
      16
      19
      13
       9
      14
       8
       8
      18
      18
      19
      16
      12
      13
      17
      18
      14
      23
      12
      11
      11
      15
      18
      14
      12
      13
      17
      13
       6
      10
      17
      11
      29
       9
      20
      15
      11
      11
      18
      17
      15
      14
      19
      23
      22
      20
      18
      16
      19
      16
      27
      13
      22
      23
      23
      18
      12
      23
      12
      14
      21
      24
      11
      15
      14
      17
       8
      15
      11
      16
      12
      16
      15
      11
       7
       9
      13
      14
      13
       7
      16
      10
       8
       6
       5
      10
      13
      11
       4
       8
      10
      14
       6
       9
      13
       9
       4
       5
       7
      10
       5
       8
       8
      12
      14
       6
      17
      10
       8
       7
       7
      15
      13
       8
      11
      11
      15
      13
       9
      11
       5
       9
      14
       8
      14
      11
      10
      10
       9
       7
       5
      12
      11
       6
       9
       8
       5
       3
       7
      10
      13
      10
       8
       5
       9
       8
       6
       7
      12
       9
       9
      10
      11
      16
      11
      10
      20
      11
      16
      13
      19
       8
      18
      21
      22
      12
      25
      15
      22
      26
      30
      37
      27
      28
      28
      33
      36
      35
      34
      35
      33
      39
      45
      34
      36
      49
      45
      28
      35
      39
      33
      21
      31
      22
      32
      14
      24
      21
      18
      16
      12
      19
      12
      14
      12
      17
      13
      14
      11
      13
      12
       8
      10
       9
      11
       6
       5
       6
       9
       7
       6
       3
       8
      12
      17
       4
       6
      10
       7
       3
       4
       1
       9
       8
       5
       6
       1
       2
       3
       6
       7
       7
       4
       9
       5
       5
       5
       5
       1
       3
       2
       6
       6
       7
       4
       4
       7
       7
       3
       8
       4
      10
       7
       7
       5
       8
      10
       8
       8
       7
       6
       9
       5
       8
       7
       7
       2
       5
       6
       4
       1
       5
      10
       6
       6
       6
       7
       3
       4
      12
       2
       4
       6
       4
       7
       6
       5
       2
       5
       6
       1
       6
       7
       5
      10
       7
       7
       3
       3
       4
       6
       4
       7
       3
       3
       4
       7
       7
       4
       5
       2
       3
       1
       6
       5
       6
       4
       5
       4
       5
      10
       3
       2
       5
       4
       3
       5
       6
       4
       6
       5
       3
       4
       1
       6
       7
       5
       0
       5
       3
       4
       4
      10
       8
      10
       4
       6
       2
       6
       4
       6
       9
       2
       4
      10
       7
       4
       1
       7
       7
       5
       2
       2
       7
       6
       7
       4
       8
       0
       5
       6
       6
      10
       3
       2
       4
       7
       6
       2
       2
       4
      11
       5
       3
       7
       3
       0
       5
       9
       5
       3
       7
       6
       3
       3
       4
       6
       5
       8
       2
       6
       6
       3
       8
       3
       7
       5
       5
       4
       5
       5
       3
       4
       8
       6
       9
       4
       2
       5
       2
      10
       2
       3
       5
       6
       6
       2
       3
       4
       2
       3
       5
       3
       9
      10
       5
       1
       8
       5
       4
       3
       4
       6
       3
       3
       5
       5
       6
       3
       7
       5
       2
       6
       8
       2
       4
       4
       6
       1
       3
       3
       3
       3
       4
       3
       5
       1
       2
       7
       6
       1
       3
       2
       8
       5
       4
       1
       1
       9
       5
       2
       6
       4
       5
       4
       7
       5
       5
       4
       1
      10
       4
       5
       4
       2
       2
       3
       4
       7
       4
       2
       8
       7
       3
       1
       8
       1
       3
       4
       6
       5
       5
       7
       8
       4
       5
       3
       7
      11
       5
       5
       6
       5
       4
       5
       2
       5
       6
       7
       6
       3
       4
       4
      11
       7
       4
       2
       7
       8
       5
       2
       6
       4
       6
       2
       6
       2
       7
       5
       3
       4
       4
       2
       6
       6
       8
       6
       2
       2
       2
       1
       2
       3
       3
       5
       6
       5
       6
       5
       4
       6
       3
       7
       1
       4
       7
       3
       4
       6
       3
       5
       1
       4
       2
       8
       3
       8
       5
       2
       6
       5
       6
       3
       9
      14
       2
       4
       5
       5
       4
       4
       8
       4
       3
       7
       5
       9
       5
       4
       5
       4
       5
       3
       4
       3
       7
       6
       9
       7
       3
       4
       3
       3
       3
       2
       5
       4
       6
       3
       5
       3
       3
       3
       6
       5
       4
       3
       3
       4
       2
       4
       6
       1
       4
       2
       6
       4
       6
       3
       2
       2
       5
       6
       8
       4
       3
       6
       2
       2
       7
       4
       4
       8
       4
       7
       5
       5
      11
       5
       4
       8
       5
       5
       3
       3
       6
       5
       4
       6
       6
       3
       4
       4
       1
       8
       8
       3
       2
       3
       5
       5
       6
       2
       5
       5
       7
       4
       4
       7
       2
       0
       6
       3
       3
       3
       9
       3
       4
       7
       6
       6
       5
       4
       4
       5
       4
       5
       6
       8
       1
       2
       4
       5
       3
       1
       2
       6
       3
       1
       6
       5
       1
       2
       6
       5
       2
       2
       8
       2
       3
       4
       8
       4
      12
       3
       6
       3
       1
       8
       6
       5
      10
       8
       7
       1
       4
       6
       5
       3
       6
       5
       5
       6
       4
       8
       4
       2
       6
       1
       2
       6
       6
       4
       6
       8
       5
       4
       5
       2
       4
       4
       2
       3
       6
       6
       3
       5
       4
       3
       1
       3
       2
       7
       3
       4
       3
       7
       3
       5
       2
       7
       2
       4
      10
       4
       2
       9
       6
       4
       4
       5
       4
       6
       8
       3
       6
       5
       8
       4
       4
       6
       1
       3
       4
       5
       5
       9
       4
       5
       5
       5
       4
       5
       1
       9
       2
       3
       1
       6
       7
       3
       5
       7
       5
       6
       5
       5
       4
       6
       4
       4
       7
       3
       7
       3
       6
       0
       5
       4
       3
       3
       4
       6
       4
       2
       2
       4
       5
       5
       2
       6
       4
       5
       5
       4
       4
       4
       3
       2
       6
       5
       2
       9
       2
       4
       3
       4
       2
       5
       2
       2
       5
       4
       7
       1
       9
       9
       3
       5
       3
       6
       1
       3
       5
       8
       4
       4
       4
       6
       3
       5
       6
       8
       6
       7
       4
       4
       5
       2
       5
       5
       6
       6
       3
       6
       9
       2
       5
       6
       3
       6
       4
       1
       6
       2
       3
       5
       6
       3
       4
       5
       8
       2
       7
       4
       2
       7
       4
       2
       4
       8
      11
       6
       6
       3
       8
       6
       4
       3
       4
       3
       7
       3
       2
       8
       5
       9
       1
       6
       3
       3
       4
       3
       4
       2
       4
       2
       3
       5
       3
       6
       2
       6
       8
       4
       3
       0
       8
       3
       1
       1
       5
       4
       6
       1
       5
       4
       1
       4
       4
       3
       9
       2
       3
       5
       5
       2
       3
       7
       7
       6
       5
       2
       4
       7
       4
       6
       4
       8
       8
       8
       8
       9
       7
       6
       9
       7
       6
       6
       4
       6
       6
       7
       6
       3
       3
       3
       7
       5
       2
       5
      12
       5
       6
       8
       6
       2
      11
       3
       1
       4
       7
       1
       3
       5
       3
       2
       7
       3
       7
       9
       4
       3
       4
       3
       8
       4
       5
       6
      10
       3
       6
       2
       9
       2
       4
       8
       3
       7
       4
       4
       9
       5
       2
       6
       3
       4
       2
       2
       1
       4
       9
       6
       5
       7
       4
       8
       5
       4
      13
      10
       5
       5
       3
       2
       7
       4
       5
       5
       4
       4
       4
       2
       2
       2
       8
       3
      12
       4
       2
       5
       3
       5
       7
       8
       6
       2
       6
       9
       7
       7
       3
       5
       3
       4
       4
       6
       6
       2
       9
       2
       5
       3
       7
       5
       4
       2
       8
       5
       3
       5
       5
       6
       5
       2
       3
       2
       3
       4
      10
       7
       7
       9
       4
       4
       3
       5
       6
       3
       5
       8
       7
       5
       8
       6
       3
      10
       3
       6
       5
       4
       2
       4
       6
       6
       4
       6
       6
       7
       1
       5
       3
       5
       3
       8
       8
       8
      10
       6
       3
       6
       4
       4
       5
       5
       7
       3
       9
       5
       5
       1
       4
       7
       5
       6
       7
       5
       4
       3
       4
       6
       5
       8
       4
       6
       2
       4
       5
       7
       6
       4
      11
       2
       4
       8
       6
       5
       6
       7
       7
       8
       7
      12
       4
       8
       7
       6
       6
       6
       8
       3
       4
       7
       8
       9
       8
      13
       2
       6
       4
       4
       7
       2
       5
       6
       7
       6
       8
       7
       7
       7
       3
       3
       4
       3
       8
       6
       6
       4
       6
      10
       4
       3
      13
       6
       9
       4
       5
       5
       4
       8
       4
       8
       4
       8
       6
       8
       6
      11
       5
      11
       9
       4
       8
       4
       5
       3
       4
       7
       6
       9
       1
      14
      12
       9
       3
       6
       4
       5
      10
       9
       8
       5
      13
      10
       6
       3
       5
       8
       8
      13
       8
       4
       3
       4
       6
       6
       7
      10
       5
      12
       5
       5
       7
       6
       3
       9
       7
       5
       7
       5
      10
       6
       5
       8
       4
       6
       8
       3
       6
       9
       8
       9
       7
       7
       8
       6
       5
       3
       4
       6
       4
       0
       0
       0
       0
       0
       0
       0
       0
       0
       0
       0
       0
       0
       0
       0
       0
       0
       0
       0
       0
       0
       0
       0
       0
       0
       0
       0
       0
       0
       0
       0
       0
       0
       0
       0
       0
       0
       0
       0
       0
       0
       0
       0
       0
       0
       0
       0
       0
       0
       0
       0
       0
       0
       0
       0
       0
       0
       0
       0
       0
       0
       0
       0
       0
       0
       0
       0
       0
       0
       0
       0
       0
       0
       0
       0
       0
       0
       0
       0
       0
       0
       0
       0
       0
$ROI:
1
712 830
$PRESETS:
None
0
0
$ENER_FIT:
-23.656767 2.297974
$MCA_CAL:
3
-2.365677E+001 2.297974E+000 2.836717E-005 keV
$SHAPE_CAL:
3
0.000000E+000 0.000000E+000 0.000000E+000
