$SPEC_ID:
No sample description was entered.
$SPEC_REM:
DET# 1
DETDESC# DESKTOP-I499GD2 Easy-MCA-2k SN 18191655
AP# Maestro Version 7.01
$DATE_MEA:
02/27/2024 16:22:43
$MEAS_TIM:
101 102
$DATA:
0 2047
       0
       0
       0
       0
       0
       1
       4
       3
      99
      68
      81
      88
      70
      87
      89
      74
      90
      89
     120
     109
     101
     102
      85
      91
      80
      97
     129
     128
     153
     213
     198
     209
     263
     331
     314
     224
     182
     156
     153
     153
     209
     214
     259
     253
     286
     300
     319
     367
     440
     455
     546
     669
     809
     831
     801
     697
     606
     615
     543
     631
     786
    1114
    1460
    1915
    2284
    2252
    1953
    1457
     901
     555
     371
     306
     252
     237
     218
     219
     233
     226
     225
     205
     249
     247
     210
     228
     243
     243
     234
     240
     292
     357
     311
     309
     324
     274
     255
     243
     198
     209
     207
     175
     169
     163
     159
     142
     190
     162
     170
     158
     132
     140
     151
     129
     165
     117
     121
     136
     136
     140
     121
     150
     128
     124
     121
     132
     135
     119
     134
     121
     118
     113
     114
     103
     107
     102
     122
     108
     114
     100
     107
     101
      91
      84
     108
     107
      98
      82
      92
      88
      71
      85
      84
      77
      71
      89
      87
      86
      69
      75
      77
      77
      72
      86
      66
      87
      65
      59
      85
      63
      60
      67
      60
      54
      60
      63
      58
      60
      58
      63
      60
      56
      43
      44
      65
      54
      55
      67
      69
      50
      73
      46
      60
      47
      54
      50
      51
      65
      56
      62
      57
      54
      53
      46
      48
      55
      57
      59
      48
      47
      58
      65
      56
      59
      62
      67
      75
      57
      63
      84
      84
     101
      99
     114
     114
     117
     114
     125
     137
     145
     141
     149
     114
     143
     121
     136
     102
     112
     101
     110
      84
     111
      54
      66
      50
      65
      44
      47
      40
      45
      36
      34
      29
      41
      30
      45
      32
      47
      32
      28
      22
      28
      24
      38
      46
      39
      43
      34
      32
      35
      30
      34
      31
      41
      40
      30
      37
      21
      41
      32
      31
      34
      21
      29
      30
      31
      35
      26
      24
      29
      34
      24
      28
      27
      25
      26
      26
      36
      24
      41
      19
      26
      23
      25
      28
      33
      25
      24
      34
      27
      27
      24
      39
      27
      29
      20
      21
      23
      28
      21
      24
      23
      19
      31
      25
      21
      26
      21
      16
      23
      18
      20
      31
      26
      20
      23
      29
      21
      19
      22
      20
      23
      21
      17
      25
      19
      21
      31
      24
      23
      25
      27
      31
      25
      26
      15
      26
      26
      26
      27
      29
      19
      23
      30
      25
      25
      21
      33
      26
      25
      23
      21
      24
      27
      23
      26
      35
      24
      21
      21
      20
      19
      19
      27
      31
      22
      13
      21
      27
      20
      25
      29
      17
      23
      27
      14
      18
      18
      21
      13
      18
      21
      14
      14
      17
      24
      17
      14
      24
      17
      13
      16
      16
      12
      15
      22
      20
      19
      21
      19
      10
      14
      12
      20
      21
      23
      19
      16
      12
      18
      14
      16
      21
      10
      19
      11
      14
      20
      22
      23
      16
      13
      16
      20
      15
      15
      13
      14
      18
      13
      17
      15
       5
      18
      10
      17
      12
      20
       8
      30
      14
      20
      14
      16
      16
      18
      13
      18
      13
      25
      19
      17
      23
      14
      18
      15
      17
      24
      27
      22
      19
      20
      17
      15
      23
      27
      21
      19
      19
      26
      21
      24
      17
      20
      24
      28
      30
      21
      16
      26
      21
      20
      12
      18
      17
      22
      17
      24
      10
      15
      24
      18
      22
      25
      15
      17
      16
      23
      20
      20
      12
      20
      14
      15
      19
      24
      20
      13
      17
       9
      16
      27
      16
      15
       9
      12
      15
      18
      13
      17
      13
      17
      16
      18
      14
      20
      19
      18
      15
      21
       9
      19
      14
      15
      22
      13
      15
      21
      17
      13
      13
      18
      17
      19
       9
      14
      17
      15
      10
      12
      20
      15
      13
      13
      14
      12
      21
      11
       7
      15
      13
      17
      17
      17
       9
      16
      12
      16
      16
      13
      12
      20
      13
      13
      14
      21
      12
       9
      11
      13
       8
      14
      16
      13
      17
      15
      12
      18
      15
      15
      13
       6
      12
      16
      11
      11
      15
      21
      16
      18
      11
      16
      18
      18
      19
      20
      30
      22
      19
      20
      19
      19
      24
      17
      20
      12
      20
      17
      14
      22
      16
      15
      18
      15
      19
      18
      18
      19
      16
      21
      16
      14
      11
      10
      10
      16
      20
      10
       9
       8
       9
      13
       6
      12
      12
       7
      12
      14
      11
      11
      14
      11
      12
      11
      14
       8
      16
      12
      11
       8
       9
      11
       9
       5
       9
       6
      12
       8
       7
      12
      16
      12
       8
      11
       8
      11
      10
      13
      14
      14
      16
       7
       7
       8
      13
       9
       8
       6
      12
      11
       7
       8
      17
      13
      11
       9
       5
       7
       7
      11
       6
       6
       9
       5
       5
      11
       5
       9
       8
      10
       9
       7
      11
       9
      13
      13
      15
       8
      10
      16
       7
      21
       8
      25
      17
      11
      15
      20
      28
      20
      19
      24
      24
      28
      25
      32
      25
      35
      33
      42
      34
      33
      34
      37
      36
      41
      40
      39
      32
      39
      35
      40
      31
      32
      36
      29
      25
      31
      25
      33
      26
      17
      28
      20
      14
      14
      21
      15
      13
      10
      23
      11
       8
       9
      10
      11
      10
      14
      10
       6
      12
      13
       7
      10
       6
       7
       3
       6
       6
       5
       5
       5
       5
      10
       7
       6
       6
       4
       6
       9
       6
       6
       6
       4
       4
       5
       6
       5
       5
       6
       5
       1
       5
       4
       7
       7
       4
       2
       4
       5
       8
       3
       5
       8
       7
       3
       9
       4
       7
       3
       5
       8
       2
       6
       2
      11
       2
       6
       4
       6
       9
       5
       3
       5
       3
       3
       7
       7
       8
       3
       7
       3
       4
       5
       5
       9
       9
       6
       5
       5
       5
       3
       3
       1
       5
       4
       6
       7
       7
      10
      10
       4
       7
       8
      12
       7
       3
       3
       6
       5
       6
       5
       8
       5
       6
      11
       4
       1
       2
       3
       8
       5
       2
       5
       6
       7
       9
       4
       5
       4
       4
       3
       6
       4
       3
       3
       7
       4
       7
       0
       5
       0
       2
       5
       7
       6
       5
       3
       7
       5
       8
       5
       8
       4
       0
       5
       5
       6
       8
       4
      11
       2
       6
       4
       7
       5
       4
       3
       6
       5
       4
       3
       7
      10
       4
       4
       3
       6
       1
       5
       0
       5
       4
       8
       4
       7
       5
       8
       2
       1
       4
       6
       9
       9
       4
       2
       6
       4
       2
       7
       1
       5
       4
       3
       9
       6
       5
       7
       9
       5
       9
       8
       8
       3
       7
       8
       6
       8
       6
       3
       4
       7
       4
       2
       6
       7
       2
       7
       3
       5
       4
       2
       3
       4
       2
       4
       6
       2
       4
       3
       4
       4
       5
       2
       2
       4
       6
       9
       5
       5
       4
       4
       3
       5
       5
       5
       5
       7
       3
       4
       1
       7
       7
       4
       2
       1
       5
       2
       7
       4
       5
       2
       4
       5
       7
       3
       1
       3
       5
       2
       8
       2
       1
       5
       3
       8
       5
       4
       3
       6
       0
       4
       4
       2
       5
       5
       6
      11
       5
       7
       7
       4
       7
       3
       5
       6
       5
       6
       5
       5
       4
      10
       7
       5
       6
       4
       5
       8
       8
       5
       9
       3
       6
       6
       4
       1
       4
       8
       7
       0
       3
       5
       5
       7
       8
       4
       6
       4
       4
       6
       8
       7
       6
       4
       7
       6
       4
       7
       4
       2
       3
       9
       4
       3
       4
       5
       2
      10
       3
       5
       5
       5
       2
       5
       9
       5
       8
       9
       6
       4
       4
       4
       8
       3
       5
       4
       3
       6
       3
       8
       3
       4
       1
       5
       7
       8
       6
       7
       4
       6
       4
       4
       2
       4
       3
       3
       4
       3
       3
       3
       2
       5
       3
       3
       5
       1
       4
       5
       3
       6
       5
       4
       3
       4
       1
       2
       4
       4
       5
       5
       4
       3
       8
       6
       7
       2
       4
       2
       4
       5
       3
       9
       3
       8
       9
       2
       8
       5
       6
       5
      12
       4
       7
       6
       5
       6
       5
       9
       3
       3
       1
       8
       2
       2
       4
       4
       6
       3
      11
       7
       2
       4
       1
       6
       5
       3
       2
       3
       4
       2
       4
       5
       4
       3
       7
       3
       4
       3
       3
       0
       6
       6
       2
       4
       6
       7
       4
       7
       6
       6
       2
       4
       9
       4
       3
       8
       3
       5
       6
       4
       6
       4
       5
       4
       4
       5
       5
      12
       1
       4
       2
       7
       3
       5
       5
       3
       3
       9
       2
       5
       1
       5
       3
       1
       1
       2
       4
       3
       4
       2
       2
       4
       3
       3
       4
       3
       3
       1
       1
       4
       4
       6
       3
       5
       2
       6
       5
       7
       4
       4
       4
       5
       5
       5
       6
       2
       5
       5
      10
       3
       7
       4
       7
       8
       6
       4
       9
       3
       5
       4
       6
       2
      11
       4
       5
       8
       2
       5
       4
       6
       2
       9
       9
       3
       2
       6
       5
       3
       4
       9
       4
       3
       4
       8
       5
       6
       7
       4
       3
       5
       9
       0
       2
       6
       6
       2
       6
       5
       6
       1
      10
       5
       2
       2
       3
       8
       1
       3
       5
       6
       3
       5
       3
       6
       6
       6
       4
       7
       4
       4
       4
       4
       5
       3
       5
       2
       5
       3
       3
       4
      10
       6
       4
       2
       4
       3
       4
       5
       4
       5
       5
       4
       3
       3
       3
       7
       4
       2
       6
       5
       4
       9
       3
       5
       7
       5
       4
       4
       6
       4
       7
       4
       9
       2
       7
       5
       6
       4
       3
       3
       5
       6
       5
       2
       3
       8
       4
       7
       5
       4
       5
       4
       4
       5
       5
       3
       5
       3
       4
       4
       7
       6
       5
      10
       5
       7
       6
       2
       6
       5
       6
       4
       1
       4
       4
       3
       3
       6
       3
       3
       9
       3
       4
       5
       3
       2
       6
       4
       4
       6
       5
       7
       4
       6
       2
       6
       4
       5
       4
       5
       4
       5
       4
       5
       5
       3
       9
       2
       2
       7
       8
       6
       7
       7
       5
       3
       4
       3
       1
       5
       4
       3
       1
       4
       1
       9
       5
       6
       5
       4
       4
       5
       4
       5
       1
       8
       2
       4
       6
       9
       1
       2
       4
       3
       8
       2
       2
       5
       3
       7
      10
       8
       3
       6
       5
       2
       3
       4
       3
       6
       2
       7
       2
       4
       6
       3
       6
       3
       6
       2
       9
       3
       3
       5
       7
       7
       8
       5
       2
       8
       7
       5
       8
       5
       2
       8
       6
       3
       3
       5
       3
       3
       3
       4
       2
       7
       8
       6
       1
       4
       2
       3
       4
       4
       6
       7
       4
       6
       4
       7
       9
       4
       5
       7
       8
       4
       7
       7
       8
       3
       4
       5
       6
       8
       3
       5
       2
       7
       5
       5
       3
       8
       7
       2
       8
       2
       6
       4
       2
       1
       6
       0
       5
       7
       2
       3
      11
       7
       8
       3
       7
       6
       4
       4
       7
       4
       8
       4
       3
       6
       5
       4
       9
       2
       5
       2
       4
       5
       4
       3
       1
       8
       5
       3
       6
       3
       2
       2
       3
       6
       9
       5
       7
       6
       4
       6
       4
       5
       6
       4
       5
       5
       3
      11
       7
       8
       5
       6
       7
       2
       8
       2
       7
       6
       5
       7
       4
       4
       7
       7
       4
      10
       6
       8
       8
       6
       6
       5
       2
       3
       3
       4
       9
       4
       3
       4
       6
       9
       7
       6
       7
       3
       5
       4
       5
       1
       7
       1
       4
       5
       4
       7
       4
       7
       6
       2
       5
       5
       9
       5
       2
       4
       7
       5
       4
       3
       5
       3
       3
       5
       5
       3
       3
       8
       3
       4
       6
      12
       9
       4
       4
       5
       3
       7
       8
       5
       8
      10
       4
      10
       2
       4
       3
       6
       4
       4
       3
       3
       4
       6
       5
       5
       3
       7
       6
       6
      10
       5
       6
       9
       6
       7
       2
       6
       7
       2
       7
       4
       5
      12
       2
       6
       4
       4
       4
       9
       6
       6
      11
       5
       9
       5
       5
      15
       5
       5
       2
       9
       8
       7
      10
       8
       5
       5
       6
       8
       9
       4
       5
       7
       4
       5
       2
       2
       5
       8
       7
       4
       2
       9
       6
       4
       8
      10
       8
       6
       7
       7
      11
       7
       9
       7
       4
       5
      11
       7
       1
       4
       5
       8
       4
       3
       8
       4
       8
       5
       6
       3
       4
       6
      11
       4
       1
       3
       9
       0
       4
       6
       4
       4
       7
       7
       3
       4
       8
       8
       3
       7
       7
      10
       6
       1
       7
       5
       8
       8
       7
       3
       7
       4
       6
       5
       7
       4
      11
       8
       6
       4
       9
       5
       7
       7
       3
       3
       7
       6
       4
       9
       6
       8
       8
       4
      10
      11
       6
       4
       0
       0
       0
       0
       0
       0
       0
       0
       0
       0
       0
       0
       0
       0
       0
       0
       0
       0
       0
       0
       0
       0
       0
       0
       0
       0
       0
       0
       0
       0
       0
       0
       0
       0
       0
       0
       0
       0
       0
       0
       0
       0
       0
       0
       0
       0
       0
       0
       0
       0
       0
       0
       0
       0
       0
       0
       0
       0
       0
       0
       0
       0
       0
       0
       0
       0
       0
       0
       0
       0
       0
       0
       0
       0
       0
       0
       0
       0
       0
       0
       0
       0
       0
       0
$ROI:
1
712 830
$PRESETS:
None
0
0
$ENER_FIT:
-23.656767 2.297974
$MCA_CAL:
3
-2.365677E+001 2.297974E+000 2.836717E-005 keV
$SHAPE_CAL:
3
0.000000E+000 0.000000E+000 0.000000E+000
