$SPEC_ID:
No sample description was entered.
$SPEC_REM:
DET# 1
DETDESC# DESKTOP-I499GD2 Easy-MCA-2k SN 18191655
AP# Maestro Version 7.01
$DATE_MEA:
02/27/2024 16:03:42
$MEAS_TIM:
87 87
$DATA:
0 2047
       0
       0
       0
       0
       0
       0
       5
       3
      85
      64
      67
      67
      80
      72
      78
      94
     111
      92
     123
     110
      91
      98
      78
      86
      92
      95
     103
     112
     199
     195
     239
     267
     356
     405
     362
     251
     162
     174
     163
     166
     225
     202
     236
     292
     293
     332
     339
     362
     391
     523
     595
     656
     766
     740
     697
     778
     623
     629
     650
     774
    1068
    1461
    2117
    2844
    3304
    3099
    2672
    1913
    1256
     614
     424
     313
     244
     214
     224
     233
     196
     219
     218
     188
     196
     176
     181
     179
     193
     184
     200
     234
     255
     243
     217
     249
     237
     233
     237
     188
     177
     184
     149
     166
     129
     144
     127
     141
     153
     115
     111
     125
     128
     154
     119
     128
     113
     114
     125
     140
     105
     116
     105
     100
     104
     114
      89
      94
      99
      85
      72
      90
      94
      96
      97
      83
      84
      82
      88
      76
      96
      85
      91
      87
      78
      66
      72
      67
      76
      92
      80
      73
      53
      70
      56
      64
      63
      62
      63
      74
      70
      58
      59
      58
      51
      53
      56
      63
      57
      52
      52
      53
      60
      56
      56
      52
      50
      55
      47
      44
      46
      35
      52
      43
      49
      37
      45
      37
      42
      41
      43
      36
      41
      53
      46
      42
      42
      55
      53
      36
      51
      53
      40
      43
      42
      36
      32
      58
      52
      33
      43
      39
      38
      44
      43
      40
      64
      56
      54
      48
      66
      63
      51
      65
      75
      81
      98
     119
      98
      95
     110
     108
     109
     111
     132
     103
     111
     103
      96
      75
      90
      69
      68
      62
      67
      62
      50
      50
      36
      35
      39
      29
      28
      31
      29
      24
      16
      28
      33
      28
      21
      24
      25
      27
      31
      28
      31
      18
      23
      26
      31
      25
      28
      22
      36
      18
      24
      20
      12
      26
      14
      28
      20
      28
      26
      26
      20
      11
      18
      25
      21
      22
      17
      22
      22
      23
      18
      19
      31
      26
      11
      15
      16
      20
      21
      15
      25
      18
      30
      19
      22
      17
      18
      22
      16
      21
      22
      16
      21
      16
      20
      26
      17
      21
      18
      19
      19
      23
      21
      23
      17
      19
      25
      22
      27
      11
      12
      18
      17
      25
      17
      15
      18
      16
      24
      16
      20
      18
      13
      19
      16
      22
      11
      15
      22
      18
      14
      28
      20
      16
      29
      21
      16
      20
      19
      22
      16
      23
      25
      13
      18
      13
      23
      25
      25
      19
      17
      18
      18
      26
      20
      24
      22
      10
      17
      19
      17
      15
      15
      13
      19
      13
      17
      16
      12
      14
      24
      11
      12
      14
      19
       9
      14
      15
      13
      14
      16
      16
      18
      15
      19
      16
      12
      17
      17
      11
      13
      20
      13
      15
      13
      17
      17
      18
      12
      12
      12
      10
      13
      10
       9
       6
      12
      13
      12
       9
      19
      16
      11
      13
      17
      11
       4
      14
      12
      17
      12
      10
      16
      10
      16
      18
      16
      12
       9
       9
      17
      14
      12
      14
       8
      10
      11
      14
      13
      21
      12
      12
      11
      10
       6
      10
      16
      21
      18
      18
      18
      16
      22
      14
      16
       8
      25
      21
      20
      19
      15
      19
      16
      19
      16
      19
      22
      12
      26
      21
      22
      16
      12
      11
      15
       9
      19
      17
      19
      24
      15
      11
      17
      11
      15
      11
      15
      17
      15
      16
      13
      12
      16
      10
      18
      10
       8
      16
       8
       7
      10
      12
      17
      11
       9
      17
      17
       9
      14
      11
      13
      11
      12
      12
       9
      10
      12
      15
      17
       8
      13
      17
      10
      10
      14
      15
       9
       9
      13
      10
      16
      15
      12
      12
      13
      19
      12
       8
      15
       6
      12
       8
       5
      14
      12
      15
      12
       9
       6
      15
       9
      13
      15
       9
      11
      14
      11
      11
      11
       5
      10
      11
      11
      13
      11
      11
      12
       6
       9
      11
      11
      10
      10
       7
      15
      18
       6
       9
      13
      11
      11
       5
      12
      15
       7
      11
      13
      14
       5
       7
      14
      11
      13
      17
      11
      12
       7
      10
      16
      11
      13
      16
      12
       9
      13
      16
      17
      14
      15
      11
      16
      14
      19
      15
      15
      10
      13
      18
      13
      11
       8
      11
       9
      14
       9
       9
      14
      11
       9
      14
       9
      11
      11
       6
       4
       2
       9
       8
       9
       9
       6
      11
       5
      10
      11
       5
      10
       6
       8
       8
       8
       5
       5
       8
       8
       8
       3
       5
       9
       6
       6
      12
      12
       7
       7
       6
      10
       5
       8
       7
       8
       3
       8
       8
       5
       9
       8
       5
       9
       9
      13
       9
       9
       9
      10
       8
       8
      12
      10
      10
       9
      11
       8
       5
       5
       6
       8
       9
       8
       6
      10
       4
       5
       6
       8
       8
       9
       3
       7
       7
       8
       9
       9
       7
       7
       6
      16
       6
      10
      14
       9
      10
      14
      16
      17
      23
      16
      15
      20
      14
      22
      23
      28
      21
      20
      21
      21
      27
      25
      28
      36
      40
      32
      18
      28
      23
      25
      22
      30
      19
      27
      23
      21
      20
      17
      20
      14
      13
      15
      23
       9
       9
      11
      15
       7
      12
       6
       5
      12
       8
      13
       6
       8
       4
       3
       3
       9
      11
       7
       9
       8
       1
       2
       7
       4
       5
       5
      10
       1
       5
       9
       8
       6
       4
       7
       1
       4
       5
       3
       5
       3
       4
       4
       3
       3
       4
       1
       2
       4
       3
       5
       0
       3
       8
       6
       5
       3
       2
       7
       3
       4
       8
       1
       1
       1
       4
       3
       1
       6
       4
       4
       3
       2
       5
       2
       5
       7
       6
       1
       3
       1
       6
       5
       4
       4
       3
       5
       4
       2
       7
       1
       4
       7
       7
       6
       4
       2
       2
       8
       1
       3
       6
       2
       3
       3
       3
       3
       3
       6
       1
       4
       4
       5
       5
       1
       4
      10
       5
       3
       7
       3
       8
       4
       4
       5
       5
       3
       1
       0
       5
       3
       3
       3
       2
       2
       5
       2
       4
       3
       4
       5
       3
       4
       3
       3
       4
       2
       4
       2
       8
       5
       2
       6
       6
       6
       1
       5
       3
       3
      10
       4
       1
       3
       4
       4
       4
       3
       7
       2
       4
       6
       2
       3
       4
       4
       4
       3
       1
       5
       6
       1
       1
       1
       4
       3
       1
       1
       2
       6
       6
       3
       3
       2
       1
       1
       7
       2
       3
       7
       3
       1
       4
       3
       3
       4
       1
       4
       0
       2
       8
       7
       6
       7
       1
       4
       2
       8
       4
       5
       4
       1
       3
       4
       1
       4
      10
       5
       1
       9
       3
       3
       5
       3
       5
       3
       6
       0
       6
       0
       3
       2
       7
       5
       4
       4
       5
       6
       2
       5
       3
       5
       3
       4
       3
       0
       3
       9
       5
       3
       3
       5
       1
       7
       7
       3
       1
       7
       4
       4
       3
       3
       3
       3
       1
       4
       4
       2
       5
       8
       4
       2
       3
       4
       6
       3
       1
       3
       6
       1
       4
       1
       5
       7
       6
       1
       4
       2
       4
       8
       5
       5
       0
       1
       5
       5
       3
       6
       6
       3
       6
       5
       7
       1
       2
       2
       9
       5
       3
       8
       4
       4
       2
       2
       7
       5
       4
       3
       3
       2
       5
       3
       0
       5
       4
       5
       4
       5
       3
       6
       5
       2
       3
       6
       1
       4
       2
       5
       1
       4
       6
       4
       3
       7
       3
       4
       4
       5
       4
       6
       3
       4
       2
       6
       4
       4
       3
       3
       3
       4
       4
       4
       4
       2
       2
       6
       1
       9
       2
       3
       4
       3
       4
       2
       1
       5
       2
       1
       4
       0
       6
       1
       5
       3
       4
       2
       2
       1
       4
       3
       7
       4
       5
       2
       2
       3
       4
       3
       2
       5
       7
       4
       2
       6
       2
       9
       4
       4
       5
       3
       6
       4
       3
       7
       5
       5
       4
       4
       6
       1
       5
       5
       1
       2
       4
       6
       3
       5
       5
       5
       2
       2
       6
       4
       2
       4
       4
       6
       4
       2
       4
       3
       9
       2
       2
       6
       2
       2
       2
       3
       4
       2
       2
       5
       3
       3
       5
       2
       4
       1
       5
       1
       1
       4
       1
       1
       5
       2
       1
       2
       1
       2
       4
       2
       5
       5
       4
       3
       8
       2
       7
       5
       4
       2
       1
       1
       4
       3
       0
       3
       2
       3
       2
       2
       0
       3
       3
       1
       2
       5
       0
       3
       6
       3
       5
       5
       1
       3
       3
       5
       2
       3
       3
       6
       6
       2
       4
       0
       1
       3
       1
       7
       1
       3
       5
       2
       4
       2
       4
       1
       2
       1
       4
       2
       7
       3
       4
       3
       1
       1
       5
       0
       4
       5
       1
       1
       3
       1
       5
       4
       3
       6
       5
       2
       5
       2
       4
       2
       2
       6
       4
       6
       3
       2
       4
       4
       4
       2
       2
       5
       2
       0
       0
       4
       4
       4
       3
       2
       5
       4
       6
       7
       3
       5
       2
       6
       4
       6
       5
       5
       6
       1
       1
       2
       2
       5
       5
       3
       4
       7
       4
       1
       3
       4
       4
       5
       5
       2
       4
       4
       3
       1
       2
       6
       3
       3
       3
       1
       2
       5
       3
       3
       6
       1
       2
       8
       6
       4
       2
       4
       2
       3
       3
       5
       0
       3
       8
       3
       1
       5
       2
       3
       2
       5
       2
       0
       3
       1
       8
       2
       3
       2
       7
       2
       5
       1
       2
       2
       7
       3
       1
       5
       7
       3
       1
       1
       6
       4
       2
       2
       3
       4
       3
       0
       5
       2
       3
       5
       4
       5
       2
       2
       5
       1
       6
       5
       4
       3
       1
       5
       3
       4
       3
       2
       3
       3
       2
       6
       2
       5
       6
       3
       1
       2
       5
       3
       3
       6
       2
       5
       2
       3
       4
       3
       4
       2
       1
       2
       4
       6
       1
       1
       4
       3
       3
       4
       4
       3
       7
       2
       7
       2
       6
       4
       4
       6
       3
       7
       8
       4
       4
       3
       4
       2
       3
       2
       3
       1
       4
       5
       7
       4
       5
       7
       3
       3
       3
       1
       7
       2
       5
       3
       3
       3
       4
       2
       4
       5
       4
       6
       3
       5
       4
       3
       3
       3
       6
       3
       4
       2
       5
       6
       3
       4
       5
       4
       0
       7
       4
       3
       2
       4
       2
       1
       5
       4
       4
       3
       2
       6
       3
       4
       4
       4
       2
       0
       1
       2
       6
       2
       3
       6
       4
       1
       7
       7
       4
       5
       2
       2
       3
       3
       3
       1
       2
       2
       5
       3
       3
       5
       4
       3
       6
       7
       5
       4
       4
       3
       4
       3
       4
       6
       3
       7
       3
       2
       0
       5
       2
       5
       0
       5
       2
       4
       6
       4
       6
       5
       6
       2
       1
       3
       0
       4
       5
       6
       6
       5
       3
       5
       3
       4
       3
       2
       2
       5
       4
       4
       3
       5
       8
       6
       8
       6
       4
       5
       3
       4
       1
       6
       4
       5
       5
       2
       9
       4
       7
       5
       2
       3
       8
       3
      11
       3
       5
       0
       3
       8
       4
       2
       7
       7
       5
       2
       6
       4
       5
       1
       2
       7
       3
       2
       2
       7
       2
       1
       5
       4
       4
       3
       6
       3
       3
       9
       2
       5
       3
       6
       1
       2
       2
       1
       9
       4
       1
       1
       6
       3
       6
       1
       3
       6
       6
       2
       4
       3
       4
       2
       3
       4
       4
       1
       4
       6
       3
       7
       4
       3
       6
       5
       7
       2
       5
       3
       4
       8
       3
       5
       1
       5
       7
       2
       4
       4
       3
       2
       2
       4
       3
       3
       4
       4
       5
       3
       7
       5
       0
       2
       6
       4
       3
       5
       6
       7
       2
       6
       5
       4
       3
       3
       5
       3
       4
       2
       8
       6
       3
       2
       2
       4
       8
       4
       7
       3
       2
       4
      10
       5
       6
       3
       8
       3
       7
       1
       4
       3
       4
       6
       5
       4
       5
       7
       1
       5
       2
       5
       6
       3
       9
       8
       4
       3
       6
       6
       4
       6
       1
       5
       3
      12
       7
       3
       3
       0
       4
       4
       7
       4
       4
       4
       3
       3
       4
       4
       4
       2
       6
       2
       9
       3
       6
      10
       8
       9
       6
       3
       5
       5
       5
       4
       7
       6
       4
       8
       5
       6
       5
       4
       7
       6
       5
       5
       8
       2
       2
       5
       5
       4
       4
       3
       2
       5
       2
       3
       2
       2
       4
       1
       4
       1
       3
       4
       3
       4
      13
       8
       1
       6
       7
       3
       2
       4
       2
      10
       6
       5
       7
       6
       4
       4
       6
       4
       3
       3
       4
       7
       4
       7
       6
       7
       5
       3
       5
       4
       3
       5
       4
       2
       3
       8
       2
       4
       2
       2
       8
       2
       4
       2
       8
       1
       8
       5
       4
       1
       0
       0
       0
       0
       0
       0
       0
       0
       0
       0
       0
       0
       0
       0
       0
       0
       0
       0
       0
       0
       0
       0
       0
       0
       0
       0
       0
       0
       0
       0
       0
       0
       0
       0
       0
       0
       0
       0
       0
       0
       0
       0
       0
       0
       0
       0
       0
       0
       0
       0
       0
       0
       0
       0
       0
       0
       0
       0
       0
       0
       0
       0
       0
       0
       0
       0
       0
       0
       0
       0
       0
       0
       0
       0
       0
       0
       0
       0
       0
       0
       0
       0
       0
$ROI:
1
712 830
$PRESETS:
None
0
0
$ENER_FIT:
-23.656767 2.297974
$MCA_CAL:
3
-2.365677E+001 2.297974E+000 2.836717E-005 keV
$SHAPE_CAL:
3
0.000000E+000 0.000000E+000 0.000000E+000
