$SPEC_ID:
No sample description was entered.
$SPEC_REM:
DET# 1
DETDESC# DESKTOP-I499GD2 Easy-MCA-2k SN 18191655
AP# Maestro Version 7.01
$DATE_MEA:
02/27/2024 16:34:02
$MEAS_TIM:
77 78
$DATA:
0 2047
       0
       0
       0
       0
       0
       1
       2
       4
      66
      45
      50
      57
      65
      66
      63
      69
      61
      60
      62
      77
      60
      55
      57
      75
      62
      56
      76
      68
     110
     147
     151
     140
     168
     218
     210
     127
     125
     105
     117
     137
     148
     159
     156
     172
     195
     209
     233
     258
     268
     319
     365
     417
     562
     614
     565
     485
     438
     352
     397
     451
     567
     745
     998
    1236
    1438
    1429
    1161
     924
     632
     418
     259
     210
     183
     145
     192
     146
     180
     171
     153
     160
     155
     144
     162
     191
     162
     176
     187
     192
     205
     218
     227
     228
     235
     225
     203
     210
     179
     145
     140
     134
     140
     118
     132
     135
      94
     117
     113
      87
     103
      99
     113
     110
     113
     113
     108
     112
      94
      98
     104
      83
      91
      98
      69
     112
      77
      96
      83
      92
     105
      84
      92
      88
      87
      84
      87
      63
      97
      63
      84
      81
      80
      62
      80
      70
      63
      67
      76
      78
      63
      69
      69
      51
      67
      59
      61
      60
      47
      55
      62
      55
      60
      51
      53
      72
      61
      60
      56
      57
      46
      54
      50
      42
      52
      50
      55
      45
      38
      48
      53
      52
      44
      52
      46
      41
      37
      44
      48
      42
      42
      46
      28
      40
      56
      46
      43
      40
      36
      40
      47
      49
      48
      32
      35
      40
      35
      30
      37
      32
      40
      47
      50
      44
      53
      42
      36
      57
      58
      60
      60
      68
      70
      76
      71
      92
      98
     104
     108
     109
     117
      99
     104
     105
     114
      97
      92
      83
      78
      80
      61
      64
      61
      44
      39
      37
      27
      41
      18
      31
      27
      22
      26
      21
      27
      25
      24
      26
      30
      15
      22
      19
      32
      32
      22
      26
      21
      26
      18
      32
      27
      22
      31
      34
      25
      18
      32
      21
      26
      20
      27
      25
      21
      30
      25
      20
      27
      19
      20
      30
      21
      22
      14
      22
      22
      16
      22
      19
      16
      15
      19
      19
      23
      20
      23
      20
      16
      14
      18
      20
      20
      16
      19
      14
      30
      18
      27
      11
      23
      23
      11
      15
      19
      21
      21
      17
      18
      20
      29
      23
      23
      13
      12
      13
      23
      10
      26
      17
      22
      15
      23
      17
      20
      20
      17
      21
      25
      15
      23
      19
      21
      15
      17
      13
      18
      14
      24
      23
      20
      17
      19
      19
      10
      28
      15
      11
      21
      21
      19
      20
      15
      28
      16
      19
      21
       9
      16
      21
      17
      20
      15
      16
      16
      17
      12
      12
      15
      19
      15
      15
      24
      22
      15
      12
      16
      14
      17
      21
      15
      19
      12
      11
      13
      19
      14
      22
      14
      18
      19
      10
      17
      12
      16
      22
      15
      15
      15
       7
       9
      21
      15
      15
      18
      16
      10
      12
      16
      10
      15
      11
      12
       9
       9
       7
      11
      15
       9
       7
      12
       7
      12
      13
      15
      11
      13
      14
       8
      16
      19
      16
      10
       8
      11
      12
      14
      10
      11
      12
      14
      12
      13
       9
      17
      17
      14
      12
      21
      14
      10
      10
      17
      18
      12
      16
      14
      16
       7
       5
      16
      21
      17
      21
      16
      19
      19
      23
      21
      20
      14
      20
      16
      24
      20
      11
      13
      18
      19
       9
      15
      20
      20
      17
      20
      22
      12
      16
      16
      15
       8
      11
      10
      10
      14
      17
      12
      10
       9
      13
       7
       6
      15
       7
      16
      15
      14
      17
      12
       9
       9
       8
       5
      15
      11
      12
      14
      12
      17
       8
      14
      12
      17
      13
      15
       8
      11
      13
      19
       8
      13
       8
       5
      10
      13
      11
      14
      18
      10
      13
       4
      17
      13
      10
      16
      10
      17
       7
      13
      11
       9
      11
      12
       9
       9
       8
       8
       9
      10
      11
      13
       7
       9
      17
      12
      10
      10
       9
      15
       9
      12
      15
      16
      14
      14
      21
      13
      11
      12
      18
      12
      12
       5
      12
      12
      11
      16
      11
       9
       6
      11
      12
      22
      11
      11
      14
      16
      11
      12
      14
      13
      12
      11
      12
       9
      12
      14
      15
      14
      18
      13
      14
      11
      16
      10
      17
      13
      16
      13
      11
      14
      12
      18
      10
      18
      18
       7
       9
      13
       9
       6
       8
      11
      13
       7
       9
       8
      10
      20
       8
      12
       5
       9
       7
       7
      12
      11
       9
       7
      12
      13
       9
      11
       5
      10
      11
       8
      12
       4
       8
       7
       8
       5
      10
       6
      12
      11
       6
      11
       3
       8
       6
      11
       7
       5
       8
       7
       7
       7
      15
       8
       7
       8
       6
      11
       5
       7
      10
       7
       4
       9
       7
       8
       4
       4
       9
       7
       9
       7
       6
       3
       7
       4
       8
       4
       5
       5
       3
       5
      12
       7
       2
       6
       7
       8
      12
       6
      10
       5
       8
       4
      10
      12
      10
      10
      16
      14
      10
       9
      13
      14
      15
      23
      17
      15
      18
      21
      23
      16
      28
      32
      34
      35
      27
      25
      35
      26
      30
      22
      27
      33
      36
      26
      28
      20
      30
      20
      19
      20
      18
      25
      21
      17
      27
      23
      19
      15
      14
      10
      14
      10
      14
      12
      10
       7
      15
       4
       6
       4
       8
       4
       7
       7
       6
       7
      11
       3
       6
       2
       5
       5
       8
       2
       7
       4
       2
       2
       4
       3
       2
       2
       5
       3
       4
       2
       3
       4
       4
       6
       3
       3
       9
       5
       7
       8
       1
       5
       1
       2
       1
       7
       5
       4
       5
       8
       5
       4
       2
       7
       5
      10
       2
       4
       5
       3
       1
       7
       5
       5
       5
       2
       7
       5
       5
       5
       6
       6
       4
       1
       4
       4
       4
       4
       5
       3
       1
       6
       3
       5
       5
       6
       5
       7
       4
       7
       4
       3
       4
       4
       3
       5
       2
       3
       3
       4
       4
       4
       4
       1
       4
       3
       4
       0
       4
       2
       4
       2
       0
       2
      10
       5
       6
       4
       5
       3
       1
       6
       6
       4
       5
       2
       1
       2
       5
       3
       4
       6
       9
       3
       5
       1
       2
       5
       3
       2
       4
       5
       8
       3
       3
       6
       2
       2
       7
       7
       2
       5
       3
       3
       2
       5
       3
       5
       5
       3
       3
       2
       4
       4
       6
       4
       3
       6
       3
       3
       3
       7
       2
       2
       6
       5
       2
       7
       1
       8
       3
       1
       6
      11
       4
       2
       5
       3
       7
       4
       2
       6
       3
       8
       2
       4
       5
       4
       5
       4
       2
       2
       7
       5
       3
       3
       2
       5
       4
       4
       1
       4
       4
       6
       5
       6
       4
       3
       6
       1
       4
       1
       3
       2
       3
       2
       4
       3
       2
       4
       4
       3
       6
       4
       4
       5
       6
       4
       5
       3
       2
       2
       2
       4
       2
       5
       2
       3
       5
       5
       0
       3
       8
       4
       2
       5
       2
       7
       1
       1
       4
       7
       4
       5
       5
       0
       5
       4
       7
       6
       1
       4
       3
       4
       3
       4
       4
       1
       4
       3
       3
       1
       6
       5
       3
       4
       3
       2
       3
       1
       1
       4
       2
       3
       5
       2
       8
       3
       4
       4
       6
       3
       2
       4
       5
       5
       5
       6
       5
       2
       2
       2
       7
       8
       4
       4
       4
       3
       5
       3
      10
       4
       8
       4
       5
       4
       4
       4
       3
       4
       2
       6
       2
       1
       4
       3
       2
       2
       1
       3
       4
       4
       1
       3
       3
       1
       9
       2
       6
       5
       6
       1
       5
       2
       5
       5
       5
       0
       4
       2
       5
       7
       7
       5
       3
       4
       5
       4
       4
       0
       2
       6
       2
       0
       4
       3
       3
       4
       4
       2
       3
       5
       4
       5
       4
       5
       3
       1
       6
       7
       2
       4
       5
       4
       5
       2
       2
       4
       2
       5
       1
       4
       5
       1
       5
       3
       3
       5
       3
       2
       3
       6
       4
       3
       2
       4
       4
       2
       3
       6
       7
       4
       4
       2
       3
       2
       5
       3
       3
       4
       0
       5
       2
       2
       3
       3
       4
       3
       2
       2
       5
       1
       4
       0
       8
       7
       6
       6
       4
       2
       2
       4
       4
       3
       4
       3
       3
       6
       4
       3
       3
       2
       2
       1
       3
       2
       2
       5
       5
       2
       1
       1
       6
       4
       3
       3
       6
       2
       8
       3
       3
       3
       2
       5
       2
       5
       4
       4
       1
       2
       5
       3
       4
       5
       3
       4
       3
       4
       1
       3
       6
       1
       1
       4
       4
       2
       4
       6
       5
       3
       2
       1
       1
       7
       3
       2
       3
       4
       2
       3
       3
       4
       2
       4
       3
       1
       4
       1
       6
       3
       4
       2
       3
       1
       2
       1
       5
       2
       3
       6
       3
       3
       1
       3
       1
       3
       4
       0
       6
       1
       2
       6
       6
       6
       2
       3
       6
       3
       5
       1
       4
       3
       3
       3
       1
       3
       4
       3
       3
       4
       1
       4
       4
       3
       5
       0
       3
       5
       6
       1
       3
       3
       3
       2
       4
       5
       1
       3
       6
       8
       1
       3
       1
       2
       7
       7
       3
       3
       4
       1
       0
       1
       2
       5
       5
       5
       2
       4
       9
       3
       6
       6
       3
       4
       4
       4
       1
       1
       2
       4
       1
       0
       3
       1
       3
       4
       3
       3
       4
       5
       5
       2
       3
       2
       1
       4
       4
       1
       1
       0
       2
       4
       5
       3
       4
       1
       1
       3
       6
       5
       2
       2
       3
       3
       6
       8
       4
       5
       1
       4
       4
       1
       5
       2
       3
       5
       1
       3
       6
       8
       8
       2
       3
       5
       4
       3
       3
       2
       0
       5
       2
       1
       3
       3
       4
       2
       5
       2
       4
       5
       5
       4
       3
       2
       3
       4
       4
       2
       2
       4
       8
       3
       7
       2
       0
       2
       4
       4
       4
       4
       1
       2
       5
       1
       2
       3
       1
       3
       1
       3
       2
       0
       3
       2
       2
       3
       3
       7
       1
       5
       3
       1
       6
       3
       4
       4
       2
       3
       7
       4
       4
       1
       1
       3
       1
       3
       6
       5
       1
       2
       6
       4
       2
       4
       3
       4
       3
       5
       3
       2
       8
       6
       2
       2
       1
       4
       3
       3
      10
       4
       8
       2
       4
       3
       6
       7
       4
       0
       2
       4
       4
       0
       2
       3
       4
       4
       1
       6
       3
       2
       2
       7
       2
       4
       2
       1
       2
       3
       0
       1
       4
       2
       3
       7
       5
       3
       8
       1
       1
       4
       2
       3
       2
       5
       5
       4
       2
       8
       1
       6
       0
       1
       2
       6
       5
       2
       3
       4
       4
       4
       7
       3
       3
       2
       2
       2
       3
       2
       1
       3
       4
       4
       8
       5
       4
       2
       1
       5
       6
       2
       1
       2
       7
       5
       7
       4
       3
       6
       7
       4
       5
       8
       7
       5
       9
       6
       3
       7
       4
       3
       4
       2
       4
       4
       2
       3
       4
       4
       5
       3
       4
       4
       5
       5
       7
       5
       3
       7
       3
       7
       5
       1
       4
       0
       3
       6
       2
       3
       4
       2
       6
       6
       6
       2
       4
       7
       3
       5
       5
       3
       4
       1
       3
       4
       6
       2
       7
       1
       3
       6
       3
       2
       3
       8
       8
       4
       3
       2
       3
       5
       1
       4
       2
       0
       5
       1
       7
       2
       0
       5
       2
       5
       5
       4
       3
       3
       3
       1
       4
       4
       3
       9
       2
       4
       4
       2
       3
       3
       4
       4
       6
       3
       3
       5
       4
       4
       3
       4
       5
       4
       8
       2
       0
       8
       5
       4
       1
       4
       3
       2
       3
       2
       2
       4
       2
       2
       4
       3
       8
       4
       3
       2
       5
       2
       7
       1
       4
       3
       8
       2
       1
       4
       2
       4
       6
       4
       4
       5
       5
       4
       6
       4
       1
       2
       5
       3
       5
       5
       6
       3
       6
       6
       4
       8
       6
       2
       4
       2
       3
       2
       8
       3
       6
       3
       4
       7
       2
       3
       3
      11
       2
       6
       4
       5
       7
       5
       5
       1
       7
       5
       9
       5
       2
       4
       5
       5
       5
       4
       3
       3
       4
       2
       8
       4
       5
       8
       1
      10
       1
       7
       8
       3
       5
       7
       6
       4
       8
       5
       6
       3
       2
       3
       6
       5
       4
       3
       7
       3
       4
       4
       3
       4
       2
       3
       3
       5
       7
       6
       7
       8
       5
       7
       3
       2
       2
       3
       4
       6
       5
       5
       8
       6
       7
       6
       5
       6
       6
       4
       5
       5
      11
       5
      12
       4
       1
       6
       6
       5
       3
       1
       6
       5
       2
       6
       4
       3
       3
       7
       5
       7
       8
       5
       3
       7
      10
       5
       4
       7
       4
       6
       1
       2
       2
       5
       2
       9
       4
       2
       2
       5
       3
       5
       8
       4
       6
       8
       4
       6
       4
       9
       4
       8
       2
       1
       0
       0
       0
       0
       0
       0
       0
       0
       0
       0
       0
       0
       0
       0
       0
       0
       0
       0
       0
       0
       0
       0
       0
       0
       0
       0
       0
       0
       0
       0
       0
       0
       0
       0
       0
       0
       0
       0
       0
       0
       0
       0
       0
       0
       0
       0
       0
       0
       0
       0
       0
       0
       0
       0
       0
       0
       0
       0
       0
       0
       0
       0
       0
       0
       0
       0
       0
       0
       0
       0
       0
       0
       0
       0
       0
       0
       0
       0
       0
       0
       0
       0
       0
$ROI:
1
712 830
$PRESETS:
None
0
0
$ENER_FIT:
-23.656767 2.297974
$MCA_CAL:
3
-2.365677E+001 2.297974E+000 2.836717E-005 keV
$SHAPE_CAL:
3
0.000000E+000 0.000000E+000 0.000000E+000
