$SPEC_ID:
No sample description was entered.
$SPEC_REM:
DET# 1
DETDESC# DESKTOP-I499GD2 Easy-MCA-2k SN 18191655
AP# Maestro Version 7.01
$DATE_MEA:
02/27/2024 12:05:46
$MEAS_TIM:
50 51
$DATA:
0 2047
       0
       0
       0
       0
       0
       0
       2
       7
     251
      94
      91
      91
      91
     109
      95
      93
     110
     105
      96
      92
     106
     119
     125
     119
      99
      91
      93
     111
     141
     132
     142
     145
     167
     176
     160
     172
     130
     156
     128
     165
     174
     163
     148
     178
     194
     209
     196
     181
     220
     229
     247
     262
     271
     303
     282
     289
     274
     266
     266
     298
     304
     341
     407
     425
     518
     497
     488
     406
     370
     319
     262
     252
     255
     258
     228
     240
     233
     222
     244
     275
     243
     254
     274
     240
     242
     240
     257
     272
     244
     259
     261
     238
     267
     254
     241
     217
     223
     211
     198
     220
     238
     235
     227
     248
     218
     207
     221
     212
     219
     208
     215
     198
     212
     212
     207
     220
     203
     199
     209
     206
     190
     201
     203
     185
     172
     179
     158
     168
     199
     188
     177
     181
     181
     157
     150
     174
     147
     168
     140
     153
     154
     142
     130
     165
     125
     146
     151
     159
     136
     126
     153
     131
     143
     144
     141
     117
     125
     136
     136
     130
     127
     115
      99
     106
     103
     126
     121
      99
     112
     106
      96
     115
      88
     105
     108
     120
     116
      83
     107
     104
     121
      96
     113
      97
     120
     105
     117
     100
      91
      92
      95
      82
      99
      89
     100
     101
      85
      91
      91
      89
      82
      69
      93
      87
      91
     104
      89
      86
      92
      89
     112
     113
     108
     113
     111
      99
     125
     131
     157
     154
     161
     173
     196
     196
     167
     203
     227
     222
     248
     267
     246
     218
     250
     228
     213
     204
     185
     207
     173
     147
     132
     124
     131
      93
      95
      83
      92
      77
      91
      63
      69
      73
      67
      60
      62
      68
      61
      41
      64
      56
      60
      66
      63
      62
      50
      63
      62
      59
      55
      61
      63
      60
      78
      52
      63
      50
      49
      68
      69
      63
      52
      55
      61
      54
      52
      65
      59
      67
      65
      68
      51
      50
      44
      66
      65
      74
      51
      58
      63
      65
      59
      50
      52
      50
      56
      50
      54
      63
      53
      59
      54
      55
      61
      56
      59
      56
      42
      53
      48
      45
      50
      73
      50
      47
      57
      53
      56
      45
      62
      56
      52
      55
      60
      49
      49
      45
      47
      55
      41
      47
      40
      58
      57
      47
      66
      45
      49
      51
      52
      62
      62
      41
      62
      50
      58
      57
      54
      55
      53
      53
      49
      38
      43
      57
      49
      44
      44
      51
      50
      52
      61
      33
      64
      47
      37
      46
      52
      45
      55
      44
      54
      61
      44
      57
      46
      41
      52
      51
      41
      54
      51
      54
      47
      48
      41
      39
      46
      47
      45
      42
      31
      36
      35
      48
      51
      38
      45
      44
      51
      54
      43
      28
      47
      37
      42
      41
      38
      53
      37
      50
      44
      53
      44
      35
      39
      42
      41
      43
      47
      33
      46
      53
      53
      55
      41
      33
      39
      48
      44
      35
      47
      49
      47
      43
      55
      35
      49
      53
      41
      40
      39
      44
      50
      35
      43
      52
      46
      39
      39
      43
      44
      41
      42
      46
      45
      35
      42
      33
      42
      37
      39
      41
      50
      31
      44
      34
      38
      56
      48
      36
      50
      45
      48
      52
      39
      44
      51
      41
      54
      53
      40
      50
      33
      43
      57
      40
      57
      55
      46
      38
      45
      43
      47
      38
      46
      26
      50
      40
      53
      36
      39
      47
      42
      42
      38
      47
      57
      35
      39
      40
      43
      38
      46
      38
      40
      33
      34
      41
      30
      46
      45
      57
      28
      38
      39
      40
      38
      47
      50
      36
      48
      41
      45
      47
      46
      46
      46
      46
      48
      44
      40
      41
      69
      54
      35
      46
      49
      56
      53
      41
      51
      55
      43
      61
      56
      54
      48
      55
      32
      65
      36
      39
      39
      43
      38
      47
      42
      41
      45
      46
      41
      43
      50
      43
      52
      50
      44
      40
      40
      49
      47
      36
      32
      41
      40
      48
      43
      40
      45
      46
      41
      29
      45
      38
      50
      30
      50
      56
      54
      51
      55
      36
      45
      54
      37
      59
      42
      42
      49
      44
      33
      54
      51
      56
      45
      46
      54
      46
      61
      72
      66
      52
      48
      42
      61
      52
      46
      55
      41
      56
      50
      41
      52
      54
      45
      58
      63
      52
      54
      59
      47
      37
      41
      42
      41
      46
      45
      43
      60
      38
      51
      31
      38
      35
      52
      28
      34
      35
      37
      36
      29
      29
      33
      39
      39
      31
      34
      25
      27
      34
      35
      28
      31
      25
      33
      30
      31
      23
      27
      28
      24
      23
      19
      25
      24
      25
      19
      20
      21
      27
      20
      23
      19
      18
      20
      23
      27
      19
      11
      25
      25
      20
      18
      19
      21
      28
      24
      20
      24
      27
      19
      19
      21
      23
      23
      29
      42
      29
      23
      20
      20
      29
      28
      28
      21
      29
      40
      46
      41
      34
      30
      52
      48
      62
      70
      72
      71
      84
     102
      94
     108
      96
     125
     116
     126
     141
     130
     124
     127
     140
     152
     140
     157
     158
     179
     151
     185
     156
     164
     154
     153
     148
     160
     145
     140
     143
     122
     130
     112
     128
     109
     103
      84
      96
      74
      72
      61
      62
      69
      65
      52
      44
      41
      39
      38
      38
      33
      27
      29
      23
      26
      23
      16
      29
      21
      17
      13
      17
      11
      13
      21
      13
      11
      17
      11
      18
       7
      10
      17
      20
      10
      12
      11
      18
      14
      15
       8
      10
      15
      14
      16
       9
      14
      17
      14
      10
      11
      17
      18
      13
      15
      16
      16
      13
       6
      11
      11
      12
       6
      17
      16
      15
       7
      20
      13
      15
      19
      14
       7
      15
      15
      13
       9
      10
      22
      12
      12
      10
       9
       7
      16
      11
      11
      10
      15
      10
      13
       9
      12
      10
      12
       8
       8
      14
      12
      18
       7
      15
      12
      12
      13
      10
      10
      16
      12
      19
      16
      14
      16
       8
      14
      15
      12
      11
      11
      18
      12
       8
      12
       9
       9
      11
      17
       9
       7
      16
       9
       8
      13
      13
      10
      12
      10
      13
      10
      13
       8
      12
      11
      10
      13
      13
      10
       9
      13
      10
      12
      14
      19
       8
      14
      13
      19
      10
      13
      12
      14
       8
       8
      14
       7
      18
      12
      10
      12
       8
      11
      14
      12
       8
      11
      15
      13
      11
      12
      11
       9
       7
      10
      11
      15
      12
      10
      10
      12
      13
      12
      12
       9
       8
      10
       9
      16
      12
      10
      16
      13
       6
      12
      11
      18
      14
      13
      12
       9
      11
      15
       8
      10
       6
      11
      16
      13
      15
      11
      17
      16
      10
       7
       9
      12
      10
      14
       9
       5
       9
      11
      11
      18
       9
       8
       9
       7
      17
      14
       6
      10
      11
       9
      14
      11
      16
      10
       6
      12
      10
       6
      12
      13
       9
       7
      14
      10
       8
      13
       9
       9
       9
      20
      13
      16
      11
      11
      11
       9
      15
      16
      15
      12
      14
       8
       9
       3
       5
       7
      11
      10
      13
      12
       6
       8
      12
      10
       9
       7
      10
      16
       9
      10
      10
      13
       5
       9
       5
      13
       9
       5
       8
       8
      10
       9
       7
       9
       9
       6
      12
      10
       6
       6
       8
      16
       9
       8
       8
       9
       8
      11
      10
       6
       8
      16
      13
      10
      11
      10
      10
      11
      16
      14
      10
      15
       9
      11
       8
      14
      11
      10
      15
      14
      11
      13
      13
      14
      12
      15
       6
      10
       9
      16
       6
      14
       8
      12
      14
       7
      15
      12
      13
      10
       8
      15
       8
      16
      14
      12
      11
      14
      12
      11
      13
       7
      15
      10
      12
      11
      13
      12
       6
      12
      11
       6
       9
      13
       9
      10
       6
      14
       8
       7
       6
       5
       7
      10
      12
       5
      16
      11
       5
       8
      14
      11
      16
       8
       9
       9
       8
       8
      13
      12
      15
      17
      16
      16
      11
      15
      11
      11
      15
       7
      13
       9
       6
      11
      11
      12
      10
      15
      12
       7
      17
      14
      14
      15
      16
       6
       8
       4
       8
      16
      12
       7
       9
      17
      12
      13
      13
      10
      11
       6
      10
      12
       6
      12
       8
       9
       9
       8
       5
       7
       4
      14
       8
       8
       8
       9
       4
       7
       7
       8
      11
       9
      10
      13
      15
       6
       7
       8
       3
       4
       7
      11
       5
      10
      11
       7
       5
       7
       7
       8
      10
       9
      11
       6
       5
       8
       4
      10
      10
       9
      11
       2
       9
       6
      15
      10
      10
       9
       8
       9
       7
       9
      11
      11
       6
      13
       8
      11
      10
       7
       9
       9
      10
       7
      13
       6
      14
       9
       7
       4
      11
       7
       7
      12
       4
      13
       8
      10
      15
      12
       4
      12
       9
       9
       9
       9
      11
       8
       9
       5
      12
      11
      10
       8
      10
       9
       9
       6
       6
       6
       8
       7
       7
      10
       9
       8
      10
      11
       5
       6
      13
       7
       9
      16
      10
      13
       7
      17
       9
       2
       9
      14
       9
       9
       2
       7
      12
       7
       6
       5
      17
       6
       8
      11
       8
       9
       5
      13
       6
      10
       4
       9
       8
       9
      13
      11
      11
       8
      10
       6
      13
       8
       4
       8
       8
      11
      12
      12
       8
       3
      10
      12
      11
      10
       7
       5
      12
      12
       5
       8
       6
       8
       5
      15
       9
      13
       7
       6
      15
      14
       5
       7
       6
       9
      10
      11
      10
       8
      11
       5
      10
       8
       6
       8
       7
      14
      11
      11
      10
      10
      10
      10
      18
       8
       7
       8
       4
       6
      11
      11
       7
       7
       7
      11
       9
      11
      15
      12
      11
       7
       8
      13
      10
       8
       6
      11
       6
       6
      10
       5
       8
       7
       6
       4
      10
      13
       7
       6
      10
      10
      11
      14
       4
       9
      12
       8
      11
       7
       6
       8
      14
       9
       9
      12
       5
      11
      14
       8
       4
       8
       6
      10
      11
      11
      10
      13
       7
       8
       6
       7
       7
      12
       8
      11
       8
      10
       7
       4
       7
       7
       8
      12
      11
       8
       4
       7
       7
      12
       7
      10
       9
       9
      10
      13
      10
       7
       5
       9
      15
      14
      10
       9
       9
       8
      15
      14
       8
      13
       5
       8
      12
      22
       9
       7
      12
      13
       7
       9
      10
      14
       9
      13
      13
      11
      12
       6
       7
       9
      15
      11
      10
       6
      13
      11
      10
       9
       7
      12
      12
       6
      10
       8
      15
      14
      11
      10
      15
      14
       9
      11
      11
       6
       6
       3
       5
       7
      13
      11
      14
      13
       9
      12
       9
       8
       8
      17
      10
       8
       7
       9
       4
       7
       8
      13
      10
       8
       5
       5
       6
      17
      10
      11
      16
       6
       5
      12
       8
      10
       6
      12
      14
      11
      11
       8
      11
      11
       9
       4
      14
      12
      14
      11
      12
      15
      12
       7
       6
      16
       5
       7
      14
       7
      10
       4
       9
       5
      12
      13
       8
       6
      10
      10
       7
      10
       9
       9
      16
      14
       6
       7
       7
      14
      14
       9
      16
      11
      10
      15
      10
       9
      11
      15
      12
       8
      13
      14
      17
      10
       9
      11
      11
      10
       5
       9
      16
      13
      16
      10
      12
       7
      14
       9
      11
      12
      15
      15
      16
      11
       7
       9
      14
       6
       7
      14
      14
      10
       8
      11
       5
      12
      12
       8
      13
       9
      12
      19
      12
      14
       8
       8
      14
      17
       9
       9
       9
      11
      10
      10
      16
      16
      15
      13
      10
       9
       6
      12
      14
      15
       8
       7
      11
      11
       8
       7
       9
       8
      13
      14
      12
      10
      10
      10
      11
      12
      13
      17
      10
      10
       9
      16
      19
      16
      13
      12
       9
       7
       8
       8
      13
       9
      13
       6
      13
      16
       7
      12
      12
      19
      11
      10
      15
       9
       9
      13
      12
      10
      10
      11
      14
      10
       9
      12
      12
      10
       6
      19
      21
       6
       8
       9
      14
      16
      10
      10
      15
       8
      14
       9
      13
       7
      11
       8
       7
       7
      15
      16
      11
      10
       9
       9
      11
      11
       8
      11
       5
       7
      11
      12
       8
      11
      11
       7
      11
      10
       6
       6
      11
      10
       6
      10
       9
       8
      11
      10
      13
      11
       6
       8
      11
       9
       5
      17
       9
       9
      13
       6
      13
      15
       5
       9
       8
       8
       7
      14
       5
      10
       8
       6
      12
       5
       7
      12
       7
       9
      10
      11
       2
      14
       8
       9
      11
      11
       9
       7
      13
       9
       9
      16
      15
       9
      12
      16
       7
      16
       8
      12
       7
      16
       9
      10
      11
      10
       7
      10
      14
       9
      10
      12
      11
       9
      12
       9
       6
      11
      13
       8
      13
      12
       8
      19
      13
       5
      11
      11
       6
      11
      12
       6
      13
      16
       4
      12
      10
      12
       4
      18
      10
      17
      12
       9
      10
       7
      11
       8
       6
       1
       0
       0
       0
       0
       0
       0
       0
       0
       0
       0
       0
       0
       0
       0
       0
       0
       0
       0
       0
       0
       0
       0
       0
       0
       0
       0
       0
       0
       0
       0
       0
       0
       0
       0
       1
       0
       0
       0
       0
       0
       0
       0
       0
       0
       0
       0
       0
       0
       0
       0
       0
       0
       0
       0
       0
       0
       0
       0
       0
       0
       0
       0
       0
       0
       0
       0
       0
       0
       0
       0
       0
       0
       0
       0
       0
       0
       0
       0
       0
       0
       0
       0
       0
$ROI:
1
712 830
$PRESETS:
None
0
0
$ENER_FIT:
-23.656767 2.297974
$MCA_CAL:
3
-2.365677E+001 2.297974E+000 2.836717E-005 keV
$SHAPE_CAL:
3
0.000000E+000 0.000000E+000 0.000000E+000
