$SPEC_ID:
No sample description was entered.
$SPEC_REM:
DET# 1
DETDESC# DESKTOP-I499GD2 Easy-MCA-2k SN 18191655
AP# Maestro Version 7.01
$DATE_MEA:
02/27/2024 12:00:37
$MEAS_TIM:
45 45
$DATA:
0 2047
       0
       0
       0
       0
       0
       1
       6
      14
     302
      81
      89
     102
     100
      99
     103
      97
     105
     117
     106
     102
     116
     125
     108
     125
     111
     106
     119
     126
     124
     140
     168
     167
     185
     159
     172
     155
     150
     169
     140
     135
     182
     186
     193
     194
     185
     189
     199
     183
     203
     231
     267
     278
     285
     278
     299
     262
     250
     261
     257
     289
     302
     376
     380
     456
     428
     491
     451
     426
     334
     297
     276
     223
     236
     259
     266
     244
     245
     266
     258
     243
     255
     288
     259
     226
     257
     261
     266
     244
     263
     267
     256
     246
     255
     266
     238
     250
     266
     244
     220
     233
     200
     233
     242
     264
     228
     240
     240
     249
     211
     233
     233
     229
     228
     232
     197
     206
     199
     182
     200
     198
     211
     199
     193
     181
     196
     193
     185
     185
     207
     176
     190
     194
     188
     169
     196
     161
     166
     178
     167
     163
     154
     174
     179
     166
     162
     170
     150
     151
     158
     143
     162
     126
     170
     135
     135
     131
     153
     139
     118
     130
     127
     131
     146
     138
     127
     133
     132
     128
     138
     124
     130
     123
     118
     113
     119
      97
     136
     135
      90
     112
      95
     127
      99
     102
     105
     107
     131
      87
     121
     123
     108
     102
      91
     117
     102
     105
     126
     104
     108
      88
     121
     109
      88
     103
     110
     108
     114
      93
     103
     106
     108
     104
     115
     109
     125
     147
     129
     160
     149
     164
     182
     192
     210
     217
     209
     272
     255
     252
     255
     268
     262
     270
     284
     252
     214
     223
     183
     180
     164
     165
     160
     132
     110
      94
     102
     104
     105
     103
      85
      72
      81
      68
      66
      82
      82
      81
      72
      62
      90
      78
      69
      82
      59
      67
      74
      78
      66
      60
      74
      68
      71
      74
      90
      61
      57
      56
      67
      61
      75
      72
      76
      64
      61
      48
      76
      63
      61
      58
      69
      61
      60
      72
      79
      58
      68
      60
      78
      69
      72
      67
      59
      61
      68
      69
      63
      54
      78
      55
      61
      62
      59
      53
      63
      75
      74
      62
      60
      61
      55
      61
      59
      63
      59
      56
      63
      65
      60
      67
      67
      67
      51
      72
      55
      59
      56
      53
      59
      64
      56
      55
      51
      59
      72
      58
      51
      48
      55
      38
      45
      57
      59
      58
      51
      61
      58
      49
      42
      47
      60
      51
      48
      46
      47
      49
      51
      51
      42
      47
      67
      52
      61
      46
      56
      58
      41
      44
      41
      61
      50
      58
      54
      53
      47
      46
      52
      70
      55
      48
      48
      44
      42
      52
      45
      59
      41
      32
      60
      45
      60
      54
      40
      42
      51
      48
      46
      49
      47
      58
      48
      46
      56
      47
      44
      60
      61
      39
      57
      51
      56
      49
      46
      41
      43
      50
      45
      42
      50
      47
      54
      52
      45
      45
      49
      46
      51
      57
      45
      56
      36
      41
      43
      47
      52
      40
      42
      48
      46
      48
      46
      47
      53
      46
      49
      41
      45
      29
      38
      45
      37
      38
      45
      53
      46
      55
      45
      53
      42
      38
      46
      44
      39
      45
      47
      35
      46
      31
      46
      47
      41
      59
      55
      57
      47
      47
      56
      46
      55
      55
      50
      51
      48
      55
      39
      47
      50
      43
      52
      48
      48
      53
      46
      45
      44
      41
      46
      32
      54
      46
      52
      46
      50
      34
      36
      37
      39
      62
      44
      43
      50
      43
      45
      46
      52
      48
      38
      37
      37
      35
      56
      36
      45
      34
      44
      42
      54
      55
      51
      47
      50
      56
      49
      53
      50
      57
      51
      53
      55
      49
      51
      62
      63
      59
      50
      62
      62
      44
      56
      48
      74
      50
      62
      44
      65
      44
      56
      55
      53
      64
      51
      43
      51
      49
      51
      57
      42
      42
      50
      48
      40
      43
      40
      52
      45
      53
      46
      46
      49
      49
      57
      60
      43
      32
      52
      61
      50
      57
      49
      42
      39
      50
      37
      43
      40
      51
      59
      41
      50
      46
      40
      38
      46
      56
      49
      57
      45
      47
      39
      40
      53
      49
      44
      37
      57
      57
      53
      50
      53
      62
      56
      49
      55
      70
      62
      43
      53
      56
      46
      64
      51
      51
      56
      60
      54
      62
      51
      53
      46
      49
      41
      60
      59
      39
      45
      46
      47
      52
      57
      60
      57
      46
      55
      35
      47
      48
      32
      36
      30
      32
      36
      43
      23
      36
      31
      40
      24
      27
      38
      31
      26
      30
      38
      31
      27
      30
      32
      26
      31
      24
      38
      28
      34
      28
      25
      13
      27
      32
      20
      21
      25
      25
      16
      26
      27
      29
      35
      32
      22
      25
      28
      22
      25
      27
      14
      27
      25
      17
      20
      25
      24
      21
      22
      34
      16
      28
      27
      29
      31
      29
      30
      31
      34
      31
      35
      26
      28
      45
      41
      44
      42
      61
      54
      45
      59
      79
      76
      66
      86
     105
      98
     107
     105
     114
     112
     107
     144
     126
     141
     136
     153
     168
     159
     169
     187
     179
     181
     150
     173
     172
     165
     153
     175
     183
     172
     134
     151
     152
     136
     152
     130
     147
     124
     107
      94
     102
     106
      92
      67
      79
      67
      64
      47
      49
      50
      52
      39
      36
      34
      34
      32
      39
      32
      24
      23
      23
      20
      18
      23
      18
      17
      26
      15
      13
      13
      12
      22
      14
      17
      19
      17
      16
      18
      20
      17
      14
      16
      15
      20
      13
      16
      16
      16
      22
      14
      14
      19
       6
      14
      11
      12
      12
      14
      16
      10
      12
      13
      15
      15
      16
      15
      17
      13
      22
      15
      15
      11
      14
      15
      13
      21
       5
       8
      13
       9
      10
      12
       9
      15
      10
      14
      17
      18
      12
      15
      12
      17
      16
      17
      18
      20
      12
      19
      13
      15
      10
      13
      17
      24
      15
      15
      11
      12
      19
      13
      18
      15
      10
      10
      14
      13
      13
      19
      12
      11
      15
       9
      14
      15
      21
      21
      13
       8
      13
      14
       7
      16
      13
       9
       8
      21
      15
      15
      12
      17
      16
       8
      12
      10
       6
      17
      14
      12
      11
      11
      16
      18
      10
      16
      14
      11
      11
      21
      10
      13
      13
      19
      15
      17
       7
       5
       9
      23
      11
      14
      18
      12
      13
      12
      12
      11
      14
       9
       6
      12
      12
       3
       9
       9
      13
      15
      10
      13
      14
      16
      11
       8
      15
      10
      15
      12
      12
      14
      14
      11
       9
      15
      12
      15
      16
      17
      13
      11
      15
       8
      18
      10
       8
      12
      16
      11
      14
      25
      15
      20
      12
      14
      13
      16
      13
      15
      14
      19
      15
      12
      11
      15
       7
      12
      16
      14
      11
      11
      11
      10
      11
      10
      16
      20
      15
       7
      15
       6
      19
       9
      12
       8
      10
       9
       8
       9
      13
      11
      12
      14
      11
      12
      10
      18
      13
      11
      12
      12
      10
       7
      13
       3
      18
      18
      11
      11
      12
       6
       8
      11
      17
      11
       8
      15
      13
      11
       8
       9
      12
      12
      11
       6
      14
      11
      20
      16
      10
      13
       9
      10
      10
       2
      10
       7
      12
      13
      16
      19
      14
      15
      11
       9
      14
      12
      15
       9
      17
      21
      10
      11
      10
       8
       9
       6
      10
      11
       8
      11
       5
      17
       6
       7
      10
       5
      13
      16
      12
       7
      11
      12
      12
       8
       8
      12
      10
       8
      14
      10
       6
       9
       8
      10
       9
       8
      16
      11
      15
      14
       7
      10
      12
      12
       9
      13
      13
      10
       5
      16
      12
      12
       8
       7
      11
      14
      12
       7
      10
      11
       8
      11
      11
      12
      19
       8
       8
       8
       6
       6
      10
      13
      10
      11
       9
      11
       9
      12
      11
      11
      14
       7
      12
       8
       9
      15
       6
      19
      14
      15
      19
      15
      13
      14
       5
      11
       8
      15
      16
      16
      13
      12
      15
      14
      13
      19
      14
      12
      10
      10
      17
      12
       5
      12
      16
      14
      14
       8
      13
      14
      11
      16
      18
       7
      10
      13
      13
      15
      18
      15
       7
      14
      11
      13
      11
      12
      13
       9
      10
       6
      11
      10
      10
      15
      10
       9
      11
      13
       6
      15
      13
       2
       8
      11
       8
       7
       9
      22
      13
      14
       6
       8
      10
       6
       5
       9
      18
      14
      19
       7
       9
      19
      16
       5
       7
      10
       8
       9
       7
       8
       7
       9
      10
       2
      10
      11
       7
       9
       8
      14
      13
       9
      12
       6
      12
       7
      13
       8
       4
      11
       8
       8
      10
       6
       7
      15
      13
       4
       6
      13
      11
       4
       9
      13
      12
      10
      10
       6
       4
      12
       6
      13
       6
       9
      16
      16
      12
       8
       5
      11
      11
      11
       6
      13
      15
       7
      13
       8
       9
      10
       8
       9
       5
       5
       7
       6
       9
       5
       3
      16
      13
      13
      21
      19
       6
       9
       7
      10
      10
       7
      11
      13
       9
      10
      12
       9
      18
       6
       3
       8
      10
       7
       8
       9
       8
      11
      13
       8
       9
       8
      10
       8
       8
       4
       9
      13
      15
      13
       8
      10
      10
       4
      10
      12
      11
      14
       9
      13
      13
       8
       5
      20
      10
      16
      10
      12
       8
       6
       7
       9
       9
       7
       9
       5
      10
       3
       5
       6
       7
       6
       8
       8
      12
       5
       8
      13
       3
       9
       9
       9
      13
       7
      10
      14
       9
       8
      11
       9
      10
      12
      12
      13
       8
       7
       7
      10
      12
       6
      12
       9
      10
      12
      10
       9
       5
      10
      12
      15
       4
      13
       8
       9
      10
       8
      11
       6
      14
       8
      10
       9
       8
      11
       8
       4
       7
      10
       8
      11
      12
       7
       8
      14
       8
      10
       9
      12
      19
      10
      12
       8
      11
      10
      10
      13
       9
       8
      14
      10
       9
      11
      14
       9
      14
       8
      11
      17
       7
       8
       5
       6
      10
      13
      12
       9
       9
       9
      14
      14
       9
      15
       8
       9
       9
      10
      10
      11
       7
       9
      12
      14
      11
       5
       7
      15
       9
       9
      12
       9
      16
       9
      10
      10
      12
       8
       6
       6
       9
      13
       7
      12
      10
      12
      11
      13
      10
       7
       8
      12
       7
      13
      22
       7
       9
      13
      13
      15
       9
       7
      17
      17
      10
       6
      11
       9
       5
       9
      13
      10
      10
      17
      11
      11
      10
      11
      10
       9
      10
       9
      11
      11
      11
      10
      12
       7
       7
      12
      10
      13
      12
       8
       8
      11
      12
       7
       9
      10
       6
       6
      11
       8
      10
      12
       7
       7
       9
      13
      11
      16
       7
      10
       8
      12
      10
      13
      10
       7
       3
      10
       6
       8
       5
      12
      10
       9
      11
       7
       5
      12
      11
       9
      14
      22
      10
       8
      14
      10
      17
      10
       9
       5
      10
      11
      11
      10
      18
      10
      12
      10
      10
       9
       9
      15
      14
      12
       8
       8
      14
      11
       9
      16
       9
       7
      12
       7
      10
       9
      16
       9
      17
      14
      14
       7
      14
      15
      10
       8
       8
      17
       7
      15
       9
      14
       9
      12
      10
      12
      12
       5
      14
       9
      11
       8
       6
       7
       9
      13
      10
       9
       8
      13
      18
      11
      11
      13
       7
      12
      16
       9
      20
      11
      12
      10
      14
       9
      12
      17
       8
       5
      11
      13
      16
      13
      10
      10
      15
      15
      15
      11
      12
      11
      11
       9
      13
      19
      13
      12
      10
       9
      16
      13
      13
       8
      13
       8
       9
      10
      13
      12
      14
      12
      13
       8
       9
      12
       8
      15
      11
      14
       6
      16
      12
      17
      13
      13
      12
      13
       8
      14
      19
      16
      18
      13
      12
       6
      15
      18
      18
      15
      11
      10
      11
      16
      11
      13
      10
      16
      10
      16
      10
      16
      10
      13
       7
      17
      13
      13
       8
      15
      20
      18
      16
      12
      18
      15
       8
      11
      13
      12
      11
       8
      10
      19
      10
      14
       6
      13
       9
      14
      11
       9
       7
      11
      11
       9
       7
      20
       8
      12
       7
      15
       7
      16
       5
      12
       8
       8
      16
      12
      17
       7
      10
       9
      11
      15
      13
      16
      16
       8
       6
      15
      13
       8
      13
      11
      13
      10
      13
       7
      10
      13
      10
      10
       7
      10
       6
      11
       8
      14
       6
      13
       9
      12
      14
       9
      13
       9
      14
       9
       6
       9
       8
      11
       9
       6
       8
      14
      11
      12
       7
       7
       5
      14
      13
       6
      16
      10
      15
      14
      13
      13
      15
      13
       6
      11
      12
       9
      15
       6
      14
      10
      10
      15
       9
       8
       7
      10
      16
      14
      11
      10
      10
       8
       9
       4
      11
       5
       5
       6
      10
      18
      12
       8
      10
       9
      11
      12
      13
       9
      10
      12
      11
      13
      10
       9
      15
      10
      16
      11
       9
      15
       7
      18
       9
       0
       0
       0
       0
       0
       0
       0
       0
       0
       0
       0
       0
       0
       0
       0
       0
       0
       0
       0
       0
       0
       0
       0
       0
       0
       0
       0
       0
       0
       0
       0
       0
       0
       0
       0
       0
       0
       0
       0
       0
       0
       0
       0
       0
       0
       0
       0
       0
       0
       0
       0
       0
       0
       0
       0
       0
       0
       0
       0
       0
       0
       0
       0
       0
       0
       0
       0
       0
       0
       0
       0
       0
       0
       0
       0
       0
       0
       0
       0
       0
       0
       0
       0
       0
$ROI:
1
712 830
$PRESETS:
None
0
0
$ENER_FIT:
-23.656767 2.297974
$MCA_CAL:
3
-2.365677E+001 2.297974E+000 2.836717E-005 keV
$SHAPE_CAL:
3
0.000000E+000 0.000000E+000 0.000000E+000
