$SPEC_ID:
No sample description was entered.
$SPEC_REM:
DET# 1
DETDESC# DESKTOP-I499GD2 Easy-MCA-2k SN 18191655
AP# Maestro Version 7.01
$DATE_MEA:
02/27/2024 11:58:58
$MEAS_TIM:
44 44
$DATA:
0 2047
       0
       0
       0
       0
       0
       1
       4
      12
     316
      85
     108
     103
      97
     101
     108
     109
     110
     121
      98
     130
     106
     111
     109
     127
     120
     110
     105
     139
     128
     146
     152
     150
     152
     196
     165
     163
     155
     168
     152
     166
     165
     148
     175
     166
     185
     183
     240
     213
     222
     259
     223
     252
     274
     275
     308
     285
     281
     273
     286
     284
     298
     347
     399
     465
     503
     500
     452
     441
     359
     316
     261
     248
     222
     267
     221
     220
     249
     252
     228
     243
     257
     226
     277
     249
     279
     265
     266
     242
     247
     274
     274
     283
     251
     230
     229
     233
     250
     245
     234
     203
     214
     229
     264
     239
     230
     234
     271
     236
     203
     228
     220
     233
     235
     232
     227
     232
     226
     208
     155
     197
     187
     207
     202
     182
     183
     199
     194
     169
     195
     183
     162
     181
     201
     165
     178
     175
     184
     175
     178
     169
     158
     174
     153
     153
     159
     168
     153
     156
     149
     146
     158
     144
     162
     157
     131
     140
     151
     149
     120
     138
     136
     129
     131
     123
     114
     127
     125
     109
     139
     125
     125
     132
     120
     107
     142
     102
     114
     113
     117
     105
     103
     113
     111
      90
      98
     110
     107
      82
     111
      99
     110
     100
     114
     118
      97
     117
     117
      83
      91
      89
     117
     110
     100
     121
     113
      97
      96
     102
      98
     112
      96
     136
     113
     123
     120
     112
     123
     138
     147
     157
     191
     182
     166
     195
     231
     220
     232
     252
     259
     249
     270
     263
     283
     259
     231
     253
     187
     207
     172
     165
     181
     149
     104
     101
      93
      92
      91
      58
      89
      79
      84
      64
      78
      55
      73
      74
      68
      64
      57
      73
      60
      85
      69
      76
      76
      68
      63
      63
      62
      69
      69
      65
      75
      62
      66
      70
      66
      60
      80
      57
      70
      58
      65
      85
      71
      68
      74
      66
      88
      60
      73
      48
      71
      53
      59
      67
      59
      57
      57
      62
      62
      63
      54
      61
      57
      60
      52
      63
      53
      52
      42
      56
      50
      70
      57
      80
      66
      73
      47
      50
      72
      69
      85
      77
      68
      57
      63
      55
      60
      70
      76
      63
      55
      59
      55
      67
      64
      50
      71
      68
      50
      65
      45
      49
      60
      51
      62
      56
      55
      48
      55
      73
      49
      50
      54
      57
      57
      57
      61
      54
      64
      63
      52
      58
      52
      53
      54
      55
      55
      52
      49
      50
      59
      57
      63
      50
      61
      59
      75
      45
      48
      53
      43
      52
      47
      52
      43
      50
      70
      46
      51
      37
      51
      44
      46
      45
      54
      45
      51
      42
      59
      45
      49
      53
      52
      48
      46
      43
      51
      48
      66
      47
      43
      43
      49
      46
      42
      58
      39
      35
      51
      43
      54
      38
      48
      46
      39
      49
      40
      47
      51
      49
      63
      45
      38
      38
      41
      35
      44
      42
      50
      42
      42
      47
      62
      38
      41
      46
      37
      50
      43
      47
      55
      36
      38
      41
      50
      54
      48
      40
      42
      45
      54
      44
      41
      33
      49
      37
      49
      41
      43
      66
      42
      48
      65
      42
      37
      37
      49
      47
      52
      52
      46
      45
      53
      60
      52
      38
      35
      38
      48
      49
      46
      45
      47
      45
      69
      47
      40
      45
      48
      43
      47
      48
      47
      42
      57
      43
      45
      50
      38
      45
      48
      43
      47
      33
      57
      47
      40
      39
      42
      46
      45
      39
      43
      47
      34
      44
      38
      42
      44
      59
      38
      58
      46
      50
      46
      48
      59
      42
      44
      41
      41
      49
      49
      47
      58
      58
      48
      63
      58
      64
      61
      46
      47
      49
      48
      57
      47
      58
      59
      53
      52
      59
      48
      58
      46
      51
      50
      48
      56
      53
      53
      34
      47
      55
      53
      48
      41
      50
      51
      59
      57
      55
      53
      44
      55
      52
      57
      45
      46
      52
      47
      52
      40
      46
      48
      44
      60
      43
      62
      50
      40
      44
      32
      59
      36
      55
      48
      52
      49
      45
      47
      42
      30
      48
      51
      53
      56
      40
      50
      58
      53
      44
      54
      48
      72
      49
      61
      46
      61
      52
      45
      43
      44
      53
      55
      58
      46
      61
      50
      66
      61
      51
      55
      46
      62
      48
      55
      52
      59
      48
      65
      59
      51
      49
      61
      36
      54
      55
      55
      46
      46
      50
      57
      39
      55
      40
      44
      46
      39
      39
      34
      49
      26
      25
      37
      26
      38
      24
      23
      33
      27
      37
      31
      18
      19
      17
      24
      25
      26
      28
      24
      30
      34
      33
      33
      25
      26
      20
      23
      20
      26
      26
      18
      21
      25
      22
      33
      32
      31
      25
      23
      18
      20
      27
      22
      15
      19
      19
      21
      20
      23
      24
      23
      28
      21
      23
      24
      28
      28
      38
      32
      33
      27
      33
      34
      50
      45
      53
      38
      46
      52
      55
      90
      73
      63
      74
      87
     105
     109
     111
     123
     132
     149
     131
     131
     152
     177
     153
     181
     174
     140
     194
     200
     186
     166
     185
     181
     184
     158
     180
     170
     167
     179
     152
     130
     131
     141
     122
     134
     109
     106
      94
      99
      80
      78
      76
      74
      60
      55
      59
      62
      52
      50
      23
      37
      34
      29
      39
      25
      28
      24
      23
      22
      28
      23
      14
      18
      20
      17
      17
      13
      17
      15
      13
      20
      10
      14
       8
      17
      11
      13
      13
      11
      11
      19
      11
      13
      16
      18
      13
      21
      12
       7
      16
      13
      12
      13
      14
      17
      19
      10
      11
       9
      11
      16
      10
       9
      14
      20
      20
       9
      14
      15
      19
      10
      12
      20
      13
      13
      13
      16
      18
      12
      14
      10
       9
      12
      10
      10
      25
      15
      17
      11
      16
      11
      19
       9
      13
      14
      23
      18
      10
       6
       9
      10
      15
      17
      16
       9
      14
      16
      10
      13
      10
       8
      11
      13
      10
      15
      19
       9
      15
       9
      10
      18
      15
       8
       8
      11
      12
      16
      11
      13
       3
      14
      13
      10
      15
       8
      11
       7
      15
       8
      10
      13
       8
      12
      10
      11
      15
      12
      11
      15
       8
      10
       8
      11
      12
      16
       9
      10
      13
      14
      16
       7
       9
      12
       8
      13
      13
      16
      14
      12
       9
      14
      15
       9
      10
       5
      13
      14
      14
       7
      10
      11
      14
       3
      10
      16
       7
      15
       8
      16
      12
       8
      11
      16
      14
      15
      10
      17
      11
       6
      20
       6
      12
      13
      14
      19
      13
      13
      13
      14
      15
      11
      18
      19
      12
      19
      22
      13
      10
       9
      13
      11
      17
      11
      13
      19
       6
      13
      13
      10
      11
      15
      12
      10
       6
      11
      16
       8
       4
       9
      15
      10
      10
      10
       7
       9
      14
      16
       7
      12
      14
      11
      11
      12
       9
      12
      11
      11
       7
      11
       7
       7
      14
      16
       8
      15
       5
      11
      14
       8
      15
       7
      13
       9
      12
      11
      15
      11
      14
      10
      12
      14
      11
      12
      10
      18
       9
      12
      14
       8
       8
       8
       9
      12
      14
      12
       8
      12
      14
      14
       8
      14
      13
      10
      13
      14
      11
       8
      10
      11
      12
      13
       6
      10
      11
      13
      12
      13
      11
      10
       8
       8
      11
      14
       9
       8
      11
       5
       8
      14
      10
      10
      13
       8
       8
      14
       7
      15
      11
      17
       8
      10
      10
       8
       8
       9
      11
      13
      13
      11
      13
       4
       6
      12
      11
      10
      11
       9
      14
      11
       9
      20
      14
       6
      12
      14
       7
      11
       8
       7
      14
      10
      15
       7
      11
      12
       7
      11
      14
       8
      11
       7
      11
       9
      13
      14
      11
      14
       6
       6
      15
      15
      11
       8
      16
       8
      13
      16
       6
      10
       5
      10
      16
      12
       7
       8
      12
      16
      14
      10
      17
      13
      13
      18
       8
      10
      11
      16
      13
      17
      19
      13
      19
      15
      13
      22
      18
      18
      12
      17
       9
      14
       6
      18
      14
      18
      10
      13
      10
      20
      13
      16
      17
      12
      18
      20
      13
      12
      16
      16
      11
      12
      16
      10
       5
      11
       9
       7
      14
       6
      10
      12
      13
      11
       7
      10
       8
      10
      10
       6
      14
       7
       9
       8
      12
      12
      13
      13
       9
      17
       9
       5
      12
      11
       8
       8
       9
       7
       6
      15
      16
       7
       7
       9
       4
      10
       9
       6
      12
       7
       5
       8
      11
       6
      16
      12
       4
      15
      14
      11
      10
      13
      11
       9
       7
      11
      11
       8
       6
       7
      14
      11
      11
       9
       7
      10
       9
       8
       8
       8
      10
      10
       9
       9
       4
       9
      13
       9
      10
      13
      13
       9
      17
      12
       7
       8
      15
       6
       9
       9
       8
      14
       7
      13
       8
       3
      10
      15
       8
      14
       9
       6
      12
      13
       6
       9
       6
       7
       8
       9
       4
       9
      13
       9
       8
      13
       9
      12
      12
      10
       7
       9
       7
      12
      13
       8
       8
      10
       7
       9
       5
       4
       8
      11
      11
       9
       5
       5
       3
       5
       8
       9
       6
       5
       8
       8
      10
       7
       8
       7
      10
      12
      11
       4
       5
       6
       5
       6
       9
       7
       7
      11
      17
      14
      12
       6
       9
       7
       7
      12
      11
       9
       8
      11
       6
      12
       7
       6
      10
      10
      10
      12
       5
       5
      11
       8
      15
      14
       7
       6
      12
      17
       6
       7
       6
       8
       8
      14
      11
       8
       7
       6
      13
      12
       7
       7
       7
       7
       8
      12
      13
       5
      11
       9
      11
       8
      12
       8
      11
      13
      12
      10
       7
       7
       6
       5
       7
      13
      10
      14
       9
       8
      12
       6
       7
       5
       9
       7
      20
       8
      11
      12
      11
       6
      10
       8
       7
      11
       9
       5
       7
      16
      13
      14
       5
       6
      14
       6
      13
       7
       8
       6
      11
       6
       9
      12
      10
      15
      15
       6
       7
      12
      11
      12
       3
       7
       6
       7
      11
       6
       9
       9
      13
      11
      14
       9
      15
      11
       8
       8
       5
       8
       3
       8
      10
      11
       5
       9
       7
       7
      11
       9
      12
      12
       8
      20
       6
       6
       9
      19
       9
       6
       8
       7
      15
       8
      15
      12
      11
      12
      16
       7
      14
      14
      12
       9
      12
      12
       8
      11
       5
      10
      12
      10
      13
       5
      10
      16
      12
       6
      10
       7
      13
      12
      12
      16
       9
       8
       9
      15
      15
       9
      13
       7
      14
       7
       9
      11
       7
      11
      10
      13
      11
      10
       9
       5
      12
      10
      11
       9
       8
       8
       9
      11
      14
       9
      10
       6
      10
      12
       7
       5
       3
       5
       5
      11
       9
      12
       5
      10
       6
      10
       8
       9
       7
      10
      11
       6
      12
      10
      10
      16
       9
      11
       8
       8
       6
      14
       3
       9
      12
      17
      11
       8
       7
      14
       8
      16
       8
      13
       7
      10
       5
      14
      16
      14
       8
       8
      13
      15
       4
      17
      14
       9
       9
      17
       8
      14
      12
       8
      11
      14
      12
      11
       9
       8
       9
       9
      12
      13
      11
      13
       8
      12
      17
      14
       8
      10
      11
      14
      10
      15
      12
       5
      18
      12
      10
      13
      11
       8
       9
      17
      13
      13
      13
      17
      12
       7
      11
      11
      13
       9
      13
      16
      14
      12
      10
       7
      14
      12
      14
      11
       8
      12
      16
      15
       5
      11
      13
      12
      14
      15
       7
      11
      11
       8
       6
      16
      13
      12
       7
      17
      11
      17
      13
      12
       9
       7
      17
       6
      11
       9
       9
      12
      14
      12
      16
      14
      18
       8
      16
      17
      16
      18
      12
      18
      13
      14
      13
      16
       9
       9
      21
      19
      12
      10
      17
       7
      13
      14
       9
      10
      16
      14
      13
       8
      17
      18
      10
      13
      11
      13
      12
      18
      10
       6
       7
      11
      14
      14
      11
      16
      13
      11
      14
       7
      13
      15
      20
      17
      12
       8
      11
      11
       9
       2
       8
      10
      11
      15
      12
      12
      11
       8
      15
      15
       6
      12
       8
      12
       8
       7
       9
      11
      12
       5
      13
      10
      12
      11
       7
      14
       5
      14
       4
      12
      10
      12
      14
       7
      11
      18
      14
      10
      10
      13
       7
      11
       7
       8
      15
       8
       8
       8
       6
      12
      12
      12
      10
      14
       7
      11
      16
       6
      11
       6
      21
      12
      11
      13
      11
       5
      18
       9
       6
      13
      14
      10
      13
      11
      20
      13
      10
      17
      21
      14
      12
      16
       8
       6
      10
       6
       8
      12
      13
       9
       5
      12
      12
       9
       8
       8
      11
      10
      14
      10
       8
      13
       8
       8
       9
      11
       8
      11
       3
      10
      13
      13
      14
      12
       6
       4
       4
      12
      20
      10
       5
      13
      16
      13
      18
      11
       4
       7
      10
      12
      11
       8
       9
       1
       0
       0
       0
       0
       0
       0
       0
       0
       0
       0
       0
       0
       0
       0
       0
       0
       0
       0
       0
       0
       0
       0
       0
       0
       0
       0
       0
       0
       0
       0
       0
       0
       0
       0
       0
       0
       0
       0
       0
       0
       0
       0
       0
       0
       0
       0
       0
       0
       0
       0
       0
       0
       0
       0
       0
       0
       0
       0
       0
       0
       0
       0
       0
       0
       0
       0
       0
       0
       0
       0
       0
       0
       0
       0
       0
       0
       0
       0
       0
       0
       0
       0
       0
$ROI:
1
712 830
$PRESETS:
None
0
0
$ENER_FIT:
-23.656767 2.297974
$MCA_CAL:
3
-2.365677E+001 2.297974E+000 2.836717E-005 keV
$SHAPE_CAL:
3
0.000000E+000 0.000000E+000 0.000000E+000
