$SPEC_ID:
No sample description was entered.
$SPEC_REM:
DET# 1
DETDESC# DESKTOP-I499GD2 Easy-MCA-2k SN 18191655
AP# Maestro Version 7.01
$DATE_MEA:
02/27/2024 12:07:29
$MEAS_TIM:
60 61
$DATA:
0 2047
       0
       0
       0
       0
       0
       0
       3
       4
     262
     103
      87
     101
     111
     117
     129
     126
     111
     118
     109
     109
     120
     125
     115
     131
     115
     105
     130
     140
     135
     153
     147
     179
     160
     196
     190
     149
     156
     159
     208
     191
     178
     194
     171
     200
     192
     207
     222
     218
     236
     274
     274
     275
     359
     341
     318
     305
     261
     294
     327
     321
     325
     385
     431
     538
     568
     548
     600
     454
     415
     295
     336
     287
     304
     281
     268
     288
     249
     246
     262
     274
     310
     288
     263
     243
     280
     251
     247
     316
     275
     280
     289
     289
     277
     302
     289
     244
     266
     285
     282
     242
     242
     249
     265
     245
     235
     260
     247
     243
     249
     223
     223
     231
     220
     227
     223
     200
     234
     241
     194
     221
     204
     232
     225
     201
     184
     191
     177
     214
     180
     182
     176
     194
     211
     218
     207
     182
     187
     174
     162
     174
     164
     165
     173
     179
     189
     168
     171
     159
     185
     145
     145
     158
     152
     143
     161
     141
     163
     141
     149
     135
     143
     147
     148
     138
     134
     128
     141
     126
     109
     125
     140
     113
     112
     122
     126
     124
     125
     143
     111
     138
     127
     109
     115
     118
     113
     118
     134
     131
     115
      99
     126
     115
     101
     121
     115
     106
     103
     114
     110
     112
      94
     109
     117
     103
     131
     118
     118
     106
     133
     119
     110
     104
     124
     135
     130
     139
     137
     153
     144
     174
     215
     206
     213
     228
     204
     255
     230
     268
     277
     279
     278
     267
     266
     241
     241
     241
     195
     191
     194
     159
     140
     126
     129
      87
     103
     106
      88
     101
      83
      71
      75
      91
      84
      70
      80
      51
      73
      72
      62
      58
      79
      63
      69
      76
      66
      64
      57
      76
      63
      66
      78
      60
      72
      69
      67
      75
      64
      56
      71
      58
      60
      53
      82
      56
      75
      66
      71
      51
      77
      76
      57
      66
      71
      59
      75
      62
      61
      63
      58
      76
      63
      67
      59
      51
      57
      62
      52
      67
      74
      64
      68
      71
      75
      67
      75
      82
      61
      75
      65
      57
      64
      78
      70
      49
      69
      62
      46
      72
      60
      81
      76
      65
      69
      57
      61
      60
      55
      59
      55
      65
      52
      52
      46
      67
      60
      56
      78
      44
      56
      56
      64
      62
      71
      61
      67
      50
      48
      53
      60
      60
      54
      63
      72
      54
      60
      55
      48
      52
      48
      67
      54
      54
      67
      46
      61
      57
      49
      61
      60
      51
      61
      59
      50
      45
      54
      50
      31
      58
      40
      56
      38
      54
      61
      51
      59
      52
      60
      49
      44
      58
      39
      52
      43
      47
      61
      54
      45
      51
      51
      54
      46
      48
      48
      58
      53
      47
      56
      45
      48
      48
      51
      48
      45
      42
      50
      51
      52
      54
      47
      52
      47
      51
      48
      48
      45
      57
      43
      42
      51
      35
      50
      46
      48
      42
      46
      48
      39
      50
      43
      39
      32
      44
      38
      50
      36
      39
      52
      46
      39
      48
      41
      45
      42
      38
      51
      57
      38
      42
      35
      51
      54
      41
      58
      32
      52
      47
      52
      53
      48
      40
      53
      54
      52
      46
      46
      61
      68
      43
      71
      41
      58
      51
      43
      45
      56
      41
      48
      37
      46
      46
      52
      48
      42
      53
      39
      54
      46
      52
      41
      63
      44
      43
      55
      43
      42
      54
      51
      48
      42
      48
      41
      47
      34
      46
      48
      44
      44
      38
      45
      51
      55
      40
      52
      38
      61
      54
      50
      53
      45
      51
      54
      58
      43
      48
      48
      48
      42
      50
      50
      53
      60
      55
      61
      60
      48
      49
      55
      59
      43
      54
      58
      62
      57
      51
      70
      52
      63
      42
      52
      66
      57
      63
      50
      53
      59
      49
      52
      49
      56
      56
      50
      49
      50
      53
      53
      48
      42
      44
      44
      62
      45
      50
      57
      46
      27
      50
      42
      37
      36
      49
      58
      68
      58
      41
      53
      39
      42
      52
      60
      45
      37
      48
      46
      49
      59
      54
      49
      42
      49
      55
      48
      48
      51
      46
      50
      49
      57
      68
      55
      51
      49
      63
      62
      55
      52
      52
      48
      53
      47
      54
      53
      59
      57
      64
      44
      51
      43
      53
      58
      53
      60
      49
      43
      57
      67
      45
      44
      54
      41
      57
      46
      54
      49
      35
      38
      34
      29
      40
      50
      41
      32
      46
      37
      31
      27
      27
      34
      33
      26
      21
      33
      27
      28
      29
      31
      33
      39
      27
      38
      28
      32
      19
      28
      22
      19
      28
      26
      25
      24
      24
      23
      20
      32
      22
      18
      18
      15
      17
      21
      12
      22
      17
      32
      15
      25
      29
      21
      22
      24
      14
      25
      28
      26
      22
      26
      21
      21
      17
      12
      26
      29
      24
      26
      24
      30
      32
      48
      42
      42
      41
      55
      59
      61
      66
      64
      68
      75
      89
      95
      93
     106
     111
     121
     139
     130
     141
     152
     159
     183
     193
     186
     176
     165
     179
     168
     176
     190
     189
     170
     155
     171
     188
     157
     131
     146
     138
     132
     138
     141
     116
     100
     105
      89
      80
      84
      94
      79
      66
      86
      49
      50
      61
      56
      48
      35
      38
      24
      38
      34
      31
      34
      26
      23
      21
      41
      17
      23
      15
      15
      19
      15
      20
      20
      17
      20
      17
      14
      23
      18
      19
      12
      10
      15
      13
      20
      19
      13
      15
       9
      16
      17
      10
      19
      21
      12
       7
      17
      16
      13
      16
      18
      16
      23
      13
       9
      18
      15
       9
      11
      13
      10
      13
      15
      13
      22
      16
      11
      11
      20
      16
       9
      14
      12
      18
      18
      14
      17
      11
       6
      11
      14
      11
      19
      23
      10
       9
      13
      18
      13
       8
      10
      17
      14
      11
      16
       8
       7
      10
      18
      10
       9
      13
      13
      15
      13
      17
      12
      13
      12
      14
      11
       9
      12
       9
      17
       9
      10
      12
      10
      12
       9
      15
      14
      14
      15
      16
      15
      16
      23
      11
      13
      10
      17
      13
      16
      12
      13
      10
       7
      14
      20
      11
      15
      10
      12
      10
      10
      12
       6
      11
       8
      15
      23
      10
      20
      13
      11
      15
      11
      14
      13
      10
      15
      11
       5
       9
      13
       7
       8
      14
      12
      10
      14
      12
      20
      12
      15
      13
      11
      11
      15
       8
      18
      14
      15
      15
      12
      10
      13
       8
      10
      13
      16
       9
      16
      19
      14
      23
      10
      17
       8
      12
      18
       9
       8
      21
      17
      14
      23
      14
      16
      15
      17
      12
      11
      21
      13
      17
      15
      20
      13
      15
      15
       8
      10
      10
      10
      10
      13
      15
      13
      16
      12
      16
      14
      11
      10
      10
      14
      11
      16
      12
      10
      11
      12
       8
      11
      11
      10
      11
      11
       9
       7
      14
      13
      12
      15
       9
      14
      14
      17
      16
       9
      16
       7
      10
       5
      10
       9
      12
      13
      11
       9
      14
      13
      11
      15
      14
       5
      15
      14
      10
       7
      14
      21
      18
       6
      14
      11
       9
       6
      11
       0
       9
      15
      16
      10
       7
      15
       9
      14
      16
      14
       9
      12
      10
      14
       7
       6
      17
      10
       9
      11
      17
       8
       9
      12
       9
      13
       9
      11
       8
      10
      13
      13
      10
      10
      14
       8
      11
      11
       9
      19
      11
      13
      16
      15
      12
       9
      13
      10
      14
       5
      13
      16
       5
      11
      12
      14
      12
      13
       9
       9
       5
      13
      10
      11
      14
       9
       4
      10
      10
      13
       4
       7
      11
      13
       6
      13
       4
      10
       9
       6
      10
      12
       7
       6
       9
      17
      16
      12
      10
       7
       9
      12
       5
      12
       9
      11
      10
      12
      13
      11
      12
      13
      13
       8
      11
      10
      11
      12
       6
      16
      17
      12
      11
      21
       7
      12
      18
       9
       8
      12
      12
      14
      10
      18
      13
      14
      18
      18
      16
      15
      10
      17
      16
      17
      18
      17
      17
      12
      16
      13
      11
      11
      11
      19
       8
      11
      13
       9
      13
      15
       8
      15
      12
      12
      17
       9
      10
       6
       9
      11
       8
      10
       9
      10
      12
      15
      14
      11
       7
       7
       7
       5
       6
       3
      12
       8
      13
      10
      10
      14
       9
       7
       7
       5
       4
       9
      10
      14
      14
       7
       6
       8
      13
      10
      10
      11
      11
       7
      10
      11
       9
       4
      11
      12
      12
      13
       7
       7
      14
      11
       9
      11
       5
       8
       6
      11
       7
      12
      11
      17
      15
       8
       9
      12
      14
      11
       7
       7
       9
      11
       7
       8
      12
       7
       7
      10
       9
      11
       5
      11
      12
       6
      10
      13
      10
      10
       8
      16
      14
      13
      13
      13
       6
      13
       7
       6
       8
       8
      11
      15
       5
      14
       8
       9
      13
       9
       8
       8
       8
      15
       6
       7
       5
       6
       7
       9
       7
       9
       6
      13
       6
      12
      10
       7
       3
       6
       2
       6
       9
       8
      13
      10
       9
       6
       4
      11
      13
      14
       9
      14
       9
       9
       9
       5
       9
       3
      11
      12
       8
       5
       6
       9
      12
      10
       9
       8
       2
       9
      14
       8
      12
      10
       8
       9
      11
       6
      16
      10
      12
      14
       8
       9
      12
       8
      12
       9
      12
       8
      14
      11
       9
       9
       7
      11
       9
       9
       9
       9
       9
       9
      15
      10
       8
      12
       8
       4
      10
      14
       5
      10
       9
      10
       6
      16
      15
      19
       7
      12
       8
       9
      11
      14
      14
      10
       8
      10
      12
       9
       8
      11
      10
      10
      22
       7
      13
       7
      11
       9
       5
      12
      11
       9
       5
       9
      10
      11
      10
       6
      10
      11
       7
       6
       9
      11
      13
      15
       9
      12
      15
       8
       8
       8
       8
      11
       8
      16
      12
       8
       8
      20
      11
       7
       8
       9
       8
       6
       6
       9
      10
      14
      11
      11
      12
       8
      12
       6
      14
      11
       8
       6
      16
      11
       7
       6
       7
      11
       4
      17
       7
       7
      12
       9
      10
      12
       7
      11
       8
      11
      16
      13
       9
       8
      18
      11
      16
      10
       5
      13
      11
       7
      15
      11
      16
      11
      13
      12
      14
      12
      10
      13
       9
      11
      14
      14
      13
      11
       8
      11
      16
      10
       7
       5
       9
      14
       8
      15
      12
      11
      11
       6
      13
       9
      12
      11
      16
       7
      13
       8
      12
      11
      13
      11
      13
      12
       6
       4
       9
      13
      12
       8
      11
      14
      17
      10
       8
       7
      10
       6
       8
      11
      10
       9
      12
       9
      14
      15
       8
      14
      11
      14
      11
      19
      11
       6
      17
      11
      11
      12
       9
      12
       9
      18
       5
      11
       8
      12
      16
       9
      14
      14
       8
       7
       6
      10
      12
      17
      16
      10
      10
      13
      12
      13
       9
      10
       9
       6
      13
      13
      13
      10
      10
      11
      11
      13
      13
      11
       5
      16
      15
      11
      17
      12
      14
      13
       7
       8
       5
       9
       7
       8
       8
      12
      11
      16
       7
      15
       9
      12
      12
      10
      10
      11
       8
      10
      13
      14
      20
       9
       7
      17
      12
       6
      17
      11
      18
      13
      13
      13
      11
       8
      15
      10
      10
      13
       9
      16
      13
       5
      11
      10
      18
      12
       9
       8
      13
       7
      19
      11
       6
      11
      15
      16
      15
      10
      12
      11
      10
      11
       3
       8
      13
      13
      10
       8
       8
       7
       8
       9
      12
      16
      13
       9
       8
      10
      10
       7
      10
       4
      14
      16
       6
      14
      16
      12
      17
      10
      18
      13
      12
      11
      13
      12
      16
      13
      17
      14
      13
      14
      12
      16
       6
      15
      12
      14
      12
      12
      12
      18
      14
      15
      11
      14
      17
      11
      11
       8
      12
      11
      13
      12
      12
      10
       9
       6
      16
      11
      15
      16
      15
      15
      11
       6
      15
      14
      12
      12
      22
      16
       6
      11
      17
      10
       9
      16
      13
      10
       4
       7
      12
      16
      18
      12
      18
       5
      13
       8
       8
      12
      14
      15
       9
      10
      14
       8
      10
       8
       7
      15
       9
      12
       8
      13
      15
       8
      11
      13
      13
      13
      15
      11
      15
       9
      11
      15
       7
       8
       9
      14
      14
      15
      10
      12
      11
      11
      11
      16
      10
      12
      20
       6
      10
      14
      14
      11
      10
       6
      10
      13
       9
      10
       8
       9
      21
      15
      13
      15
      16
       5
       7
      10
       8
       8
      11
      12
      13
      10
      15
      11
      13
       8
      10
      11
      16
      10
      15
       8
      11
       9
      14
       8
      17
       8
      12
      10
      13
      11
      16
      10
       8
       8
       5
       8
       9
      14
       9
      17
       8
       9
      12
       8
       2
      12
       6
      13
      16
       8
      13
      10
       7
      11
      16
      14
       8
      15
      13
      12
       7
      10
      11
      15
      12
       1
       0
       0
       0
       0
       0
       0
       0
       0
       0
       0
       0
       0
       0
       0
       0
       0
       0
       0
       0
       0
       0
       0
       0
       0
       0
       0
       0
       0
       0
       0
       0
       0
       0
       0
       0
       0
       0
       0
       0
       0
       0
       0
       0
       0
       0
       0
       0
       0
       0
       0
       0
       0
       0
       0
       0
       0
       0
       0
       0
       0
       0
       0
       0
       0
       0
       0
       0
       0
       0
       0
       0
       0
       0
       0
       0
       0
       0
       0
       0
       0
       0
       0
       0
$ROI:
1
712 830
$PRESETS:
None
0
0
$ENER_FIT:
-23.656767 2.297974
$MCA_CAL:
3
-2.365677E+001 2.297974E+000 2.836717E-005 keV
$SHAPE_CAL:
3
0.000000E+000 0.000000E+000 0.000000E+000
