$SPEC_ID:
No sample description was entered.
$SPEC_REM:
DET# 1
DETDESC# DESKTOP-I499GD2 Easy-MCA-2k SN 18191655
AP# Maestro Version 7.01
$DATE_MEA:
02/26/2024 15:21:55
$MEAS_TIM:
34 35
$DATA:
0 2047
       0
       0
       0
       0
       1
       2
       8
      10
     261
      82
      97
     104
      96
      96
      95
     107
     103
     105
     111
     108
     104
     100
     106
      92
     102
     133
     105
     112
     105
     121
     129
     128
     150
     150
     179
     134
     133
     135
     148
     134
     132
     157
     186
     169
     155
     170
     167
     189
     194
     177
     209
     206
     214
     251
     254
     211
     226
     225
     261
     291
     301
     302
     355
     367
     431
     466
     442
     402
     311
     325
     279
     242
     214
     234
     245
     226
     256
     235
     240
     213
     220
     231
     250
     226
     197
     222
     234
     245
     224
     228
     210
     221
     240
     217
     208
     209
     248
     224
     207
     201
     200
     217
     203
     185
     212
     201
     231
     236
     223
     198
     205
     217
     211
     192
     206
     199
     200
     203
     167
     173
     148
     176
     199
     158
     178
     157
     168
     160
     165
     164
     183
     151
     159
     149
     172
     152
     158
     148
     161
     153
     178
     155
     150
     142
     138
     137
     154
     153
     158
     146
     148
     138
     146
     141
     144
     125
     113
     124
     116
     129
     127
     125
     127
     129
     116
     116
     118
     124
     127
     109
     117
     108
     112
     115
     110
     112
      98
     119
      99
     120
     105
     108
     105
     104
     100
      89
     101
      97
      95
      84
      89
     101
     103
      85
      88
     100
     105
     104
     108
     108
      82
      96
     104
     103
      87
      95
     107
      97
     105
      85
      98
      91
     106
      98
     112
     129
     105
     108
     131
     141
     145
     173
     167
     160
     182
     201
     225
     238
     245
     234
     241
     239
     253
     219
     224
     222
     191
     168
     175
     160
     141
     137
     139
     105
      91
     102
      94
      84
      74
      96
      72
      84
      68
      67
      71
      62
      70
      65
      55
      57
      62
      61
      62
      67
      74
      78
      66
      66
      51
      57
      70
      66
      58
      50
      79
      63
      51
      55
      55
      60
      70
      38
      65
      72
      44
      61
      63
      64
      64
      61
      63
      65
      51
      65
      65
      59
      48
      55
      57
      49
      64
      43
      54
      52
      60
      57
      55
      60
      55
      46
      59
      65
      52
      49
      48
      57
      41
      49
      52
      65
      57
      61
      59
      51
      66
      60
      57
      58
      72
      49
      52
      65
      67
      57
      62
      51
      66
      57
      51
      63
      62
      45
      52
      55
      45
      47
      48
      49
      47
      53
      51
      55
      48
      51
      55
      51
      43
      50
      46
      47
      49
      44
      59
      43
      51
      48
      47
      43
      56
      55
      53
      42
      63
      52
      46
      50
      65
      41
      55
      47
      38
      55
      41
      51
      41
      49
      47
      32
      52
      53
      42
      44
      47
      46
      60
      46
      44
      42
      56
      39
      44
      41
      45
      54
      55
      39
      39
      48
      42
      49
      45
      56
      36
      45
      47
      36
      34
      55
      39
      59
      46
      53
      46
      46
      35
      49
      38
      47
      46
      24
      40
      43
      42
      41
      51
      40
      45
      37
      45
      42
      32
      37
      58
      41
      48
      58
      40
      42
      35
      45
      39
      45
      36
      34
      46
      49
      41
      39
      37
      42
      38
      39
      42
      43
      50
      43
      43
      52
      27
      44
      51
      43
      28
      46
      46
      46
      45
      43
      41
      51
      39
      42
      34
      38
      34
      52
      44
      46
      46
      48
      42
      49
      48
      65
      47
      53
      52
      37
      58
      41
      39
      46
      50
      39
      41
      47
      45
      35
      41
      48
      43
      50
      29
      37
      41
      51
      34
      36
      31
      47
      43
      47
      42
      38
      38
      39
      40
      47
      35
      45
      38
      46
      39
      50
      29
      42
      35
      39
      58
      57
      47
      41
      47
      38
      42
      38
      34
      54
      67
      58
      41
      54
      45
      46
      50
      49
      40
      66
      56
      58
      61
      48
      53
      40
      60
      58
      53
      49
      49
      46
      57
      50
      54
      54
      58
      49
      55
      57
      47
      49
      45
      53
      28
      54
      47
      42
      42
      26
      40
      56
      51
      48
      45
      46
      40
      38
      47
      51
      42
      44
      42
      49
      56
      53
      35
      53
      38
      38
      35
      55
      38
      51
      35
      47
      48
      45
      39
      58
      45
      44
      46
      46
      47
      47
      55
      47
      52
      52
      45
      34
      34
      50
      48
      50
      61
      49
      48
      56
      50
      42
      60
      46
      57
      52
      59
      50
      47
      45
      50
      57
      60
      45
      51
      53
      44
      61
      44
      60
      51
      55
      45
      38
      36
      36
      50
      29
      51
      48
      41
      43
      40
      45
      37
      35
      35
      40
      28
      38
      37
      35
      37
      26
      26
      42
      26
      18
      30
      36
      24
      31
      21
      17
      26
      24
      24
      28
      26
      33
      22
      23
      14
      27
      26
      29
      33
      26
      29
      20
      22
      21
      21
      20
      33
      23
      12
      13
      18
      22
      19
      29
      19
      27
      15
      18
      19
      18
      21
      19
      20
      24
      38
      21
      40
      30
      40
      29
      33
      30
      36
      41
      49
      47
      33
      63
      56
      56
      46
      54
      67
      53
      75
      69
      86
      99
      93
      98
     121
     125
     115
     119
     132
     143
     143
     152
     140
     137
     166
     142
     161
     175
     170
     194
     181
     149
     173
     162
     149
     130
     157
     141
     124
     130
     131
     116
     117
     102
     117
     115
      76
      81
      82
      62
      65
      59
      54
      47
      51
      44
      34
      46
      46
      37
      34
      31
      27
      27
      19
      23
      15
      20
      18
      15
      28
      19
      19
      15
      14
      13
      17
      13
      16
      19
      17
      12
      15
      10
      14
       8
      11
      19
      14
      11
      18
       9
      13
       7
      16
      10
       6
      20
       9
       7
      12
      16
      12
      12
       5
      11
      14
      20
      14
      10
      18
      11
      20
      12
      14
      12
      15
      16
      16
      17
       7
      16
      13
      11
      10
      14
       6
      12
      14
      13
      11
      11
      17
      13
      11
      13
      11
       9
       7
      10
      10
      14
      19
      12
       7
      16
      14
      12
      19
      11
      16
      11
      13
      13
      11
      11
      14
       7
      12
       6
      11
      13
       7
      14
      12
      17
      11
      13
      13
      13
      11
      11
       9
       9
      10
      11
      11
      10
      15
      13
      16
       5
       9
      15
      11
      11
      15
      10
      11
       9
      13
       8
      10
      14
      18
       3
       5
      12
      11
      11
      10
      10
      13
      12
      10
      16
      12
       9
       7
       8
      13
      14
      18
       6
      10
       9
       8
      12
       8
       6
      11
       9
      17
       9
       7
       6
      11
       7
      12
       8
      12
       7
       5
       6
       9
       8
      10
      12
      17
      15
      13
      10
      14
      12
      12
      15
       8
      15
      12
      17
      15
      20
      11
      17
      10
      11
      15
       6
      11
      13
       7
      13
      12
       9
      12
      14
      15
       9
      14
      10
      17
       4
      12
      13
      13
      10
      21
      15
       8
      16
      11
      12
      14
       9
      11
      11
      13
      13
      11
      12
      15
      12
       9
      12
       9
      12
      10
      13
      11
       7
      13
      11
      12
      12
       7
      13
       8
      10
      10
      13
      11
       8
       8
      12
      13
      12
      11
      16
       7
       9
      11
       8
       9
       8
      11
       8
      11
      12
      16
       7
      10
       5
      17
       7
      10
       5
       7
       4
       4
       8
       9
       9
       7
       9
       9
       7
      13
      13
      12
      15
       6
       9
      17
      13
      14
      14
       3
      14
      14
      10
       6
      14
      14
      12
      12
       6
      14
      10
       8
       3
       6
      11
       9
       9
      15
       6
      13
       7
       9
       9
       7
       6
      18
       7
       6
      11
       7
       7
      10
      11
       7
       7
       8
       7
       9
       9
      13
      12
      11
       4
      10
      12
       9
      17
      11
       7
      12
       4
      10
       7
       8
      15
       8
       6
      11
      15
       6
      13
       8
      14
       9
       9
      10
      11
      11
      11
      13
       7
       9
      14
      17
       5
      11
      13
      10
      10
      14
      10
       9
       7
       9
      13
      12
      14
      12
       7
       9
      13
      14
      11
      12
      11
      13
      13
      11
       9
      14
      17
       9
      14
       6
      14
      13
      10
      18
      15
      11
      10
      16
      13
      22
      13
      13
       9
      12
      10
      15
      10
      18
      13
      18
      12
      15
      11
      10
      14
      11
      14
       7
      12
      14
      14
      10
      10
       8
       6
      13
      14
       9
      12
       9
      11
       6
      10
       5
       7
       8
       7
       8
      11
       5
      13
      11
       5
      12
       7
       8
      10
      11
       6
       9
       5
       8
       6
       7
       7
      10
      11
       6
      12
       9
       9
      12
      10
      10
       7
       8
       9
      11
       5
       6
      13
      17
       9
       6
       8
      15
       5
      13
      13
       4
       8
      17
       7
       7
      13
       6
       7
       9
      10
      16
       6
      11
       9
       6
      15
      14
       8
      10
      14
      12
      10
       9
       7
       2
       8
      12
      11
      16
       6
       7
       6
      10
      13
      13
      10
       6
      10
       3
      10
       5
       5
      10
       9
       7
      11
      12
      13
      13
       9
       6
       7
      14
       8
       5
       8
       8
      10
       6
       8
      15
       6
       7
       9
      10
       2
       9
       7
       9
       7
       6
       6
       4
      10
      14
       6
      10
      10
       9
       9
      11
       8
      12
       7
       7
       6
      12
       9
       7
      10
      11
       4
       9
       8
      15
       6
      16
       3
       9
       7
      10
       9
       5
      10
       6
       8
      13
       8
      11
       7
       8
      11
       9
       8
       5
       8
       7
       8
       8
       6
      12
       7
       3
       8
      11
      10
      11
       7
       7
      13
       6
      11
       7
       9
       8
       8
       7
      17
       4
      12
       4
       5
       7
       7
      13
      14
       7
      10
      10
      12
       7
       8
       5
       9
       4
       4
       8
       8
      12
       9
       6
       8
      10
      11
      12
       6
      13
       7
       8
       5
       6
      12
      13
       5
      10
       9
       7
      10
       3
      11
       9
       5
       6
       5
       7
       7
      13
       9
       7
      13
      16
       6
       8
      10
       6
       7
       8
      11
      16
       5
      15
       6
      14
       6
      10
       6
      14
       7
       6
       5
       7
      15
       4
      11
       5
       6
       9
       3
       9
      10
       9
       5
       8
       6
      13
      12
      13
      12
       7
       9
       4
       6
       5
      13
       8
      13
       7
      14
       9
      11
       9
      10
       6
      10
      10
       8
       8
       6
      10
       7
       9
       8
      10
       5
       7
      11
       4
       8
      13
      10
      12
      10
      11
      10
      15
      10
      10
      12
       7
       9
       4
       7
       9
       5
      10
      17
      12
       5
       7
       9
      10
      11
      10
       6
      11
       9
      11
      11
      12
       9
      15
       7
       8
       9
       5
      12
       8
      13
       5
      13
      11
       9
       6
       8
       6
      12
       6
      16
       7
       8
      10
      13
       9
       8
      10
      11
      10
       6
      13
       8
       7
       4
       8
       8
       8
      12
       8
       8
      13
       5
       7
       9
       8
      10
       6
      11
       8
      11
      10
      12
       6
      10
       5
      14
       9
       6
      11
       3
       7
       5
      11
      12
      14
       6
      12
      12
       5
      12
       8
      12
       9
      14
      11
      13
      16
      10
       9
      11
      13
       9
       7
      12
      11
       7
      15
       4
      10
       8
      12
       8
      12
      11
      15
       7
      19
      14
       7
      13
      12
       7
      13
       8
      13
       9
      11
       8
      13
      15
      10
      13
       8
      17
      11
       9
       7
      16
      10
      18
       6
      13
       9
       9
      12
      14
       8
      13
      12
      10
      12
      11
      14
      15
      12
       7
      18
       8
       4
      11
      11
      10
      16
       9
       7
       7
      13
      14
      21
      15
      10
      13
      16
      17
       9
       9
      11
       6
      14
      15
      19
      12
      16
      11
      15
      10
       9
      12
       9
      11
       7
       5
       5
      10
       5
      11
      13
       9
      11
      18
      15
      11
       6
      14
      21
       9
       6
      10
      12
      11
      16
      11
      17
      12
      11
       8
       6
      12
       7
       7
      14
      10
       7
       8
       6
      10
      11
      13
      13
       7
       8
      13
      10
      11
      13
       6
      12
      10
       6
       5
      14
      11
      10
      10
      12
      15
      15
      11
       9
      14
      11
       9
      11
      12
       9
       9
      11
       9
      12
      12
       9
       8
      14
      15
      12
      11
      14
      10
       8
      10
      12
      12
       7
      12
       8
       8
      13
      12
      13
      12
      12
      11
      10
      14
       6
      10
       3
      10
       9
       8
       9
      12
       6
      10
      17
      13
      13
      15
       8
       7
       9
       9
       9
       6
       7
      13
      15
       8
       6
      12
       6
       7
      19
       7
      10
       9
       8
       8
      12
       6
       8
      12
       7
      12
       8
       8
      12
       9
      16
      12
       6
       8
       7
       8
       7
      16
      15
      10
       7
      16
      12
      11
      17
      11
      10
       9
      14
       6
      11
      11
       9
      12
      13
      14
      11
      12
      11
       9
      10
      10
       3
      13
      14
       8
      13
      11
       9
       7
       8
       8
      10
       9
      11
      11
       8
       8
      18
      10
       9
       6
      10
       7
      10
      19
      11
       5
      10
      12
       8
      18
      11
       9
      13
       6
      10
       8
       8
      13
      10
      11
      11
       8
       7
       7
       1
       0
       0
       0
       0
       0
       0
       0
       0
       0
       0
       0
       0
       0
       0
       0
       0
       0
       0
       0
       0
       0
       0
       0
       0
       0
       0
       0
       0
       0
       0
       0
       0
       0
       0
       0
       0
       0
       0
       0
       0
       0
       0
       0
       0
       0
       0
       0
       0
       0
       0
       0
       0
       0
       0
       0
       0
       0
       0
       0
       0
       0
       0
       0
       0
       0
       0
       0
       0
       0
       0
       0
       0
       0
       0
       0
       0
       0
       0
       0
       0
       0
       0
       0
$ROI:
1
712 830
$PRESETS:
None
0
0
$ENER_FIT:
-23.656767 2.297974
$MCA_CAL:
3
-2.365677E+001 2.297974E+000 2.836717E-005 keV
$SHAPE_CAL:
3
0.000000E+000 0.000000E+000 0.000000E+000
