$SPEC_ID:
No sample description was entered.
$SPEC_REM:
DET# 1
DETDESC# DESKTOP-I499GD2 Easy-MCA-2k SN 18191655
AP# Maestro Version 7.01
$DATE_MEA:
02/26/2024 15:20:16
$MEAS_TIM:
32 32
$DATA:
0 2047
       0
       0
       0
       0
       1
       2
       5
      10
     259
      95
      89
      83
      99
      83
      97
      96
     111
      85
      97
     113
      93
     101
     110
      86
      92
      94
      94
      85
     114
     125
     123
     120
     147
     143
     156
     123
     164
     134
     121
     146
     127
     165
     172
     146
     150
     154
     180
     173
     197
     181
     208
     231
     224
     223
     215
     214
     228
     221
     258
     257
     229
     264
     317
     404
     419
     388
     411
     350
     278
     272
     240
     241
     207
     217
     220
     205
     211
     239
     228
     209
     211
     213
     188
     214
     216
     214
     192
     212
     210
     230
     217
     206
     209
     227
     219
     198
     199
     210
     203
     177
     189
     205
     229
     232
     194
     182
     178
     197
     197
     173
     198
     175
     194
     204
     200
     168
     177
     174
     165
     167
     194
     143
     177
     159
     154
     155
     167
     143
     150
     174
     172
     174
     155
     167
     158
     160
     124
     146
     173
     144
     133
     154
     144
     120
     148
     134
     138
     125
     151
     124
     140
     103
     119
     127
     117
     129
     139
     109
     143
     128
      97
     120
     121
     113
     114
     106
     111
     122
     119
     113
     108
      98
      99
     101
     117
     100
      95
      97
      91
      88
     106
      93
      96
     104
      92
      95
      96
      90
      82
      91
      87
      90
      82
      76
      98
      93
      97
      88
      95
      66
      94
      86
      89
      76
      80
     108
      95
      80
      93
      84
      92
      88
      92
      84
     107
     101
      93
     121
     129
     120
     119
     147
     163
     180
     189
     194
     199
     215
     233
     222
     198
     234
     236
     237
     218
     235
     178
     168
     160
     161
     149
     144
     139
     110
     109
      78
      70
      66
      63
      69
      64
      67
      63
      53
      70
      68
      51
      76
      60
      65
      57
      63
      54
      45
      49
      73
      61
      56
      60
      58
      61
      57
      59
      47
      47
      74
      57
      50
      55
      49
      54
      50
      59
      63
      53
      63
      56
      48
      58
      50
      56
      55
      52
      61
      50
      61
      43
      64
      59
      50
      54
      65
      54
      51
      58
      50
      51
      61
      54
      51
      49
      37
      50
      58
      52
      56
      48
      63
      50
      64
      53
      43
      56
      54
      41
      61
      54
      47
      55
      78
      60
      49
      49
      62
      37
      58
      64
      47
      60
      38
      47
      35
      47
      44
      49
      42
      37
      56
      44
      36
      47
      40
      52
      43
      52
      57
      53
      42
      48
      46
      50
      46
      50
      42
      53
      54
      48
      41
      41
      50
      57
      44
      43
      57
      44
      47
      50
      42
      37
      46
      47
      29
      39
      50
      42
      26
      37
      35
      45
      46
      41
      41
      44
      37
      34
      35
      37
      41
      43
      39
      53
      42
      29
      61
      37
      38
      48
      54
      41
      41
      37
      42
      35
      49
      59
      33
      36
      46
      39
      40
      45
      44
      44
      29
      48
      35
      49
      38
      44
      51
      41
      41
      54
      36
      42
      53
      46
      44
      39
      40
      33
      32
      40
      36
      32
      41
      40
      43
      47
      44
      45
      41
      31
      41
      45
      34
      32
      40
      45
      41
      45
      39
      38
      44
      43
      42
      35
      42
      36
      27
      47
      34
      31
      33
      40
      38
      30
      40
      49
      43
      48
      42
      31
      40
      32
      49
      41
      38
      33
      38
      39
      40
      44
      37
      40
      39
      48
      47
      48
      40
      33
      33
      40
      36
      47
      43
      37
      38
      27
      44
      27
      38
      45
      44
      43
      37
      37
      37
      50
      43
      38
      38
      40
      40
      46
      52
      37
      46
      32
      38
      38
      47
      45
      38
      23
      33
      43
      41
      33
      44
      37
      45
      39
      38
      48
      35
      56
      45
      37
      42
      51
      57
      51
      51
      41
      45
      44
      45
      53
      33
      56
      32
      47
      51
      46
      51
      53
      42
      58
      49
      46
      47
      48
      51
      42
      36
      45
      37
      43
      44
      48
      37
      51
      44
      43
      42
      38
      48
      44
      46
      43
      49
      49
      40
      43
      46
      33
      33
      40
      45
      43
      39
      44
      42
      47
      42
      63
      50
      32
      40
      36
      46
      44
      52
      49
      50
      56
      38
      42
      43
      44
      58
      48
      44
      39
      49
      38
      39
      51
      40
      35
      52
      47
      46
      46
      66
      43
      47
      53
      54
      43
      50
      57
      48
      42
      37
      52
      48
      49
      44
      48
      62
      44
      43
      39
      37
      43
      38
      33
      53
      46
      30
      50
      37
      45
      32
      34
      38
      46
      43
      24
      40
      35
      27
      35
      36
      33
      31
      25
      23
      25
      29
      32
      29
      35
      32
      31
      31
      23
      32
      15
      24
      28
      21
      20
      19
      30
      20
      23
      31
      23
      18
      20
      21
      23
      13
      18
      14
      23
      34
      23
      21
      16
      20
      18
      22
      19
      26
      17
      19
      16
      20
      17
      16
      19
      17
      24
      23
      24
      20
      28
      28
      23
      23
      19
      21
      23
      29
      28
      32
      32
      32
      33
      40
      52
      61
      52
      53
      59
      63
      78
      69
      78
      81
      86
      88
     121
     114
     115
     111
     117
     128
     117
     147
     139
     144
     167
     140
     170
     166
     173
     151
     153
     140
     127
     140
     148
     145
     129
     131
     124
     120
     118
     104
     114
     106
      84
     102
      69
      68
      82
      70
      51
      52
      68
      68
      55
      38
      44
      22
      43
      31
      29
      27
      28
      16
      20
      12
      22
      26
      17
      17
      13
      16
      13
      19
      13
      15
      15
      14
      13
      18
      17
      19
      11
      12
      13
       6
      10
      17
      15
      18
      17
      13
      13
      12
      13
      12
       7
      12
       9
      15
      10
      11
       7
      12
      13
      12
      17
       5
       9
       8
      10
      16
      10
       9
      16
      13
       6
      14
      13
      18
      12
      12
      10
      16
      10
       8
      12
      10
      20
       7
      11
      10
       6
      14
      12
      13
      11
      16
       5
      10
      11
      12
       9
       8
       9
      10
      11
       9
      13
      16
      19
       7
      11
      13
      15
      12
      10
      11
      11
       9
      12
      10
      14
      10
       8
      11
      12
      12
      14
       4
      12
      14
       8
      18
      10
      12
      17
      14
       9
      16
      14
      10
       6
      12
      13
       5
      13
       6
      16
      10
      17
      12
      17
      13
      12
       7
       8
       6
       4
       9
      11
      12
      19
      11
       9
      15
       9
      10
       9
       7
       8
       9
       8
      13
       9
      10
      15
       9
       6
       9
       8
      10
      10
      15
       5
       9
      11
      12
       7
       5
       9
      10
      14
      13
       8
      12
       7
       8
      11
      16
      14
      18
      14
       8
       7
      11
      11
      12
       5
      11
      20
      15
      20
       9
      13
      13
      11
      14
      10
       6
      16
      14
      15
       4
      13
       7
      10
       8
      10
      11
      10
       8
      10
      17
      17
      11
       9
       6
       8
      14
       2
      12
      16
      10
      11
       5
       5
      11
      14
      14
      13
      12
      14
      12
       9
       4
       8
       9
      13
      14
      10
       4
      13
       7
      11
       9
      10
      16
       8
      12
      12
       6
      10
      11
      11
      11
       9
      11
       5
       3
       5
      11
       8
       7
      13
      16
       9
       6
      15
      12
       6
       3
      12
      19
      10
      10
      13
      11
       4
       9
       5
      10
      12
       8
       9
       4
       5
      13
      14
       9
       5
       6
      17
      14
      11
      12
       3
      11
       8
       7
       8
       8
      12
       6
      15
       6
       4
       8
       4
       6
      10
       7
       9
      12
       6
      15
      11
       8
      12
      11
      11
       5
       6
       9
      13
       9
       6
       7
       8
       6
       7
       7
      13
       9
      16
      10
      10
       6
       8
       9
       6
       3
      12
      14
       7
       8
       5
       9
       8
       8
      11
       4
       9
       1
       8
       9
      11
       8
       5
       6
      10
       8
       9
       9
       7
       6
      11
       6
       9
       5
       4
      10
      15
       8
      11
      12
       4
      11
      10
      12
       9
       8
      14
       6
       6
      10
       9
       7
       6
      15
      13
      13
      22
      10
      11
      13
      16
      12
      11
      12
       7
      15
      13
      14
      10
      13
      14
      10
      12
      10
      12
      11
      13
      11
       9
      15
      19
      10
      22
      17
      12
      15
      15
       6
       8
       9
      10
      12
       6
       9
      14
       8
      10
       7
      12
      10
       9
      13
      12
       6
       6
       7
       9
      20
       9
       5
       8
      12
       9
      13
       9
      12
      15
      10
       8
       8
       7
       5
      17
      11
       8
       9
       9
       5
      11
       7
      14
       6
       9
      11
       7
      10
       4
       8
       4
      10
      14
      11
      13
      13
       5
       8
       1
       8
       9
       6
       9
      10
      10
      11
      10
       8
      10
      10
      11
       6
      12
       5
      13
       8
      10
       9
       9
      11
       6
       6
       9
      11
       8
      12
      11
      10
       8
      12
       6
      10
       4
       9
      12
       7
       7
      13
       6
      15
       2
       6
       9
       2
       8
      10
       4
       4
       4
       6
       6
      11
       4
       6
       7
       6
       9
       6
       6
       8
       8
      11
       5
      11
       3
      10
       4
       1
      11
       8
       9
      12
      11
       9
      10
       6
       9
      10
       8
       6
       5
       8
      10
       5
       7
      10
       7
       8
      14
       8
      11
       8
       9
       5
      14
      10
       4
       4
       5
      13
       9
      11
       6
       5
       7
       9
      12
      11
       6
       7
      15
       9
       9
       3
       6
      12
       7
       5
       3
       8
       6
       8
       2
      10
       7
      10
      10
      10
       6
       9
       4
       6
       5
       9
      10
       4
      11
      11
       4
       8
       4
       7
      12
       5
      10
       8
       8
      12
       7
       8
       8
      10
       5
      15
       6
       5
       7
       5
       9
       7
       6
       6
       3
       6
       3
       7
       5
       9
       7
       8
       8
       6
       7
      14
       4
       4
      10
       6
       5
       8
      10
      13
       9
      10
      11
       6
      10
       7
       6
      10
       9
       2
       7
       7
      12
       8
       5
       7
       7
       2
       9
      10
       9
      11
       9
       9
       9
       5
       6
       9
      10
       6
      20
       8
       6
      10
       5
       6
       7
      12
       6
       8
      10
       6
      12
       5
       9
       4
      11
      10
       7
      13
      11
      10
       8
       6
      12
       6
       4
       9
       7
       7
       6
      12
      10
       6
      11
       7
      12
       8
       9
       9
       6
       8
       9
      11
      18
      12
      12
       8
       5
       9
      12
       6
      10
      12
      11
       9
       6
      12
       6
       7
      12
       9
       6
       8
       7
       6
       8
       9
       5
      11
       7
      10
      17
       6
       4
      10
       9
      10
      11
      11
      13
       8
       9
      13
       4
      16
       6
      13
       9
      13
       3
       7
       5
       9
      14
      10
       6
      15
       9
       7
       4
      13
      14
       6
       9
      10
       5
       2
      15
       5
      12
       8
      10
      10
       9
       4
       9
      10
      10
       8
       7
      14
       4
      15
       9
       3
      10
       9
       9
       6
      11
       6
       8
      15
       8
      16
      16
      10
       9
       9
      11
      10
       8
       7
      13
      14
      12
       8
       5
      10
       6
       5
      11
       5
      10
       7
      11
       9
      12
       5
       9
      11
       8
      13
       9
      11
      11
       6
       6
       6
       7
       6
       9
       7
      12
      11
       6
      10
      10
       5
      12
      10
      13
      11
      13
      11
       8
      12
       7
       6
       6
       6
      12
       1
      12
      10
       9
      12
      10
      14
       6
      14
      12
       9
      12
      13
      14
       4
       7
       6
       9
       9
      10
       7
      15
      12
       7
      12
      18
      16
       9
       8
      13
       7
       7
      11
      13
      16
      11
      11
       6
       9
      16
      15
      10
      15
       3
      12
       9
       9
       6
       7
      12
      16
       8
       8
      11
       8
      13
      11
      15
      18
       8
       7
      16
      10
      11
      16
       3
      11
      14
       7
      13
       7
       7
      16
      13
       7
      17
       8
      12
      13
      11
       6
       9
       8
      13
       8
       8
       9
      10
      10
       8
      11
       7
       9
      16
      12
       6
      10
       9
       5
       6
       9
      15
      10
      12
       6
      14
      17
       8
      12
       6
      13
       7
       6
      17
      18
      13
      11
       7
       6
      15
      18
       9
      14
      14
       8
      13
      10
      10
      13
       4
       4
      20
       6
      11
       4
      11
       9
      14
       8
       9
       8
       9
       7
       3
       5
      11
       6
       7
       7
      10
       7
       7
      10
       2
       8
      10
       8
       6
      15
       6
       9
      14
       7
       3
       7
       8
      10
       9
       6
      10
       6
      12
      12
       8
       8
      11
       7
       7
       5
       4
       7
      10
       9
       9
      13
      13
       7
       6
      12
      14
       3
      10
      11
       3
       7
       7
       9
       8
      10
       6
      12
      10
       8
      10
       9
      12
      11
      11
       7
      11
      11
       9
       6
       7
      11
       5
      14
       9
      18
      14
       5
      14
       7
      10
      11
       9
      17
       6
       9
      13
      10
       6
       8
       5
      11
       9
       6
       7
      12
       6
       7
       5
       6
       8
      11
       8
       8
       9
      15
      14
       6
      17
       7
       7
       8
      10
      10
       8
       9
      10
       8
       9
      10
       6
       8
       7
       8
      12
      13
       9
       8
       7
       9
       0
       0
       0
       0
       0
       0
       0
       0
       0
       0
       0
       0
       0
       0
       0
       0
       0
       0
       0
       0
       0
       0
       0
       0
       0
       0
       0
       0
       0
       1
       0
       0
       0
       0
       0
       0
       0
       0
       0
       0
       0
       0
       0
       0
       0
       0
       0
       0
       0
       0
       0
       0
       0
       0
       0
       0
       0
       0
       0
       0
       0
       0
       0
       0
       0
       0
       0
       0
       0
       0
       0
       0
       0
       0
       0
       0
       0
       0
       0
       0
       0
       0
       0
       0
$ROI:
1
712 830
$PRESETS:
None
0
0
$ENER_FIT:
-23.656767 2.297974
$MCA_CAL:
3
-2.365677E+001 2.297974E+000 2.836717E-005 keV
$SHAPE_CAL:
3
0.000000E+000 0.000000E+000 0.000000E+000
