$SPEC_ID:
No sample description was entered.
$SPEC_REM:
DET# 1
DETDESC# DESKTOP-I499GD2 Easy-MCA-2k SN 18191655
AP# Maestro Version 7.01
$DATE_MEA:
02/26/2024 15:23:45
$MEAS_TIM:
59 60
$DATA:
0 2047
       0
       0
       1
       0
       1
       7
       6
      17
     364
     145
     173
     132
     152
     152
     147
     152
     162
     162
     160
     178
     173
     151
     175
     151
     183
     172
     184
     177
     173
     213
     209
     223
     261
     233
     254
     260
     236
     204
     231
     244
     250
     276
     245
     247
     269
     286
     293
     306
     325
     335
     322
     374
     365
     354
     383
     370
     369
     438
     385
     432
     432
     481
     547
     632
     695
     769
     683
     639
     573
     462
     416
     402
     386
     395
     386
     399
     358
     359
     365
     351
     362
     345
     392
     413
     379
     353
     359
     382
     361
     422
     350
     361
     340
     400
     381
     343
     356
     350
     357
     337
     332
     344
     360
     340
     317
     337
     320
     354
     332
     333
     307
     318
     332
     304
     321
     283
     315
     307
     297
     291
     302
     272
     281
     261
     309
     268
     287
     282
     262
     296
     236
     284
     272
     252
     258
     262
     241
     240
     260
     254
     233
     237
     253
     227
     247
     243
     218
     228
     234
     219
     218
     193
     195
     239
     208
     212
     213
     213
     220
     210
     191
     197
     181
     213
     202
     199
     186
     175
     186
     201
     212
     190
     190
     199
     179
     205
     189
     178
     170
     171
     184
     185
     190
     168
     147
     155
     182
     178
     168
     158
     168
     161
     145
     153
     159
     157
     158
     161
     146
     171
     143
     149
     161
     154
     151
     153
     153
     151
     157
     156
     157
     141
     181
     177
     144
     171
     184
     199
     199
     190
     208
     224
     261
     293
     308
     310
     341
     367
     359
     389
     403
     368
     406
     381
     353
     326
     334
     328
     299
     230
     226
     211
     213
     187
     173
     157
     127
     124
     134
      93
     108
     110
      93
     109
      95
     121
     121
     102
      99
     111
      87
     116
      97
     102
     102
     106
     112
      99
      99
     102
      91
      90
     121
      79
      97
     103
      98
     100
      88
     110
     111
     110
     101
      84
      93
      89
      90
      97
      95
     102
      99
      88
      83
      88
      82
      86
     106
      92
     105
      95
      87
     100
      72
      86
      94
     100
      98
      88
      89
      98
      82
     103
      81
      99
      88
      85
      71
      91
      94
      80
      85
      97
      98
      89
      85
      80
      78
      86
      91
     107
     102
     114
      85
     106
     100
      94
      85
      80
      85
      85
      85
      76
      80
      80
      84
      68
      97
      65
      80
      84
      86
      84
      92
      78
      76
      81
      96
      84
      68
      72
      68
      75
      70
      75
     101
      62
      78
      84
      82
      66
      60
      80
      78
      70
      64
      76
      75
      73
      71
      70
      82
      70
      67
      80
      72
      73
      86
      82
      81
      70
      63
      72
      76
      73
      68
      73
      80
      70
      85
      72
      75
      80
      76
      78
      66
      65
      61
      58
      70
      85
      53
      80
      66
      86
      73
      78
      81
      64
      54
      71
      77
      57
      58
      60
      60
      94
      70
      74
      67
      65
      90
      79
      75
      66
      84
      65
      85
      73
      60
      68
      79
      67
      64
      64
      61
      78
      66
      66
      81
      64
      70
      62
      65
      64
      71
      77
      82
      80
      60
      58
      77
      52
      65
      67
      54
      78
      81
      67
      60
      55
      72
      58
      78
      75
      71
      72
      73
      60
      78
      56
      76
      59
      69
      65
      73
      60
      80
      71
      77
      62
      75
      71
      81
      75
      80
      62
      66
      58
      63
      73
      67
      84
      69
      67
      81
      82
      63
      76
      75
      70
      62
      72
      63
      62
      76
      81
      77
      69
      59
      61
      73
      79
      62
      52
      61
      87
      70
      78
      68
      61
      77
      72
      61
      88
      77
      55
      67
      63
      56
      79
      68
      51
      81
      67
      78
      66
      68
      61
      64
      80
      75
      77
      84
      64
      74
      81
      80
      76
      73
      88
      89
      85
      76
     104
      89
      88
      99
      77
      73
      93
      85
      74
     107
      86
      88
      71
      74
      64
      87
      70
      71
      82
      88
      72
      75
      76
      75
      78
      75
      75
      92
      64
      77
      69
      78
      62
      65
      62
      56
      71
      69
      62
      70
      58
      77
      71
      75
      63
      78
      83
      76
      58
      80
      73
      69
      86
      77
      63
      71
      72
      76
      87
      77
      71
      67
      61
      70
      75
      77
      76
      90
      83
      68
      92
      70
      78
      91
      88
      81
      78
      79
      90
      81
      82
      90
      77
      84
      89
      85
      69
      66
      95
      83
      80
      70
      85
      90
      56
      89
      69
      61
      72
      75
      73
      48
      73
      55
      68
      58
      61
      73
      54
      55
      63
      54
      56
      40
      47
      43
      54
      69
      49
      55
      36
      40
      47
      47
      36
      36
      39
      38
      46
      41
      46
      40
      30
      37
      28
      30
      40
      36
      32
      35
      34
      41
      28
      32
      27
      37
      39
      32
      33
      34
      33
      34
      39
      29
      33
      34
      38
      25
      32
      33
      34
      39
      34
      28
      35
      26
      55
      38
      29
      50
      45
      50
      43
      50
      43
      46
      68
      48
      74
      71
      73
      75
      72
      96
     102
     102
      96
     102
     132
     132
     136
     180
     154
     193
     178
     212
     206
     203
     208
     237
     242
     254
     240
     227
     230
     271
     244
     296
     288
     267
     260
     251
     255
     267
     246
     217
     225
     207
     217
     204
     198
     182
     171
     151
     145
     151
     112
     119
     116
     127
      99
      87
      90
      84
      49
      64
      59
      58
      46
      59
      37
      42
      43
      50
      32
      31
      26
      47
      25
      31
      30
      17
      24
      18
      29
      23
      24
      16
      26
      30
      27
      24
      19
      29
      25
       9
      28
      19
      21
      27
      23
      20
      22
      21
      19
      18
      19
      15
      22
      22
      13
      21
      19
      18
      22
      21
      19
      19
      23
      19
      23
      28
      15
      17
      25
      20
      24
      26
      21
      20
      28
      23
      24
      24
      22
      19
      21
      17
      27
      19
      15
      18
      19
      24
      16
      21
      20
      13
      20
      22
      24
      20
      16
      23
      25
      15
      22
      13
      21
      15
      24
      18
      23
      22
      17
      25
      20
      29
      15
      25
      22
      22
      12
      21
      18
      14
      21
      21
      28
      13
      17
      16
      19
      17
      18
      16
      18
      20
      16
      17
      19
      27
      11
      14
      16
      23
      15
      13
      21
      22
      20
      14
      14
      16
      13
      22
      20
      20
      11
      13
      15
       9
      15
      23
      24
      24
      20
      27
      20
      17
      15
      16
      20
      15
      23
      14
      22
      10
      15
      14
      20
      16
      15
       9
      22
      19
      17
      18
      19
      20
      15
      20
      21
      16
      23
      13
      15
      15
      18
      14
      24
      19
      19
      15
      25
      17
      21
      17
      21
      26
      16
      20
      26
      22
      20
      25
      24
      16
      26
      18
      25
      20
      17
      11
      24
      18
      16
      20
      22
      23
      16
      19
      22
      15
      15
      25
      20
      22
      18
      25
      17
      12
      15
      12
      13
      13
      18
      22
      15
      20
      11
      15
      18
      26
      15
      19
      15
      23
      15
      14
      12
      16
      21
      19
      22
      19
      20
      15
      16
      12
      15
      18
      19
      14
      19
      20
      12
      13
      17
      16
      13
      19
      15
      18
      25
      15
      12
      19
      12
      23
      24
      11
      18
      13
      18
      18
      16
      16
      16
      12
      17
      19
      22
      14
      14
      16
      21
      11
      10
      15
      23
      20
      12
      25
      14
      18
      15
      15
      14
      20
      14
      21
      12
      15
      15
      15
      16
      17
      11
      15
      15
      15
      10
      18
       9
      10
      16
      27
      20
      18
      14
      19
      17
      14
      14
      12
      16
      13
      21
      12
      22
      19
      13
      11
      21
      12
      19
      12
      15
      14
      20
      19
      17
      16
      19
      17
      18
      13
      14
      10
      15
      11
      14
      17
      17
      23
      20
      17
       8
      16
      13
      17
      26
      11
      17
      14
      10
      10
      12
      14
      13
      18
      16
      15
      14
      24
      18
      21
       8
      21
      16
      14
      19
      13
      11
       9
      20
      12
      17
      17
      19
      10
      13
      16
      18
      24
      22
      18
      18
      12
      23
      15
      25
      18
      15
      22
      21
      18
      18
      26
      21
      19
      17
      24
      27
      16
      22
      16
      13
      25
      20
      26
      17
      24
      24
      16
      21
      17
      14
      16
      19
      12
      18
       7
      19
      20
      19
      12
      15
      13
      15
      16
      15
      19
      16
      20
      18
       7
      17
      21
      12
      18
      16
      20
      11
      14
      11
      12
      14
      19
      11
      17
      14
       8
      10
      12
      15
      17
      13
       8
      21
      11
      15
      16
      14
      11
      12
       7
      23
      21
      19
      17
      11
      10
      18
      22
      19
      17
       7
      18
      13
      15
       8
      14
       9
      10
      20
      15
      12
      14
      12
      16
       7
      11
      12
       9
      13
      19
       7
      16
      13
      10
      13
      12
      13
      21
      13
      13
      17
      17
      21
      13
      16
      14
      20
      10
       7
      18
      18
      19
       8
      12
      13
      17
      16
      19
      15
      15
       9
      12
      12
      13
      22
      13
       8
      23
      10
      16
      20
      11
      16
      17
      18
       9
      16
      15
      12
      19
       7
      18
      11
      12
      13
      10
      14
      12
      10
      10
      10
      21
      15
      20
      14
       7
      13
      12
      20
       6
      13
      15
      16
      11
      13
      13
      12
       7
      12
      15
      18
      15
      15
      12
       9
       9
       9
      16
      18
      20
      17
      20
      13
      14
      11
      17
      13
      16
      22
      10
      13
      14
       9
      18
      11
      18
       7
      10
      13
      10
       6
      22
      15
      13
      12
       7
      11
      14
      17
      16
      16
      14
      12
      10
      10
      11
      11
      14
      17
      15
      12
      12
       8
      12
      10
      13
      17
      17
       8
       9
      15
      24
      12
      12
       8
      18
      10
      17
      17
      11
      20
      17
      13
      13
       9
      15
      11
      14
      15
      17
      13
      16
      11
      12
      15
      15
      13
       8
       9
      16
      12
       7
      15
      16
      19
      19
      15
      24
      14
      11
      17
       9
       9
      14
      19
      16
      20
      24
      17
      15
      14
      14
      11
      14
      13
      13
      15
      17
      17
      15
      20
      19
      14
      18
      14
      15
      12
      25
      14
      14
      18
      15
       8
      12
      19
      15
      11
      16
      17
      14
      23
      17
      17
       8
      15
      13
      14
      10
      13
      23
      15
      13
      18
      10
      20
       7
      17
      17
       9
      16
      14
      16
      11
      15
      18
      16
      16
      18
      15
       9
      15
      18
      12
      22
      21
      14
      21
      17
      17
      12
      18
      26
      13
      13
      14
      17
      13
      10
      16
      18
      17
      18
       7
      16
      19
      19
      13
      20
      12
      21
      14
      13
       8
      25
      16
      18
      12
      11
      13
      20
      16
      20
      17
      14
      16
      16
       9
      17
      15
      15
      10
      12
      15
      19
      15
      18
      19
      18
      16
      15
      13
      14
      11
      14
       6
      11
      20
      17
      12
      22
      15
      17
      16
      20
      17
      22
      15
      10
      11
      13
      19
       9
      14
      10
       8
      21
      17
      13
      15
      16
      11
      22
       6
      13
      23
      20
      19
      17
      12
      15
      21
      14
      21
      21
       8
      17
      20
      18
      11
      18
      17
      21
       8
      13
      20
      19
      12
      16
      18
      12
      17
      13
      21
      14
      17
      24
      12
      18
      11
      13
      12
      12
      16
      25
      20
      18
      21
      19
      14
      23
      13
      16
      17
      23
      17
      20
      15
      14
      22
      24
      18
      21
       6
      18
      16
      16
      19
      21
      13
      14
      23
      11
      12
      22
       6
      18
      20
      17
      16
      20
      19
      17
      14
      21
      21
      21
      18
      21
      16
      16
      23
      12
      16
      15
      21
      19
      13
      21
      21
      19
      18
      19
      20
      15
      18
      23
      18
      22
      25
      14
      17
      21
       9
      27
      14
      16
      19
      13
      17
      12
      17
      23
      15
      18
      21
      22
      15
      15
      16
      23
      16
      13
      16
      19
      22
      19
      21
      18
      20
      26
      14
      16
      20
      12
      17
      27
      19
      25
      21
      25
      16
       8
      29
      12
      24
      25
      12
      24
      21
      22
      23
      21
      12
      18
      19
      14
      21
      16
      17
      21
      17
      14
      16
      21
      18
      13
      17
      21
      16
      16
       7
      17
      11
      20
      20
      23
      17
      11
      12
      11
      20
      17
      12
      13
      16
      16
      17
      14
      17
      23
      13
      18
      18
      20
      10
      22
      12
      13
      16
      18
       8
      15
      15
      14
      18
      19
      19
      12
      14
      11
      14
      17
      11
       9
      21
       9
      16
      18
      18
      16
      12
      18
      18
      12
      10
      18
      14
      18
      14
      14
      14
      12
      23
      25
      13
      11
      13
      19
      17
       8
      22
      13
      20
      15
      19
      17
      22
      14
      12
      20
      14
      10
      15
      13
      14
      18
      12
      12
      16
      16
      17
      19
      22
      16
      26
      18
      15
      20
      22
      19
      17
      22
      18
      13
      20
      17
      17
      19
      13
      10
       9
      16
      13
      20
      15
      12
      14
      22
      13
      27
      14
      19
      17
      15
      12
      11
      23
      12
      20
       7
      20
      16
      13
       4
       0
       0
       0
       0
       0
       0
       0
       0
       0
       0
       0
       0
       0
       0
       0
       1
       0
       0
       0
       0
       0
       0
       0
       0
       0
       0
       0
       0
       0
       0
       0
       0
       0
       0
       0
       0
       0
       0
       0
       0
       0
       0
       0
       0
       0
       0
       0
       0
       0
       0
       0
       0
       0
       0
       0
       0
       0
       0
       0
       0
       0
       0
       0
       0
       0
       0
       0
       0
       0
       0
       0
       0
       0
       0
       0
       0
       0
       0
       0
       0
       0
       0
       0
$ROI:
1
712 830
$PRESETS:
None
0
0
$ENER_FIT:
-23.656767 2.297974
$MCA_CAL:
3
-2.365677E+001 2.297974E+000 2.836717E-005 keV
$SHAPE_CAL:
3
0.000000E+000 0.000000E+000 0.000000E+000
