$SPEC_ID:
No sample description was entered.
$SPEC_REM:
DET# 1
DETDESC# DESKTOP-I499GD2 Easy-MCA-2k SN 18191655
AP# Maestro Version 7.01
$DATE_MEA:
02/26/2024 15:26:00
$MEAS_TIM:
54 55
$DATA:
0 2047
       0
       0
       0
       0
       1
       2
       7
      10
     302
     138
     119
     100
     106
     129
     120
     119
     115
     134
     131
     133
     127
     114
     153
     136
     138
     131
     145
     149
     144
     180
     185
     164
     188
     208
     181
     203
     191
     178
     174
     214
     185
     201
     199
     168
     223
     223
     228
     260
     270
     277
     253
     320
     320
     326
     338
     316
     362
     321
     309
     374
     352
     392
     484
     551
     629
     625
     614
     553
     493
     398
     352
     355
     307
     277
     287
     309
     274
     292
     262
     302
     326
     292
     291
     289
     295
     318
     324
     293
     272
     288
     330
     330
     294
     298
     308
     301
     280
     315
     296
     271
     306
     263
     316
     279
     276
     269
     300
     277
     256
     250
     242
     288
     274
     255
     254
     242
     261
     231
     246
     251
     256
     245
     242
     210
     221
     209
     216
     230
     205
     236
     213
     194
     232
     186
     200
     209
     214
     201
     201
     228
     173
     189
     199
     198
     199
     200
     198
     179
     190
     147
     164
     179
     207
     155
     171
     154
     154
     175
     171
     160
     162
     157
     138
     150
     165
     161
     140
     148
     156
     145
     148
     155
     144
     138
     127
     172
     155
     152
     130
     132
     118
     113
     129
     147
     121
     138
     117
     132
     134
     128
     147
     140
     116
     110
     101
     107
     133
     135
     118
     132
     131
     128
     129
     149
     135
     119
     127
     122
     110
     113
     119
     115
     121
     114
     119
     145
     157
     153
     154
     177
     195
     199
     189
     238
     251
     245
     262
     278
     311
     347
     319
     348
     314
     296
     270
     302
     259
     230
     237
     221
     166
     177
     158
     128
     135
     122
     115
     123
     108
      97
      87
      93
      74
      95
      91
      70
      71
      94
      94
      73
      84
      87
      89
      88
      72
      82
     101
      99
      83
      60
      87
      65
      89
      92
      77
      74
      65
      79
      71
      79
      85
      59
      85
      74
      71
      62
      59
      83
      71
      73
      69
      78
      70
      70
      75
      63
      90
      91
      86
      83
      58
      72
      77
      78
      71
      65
      72
      81
      65
      81
      72
      75
      70
      67
      69
      76
      69
      54
      61
      76
      64
      60
      57
      71
      66
      80
      83
      69
      72
      94
      72
      86
      70
      71
      87
      74
      62
      68
      82
      75
      69
      65
      71
      60
      65
      66
      67
      61
      54
      71
      65
      73
      60
      64
      64
      58
      67
      66
      75
      79
      60
      56
      59
      62
      73
      72
      70
      74
      57
      73
      54
      66
      67
      60
      73
      58
      76
      56
      61
      62
      60
      61
      52
      53
      57
      60
      64
      61
      58
      65
      46
      59
      69
      60
      58
      67
      46
      54
      53
      45
      55
      49
      72
      56
      54
      59
      56
      43
      46
      52
      68
      67
      53
      57
      50
      61
      53
      66
      65
      56
      54
      59
      64
      59
      59
      54
      56
      50
      57
      55
      61
      52
      54
      48
      50
      52
      67
      51
      53
      49
      46
      51
      55
      48
      52
      45
      46
      53
      39
      52
      50
      63
      58
      59
      67
      63
      55
      58
      46
      61
      60
      57
      42
      51
      47
      72
      46
      47
      50
      60
      48
      43
      41
      50
      54
      59
      54
      45
      46
      41
      59
      52
      53
      57
      61
      69
      66
      55
      53
      47
      64
      53
      62
      54
      51
      47
      60
      51
      53
      58
      66
      48
      56
      55
      58
      59
      63
      59
      64
      45
      57
      52
      57
      57
      52
      42
      51
      54
      54
      54
      46
      55
      42
      64
      43
      50
      57
      55
      48
      56
      43
      50
      56
      66
      60
      56
      51
      58
      54
      58
      68
      58
      43
      57
      68
      50
      56
      65
      55
      51
      50
      52
      65
      67
      70
      67
      62
      64
      74
      74
      54
      59
      61
      77
      70
      59
      60
      51
      48
      38
      65
      64
      60
      58
      68
      70
      50
      64
      50
      59
      64
      57
      60
      66
      78
      65
      61
      56
      49
      75
      57
      54
      53
      55
      72
      52
      62
      50
      65
      76
      52
      45
      50
      59
      48
      68
      59
      51
      30
      62
      59
      52
      55
      63
      56
      65
      61
      64
      57
      44
      65
      71
      53
      62
      67
      64
      60
      74
      62
      84
      70
      72
      71
      54
      75
      65
      67
      64
      60
      56
      80
      68
      61
      61
      68
      59
      67
      72
      75
      65
      68
      62
      57
      61
      57
      59
      70
      57
      61
      49
      51
      46
      54
      58
      50
      56
      64
      48
      53
      43
      49
      47
      45
      40
      48
      30
      36
      42
      36
      34
      28
      29
      37
      40
      38
      21
      49
      33
      32
      37
      20
      39
      37
      36
      38
      21
      24
      30
      26
      28
      23
      26
      23
      25
      33
      26
      26
      21
      23
      22
      27
      26
      33
      35
      29
      25
      32
      33
      32
      30
      31
      36
      20
      32
      22
      29
      32
      36
      27
      38
      33
      27
      33
      30
      23
      28
      41
      34
      32
      44
      41
      45
      69
      59
      64
      78
      70
      79
      91
      97
     100
     103
     114
     102
     111
     137
     154
     138
     171
     165
     168
     202
     187
     154
     185
     215
     209
     230
     196
     215
     209
     217
     185
     203
     205
     176
     197
     193
     173
     179
     138
     162
     148
     145
     120
     110
     119
     106
     103
     104
      95
      90
      65
      68
      75
      69
      68
      58
      37
      58
      50
      58
      36
      33
      36
      25
      25
      20
      26
      29
      22
      25
      18
      17
      21
      14
      12
      26
       7
      19
      11
      15
      12
      28
      15
      19
      16
      18
      11
      16
      12
      21
      17
      15
      10
      13
      14
      14
      17
      16
      16
      19
      18
      21
      16
      12
      13
      19
      12
      16
      16
      17
      10
      18
      14
      21
      19
      18
      13
      15
      20
      22
      15
      15
      26
      14
      16
      15
      27
      12
      14
      18
      17
      17
      11
      19
       7
      12
      14
      14
      16
      16
      19
      23
      14
      18
      18
      12
      23
      24
      18
      12
      12
      20
      17
      24
      16
       9
      18
      14
      16
      14
      18
      19
      20
      16
       7
      13
      13
      12
      15
      22
      18
      12
      14
       7
      14
      17
      16
      17
      16
      17
      18
      19
      15
      15
      15
      16
      14
      15
      11
      17
      16
      21
      12
      14
       9
      14
      10
      13
      15
      13
      14
      12
      20
      14
      15
       7
      15
      16
      11
      13
      19
      22
      21
      13
      14
      20
      14
      13
       8
      13
      15
      16
      11
       8
      18
      14
      13
      19
      25
      13
      16
      14
      10
      14
      16
      16
      10
      16
      18
      11
      15
      18
       7
      15
      11
      13
      23
      19
      20
      19
      11
      18
      12
      21
      23
      17
      15
      19
      13
      12
      14
      20
      20
      10
      21
      16
      17
      15
      11
      17
      19
      15
      17
      11
      21
      21
      21
      17
      17
      12
      14
      10
      15
      21
      14
      12
      13
      16
      10
      12
      15
      16
      12
       9
      13
      22
      11
      18
      13
      12
       6
       8
      12
      12
       9
       9
      10
      17
      11
      22
       9
      17
      11
      21
      12
      10
      13
      14
      12
       8
       6
      15
      10
      15
      10
       7
      15
       7
      12
       6
      17
      10
      14
      12
      13
      16
      12
      10
      12
      12
      11
      11
      15
      14
      11
      10
      16
      21
      14
      10
      15
      12
      14
       6
      12
       7
       9
      14
      11
      14
      16
      18
      14
      17
      16
      10
      10
      16
      10
      13
      12
      17
      11
      14
      15
      10
       7
      15
      20
      13
      14
      12
       8
      12
      12
      21
      13
      16
      13
      12
      10
       7
      13
      12
      11
      12
       6
      13
      13
       9
      14
      15
      11
      17
      11
      15
      12
       9
      10
      12
      10
      10
       7
      13
       8
       8
       9
      15
       9
       9
       8
      10
      11
      11
      17
      11
      10
      11
       9
      15
      10
      10
      12
       9
      18
      12
       9
      15
      13
      12
      18
      11
      11
      10
      12
      10
      10
       9
      11
      14
      11
      12
      12
      15
      16
       8
      18
       9
      16
      19
      13
      20
      14
      13
      21
      17
      14
      15
      17
      11
      26
      13
      14
      18
      12
      14
      10
      15
      20
      18
      17
      10
      14
      17
      14
      19
      13
       9
      14
      17
      15
      14
      13
      17
      14
      12
      17
       9
      14
      12
      15
       7
      13
      12
       8
      11
      11
      11
      12
       6
       5
      19
      14
       8
      16
      13
      11
      13
      10
      10
       8
      14
      10
      10
       9
      13
       6
       9
      13
      12
      11
       8
       8
      12
       9
      19
       6
      11
      13
       7
      15
      14
      12
      13
      14
      12
      10
      13
      20
      12
       6
      15
      15
      15
       9
       8
      17
       9
      15
      15
      10
      13
      11
      10
      10
       9
      14
       8
      12
      12
      15
      18
      17
      12
      12
      16
       8
      13
      14
      17
      15
      10
      19
      11
       9
      10
      15
      14
       6
       9
      11
      10
      11
      23
      10
       5
      12
       7
      15
      16
      13
      17
      10
      12
      16
      16
      10
      11
      14
      14
      11
      11
      18
      12
      15
      13
      16
       9
      14
      12
       6
       9
      14
       9
      10
       9
      10
      12
       8
      10
      14
      10
      13
      14
      12
      15
       7
      16
      14
      10
      11
       6
       8
       8
      10
       7
      11
      10
       9
      11
      18
      11
       9
      12
       9
      14
       7
       9
       8
      12
       5
      14
      10
      11
      12
      10
      11
       8
       8
       9
      11
       7
      14
       5
      15
      10
       7
      12
       8
      12
      14
      13
       8
       9
       8
      12
      13
       8
       6
      14
       8
       9
      14
      16
      15
       8
       9
      13
       9
       9
       9
       6
      15
       7
       7
       9
      12
      11
      11
      12
      15
       7
      13
      13
      10
       7
      11
      11
      10
       7
      11
      11
      13
      12
      13
       9
      12
      12
      13
       9
       9
      11
      10
      11
      12
       7
       9
       9
       8
      13
      11
      15
      12
      18
      17
      13
       7
      14
       7
      12
       9
       6
      14
      11
      12
       6
       7
      14
      11
       6
      14
      19
      14
       6
      13
      10
      15
       8
       9
      14
      12
       9
       7
       8
       4
      11
       6
      15
      11
       9
       7
      19
      12
      15
      12
       6
      16
      12
       9
      20
      11
      15
      11
       7
      17
      15
       7
      11
      10
      11
      10
      12
      10
      10
      12
      12
      19
       9
      12
      11
       9
      13
      12
      14
       7
      13
      13
       9
      10
      11
      15
      17
       8
       4
      13
       8
      20
      13
       8
       5
       7
      15
       9
      11
      15
      12
      14
      10
       7
      16
      10
      15
       8
      11
       8
      14
       9
      10
      15
      16
      13
      14
      10
      13
      17
       7
      10
       6
      11
       5
      14
      17
      11
      14
       8
      12
      12
      17
      10
      11
      12
      15
      11
      12
      12
      12
       9
      12
       7
      19
      11
      12
      20
       9
      11
      17
      15
      15
      12
      11
      14
      14
      13
       7
       7
      18
      20
      15
      22
       7
      14
      13
       9
      13
      15
      12
       9
       9
       9
       6
      18
      12
      11
      11
      14
      16
       9
      17
      10
      15
      12
      11
      14
      14
      13
      16
      11
       7
      12
      12
      14
      15
      11
      17
      14
      14
       9
      20
      10
       4
      28
      15
      14
      16
       9
      10
      16
      10
      13
      14
      12
      17
      18
      19
      16
      12
      11
      16
      15
      12
       6
      18
      19
      10
       9
      11
      21
       9
       9
      21
      21
      10
      17
       8
      12
      16
      22
       8
      14
      11
      16
      18
      14
      19
      20
      13
      10
       9
      12
      15
      20
      13
      11
      15
       7
      11
      13
      13
      11
      21
      13
      10
      13
      14
      15
       8
      17
      21
      16
      14
      11
      15
      22
      25
      16
      13
      14
      12
      19
      14
      19
      20
      17
      16
      15
      10
      13
      13
      16
      17
      11
      17
      15
       9
      16
      18
      12
       7
      10
      14
      12
      11
      26
      17
      12
      12
      13
      12
       8
      17
      16
      10
      10
      21
      18
      18
      23
      26
       6
      18
      11
      20
      17
      22
      14
       8
      20
      17
       9
      17
       9
       9
      11
      21
      15
       7
      16
      11
      12
      14
      20
      15
      17
      10
      16
      16
      15
      19
       6
      14
      14
       9
      17
      15
      16
      11
      14
      16
       4
      16
      11
      15
      14
       9
      19
      10
      12
      16
      11
      15
       9
      12
      15
      12
      13
       8
      18
      20
       8
       6
      13
      13
       5
      22
      16
       9
       9
       9
       8
      14
      13
      17
      14
      15
      13
      10
       9
      12
       6
      13
      15
      14
      14
      11
      10
      10
       9
      15
       9
      13
       9
      18
      12
      16
      10
      14
      13
      11
      10
      11
       8
      12
       9
      14
      21
      14
      15
      12
       9
       6
      10
       6
      21
       6
       9
      13
      12
      11
      13
       7
       7
      12
       8
       7
      15
      17
      11
      15
      14
      20
      12
      16
      17
      14
       7
      18
      13
      11
       9
      13
       8
      11
      11
      23
      12
      13
      12
       7
      13
      15
      10
      13
       9
      14
      13
       9
      10
      15
      18
      10
      14
      10
       3
       0
       0
       0
       0
       0
       0
       0
       0
       0
       0
       0
       0
       0
       0
       0
       0
       0
       0
       0
       0
       0
       0
       0
       0
       0
       0
       0
       0
       0
       0
       0
       0
       0
       0
       0
       0
       0
       0
       0
       0
       0
       0
       0
       0
       0
       0
       0
       0
       0
       0
       0
       0
       0
       0
       0
       0
       0
       0
       0
       0
       0
       0
       0
       0
       0
       0
       0
       0
       0
       0
       0
       0
       0
       0
       0
       0
       0
       0
       0
       0
       0
       0
       0
$ROI:
1
712 830
$PRESETS:
None
0
0
$ENER_FIT:
-23.656767 2.297974
$MCA_CAL:
3
-2.365677E+001 2.297974E+000 2.836717E-005 keV
$SHAPE_CAL:
3
0.000000E+000 0.000000E+000 0.000000E+000
