$SPEC_ID:
No sample description was entered.
$SPEC_REM:
DET# 1
DETDESC# DESKTOP-I499GD2 Easy-MCA-2k SN 18191655
AP# Maestro Version 7.01
$DATE_MEA:
02/29/2024 12:54:57
$MEAS_TIM:
22 23
$DATA:
0 2047
       0
       0
       0
       0
       0
       0
       0
       0
      23
      19
      22
      17
      22
      21
      25
      29
      14
      21
      19
      14
      30
      14
      18
      24
      24
      22
      16
      22
      20
      34
      28
      19
      26
      27
      25
      24
      23
      28
      24
      20
      27
      23
      29
      31
      38
      50
      34
      38
      35
      34
      29
      42
      47
      50
      40
      43
      49
      64
      54
      66
      52
      40
      43
      67
      58
      79
      73
      51
      55
      57
      61
      58
      66
      50
      58
      62
      53
      61
      58
      45
      63
      51
      59
      55
      60
      57
      41
      65
      57
      53
      55
      39
      35
      44
      56
      45
      54
      47
      55
      46
      48
      47
      42
      42
      49
      60
      55
      38
      53
      43
      45
      47
      42
      42
      40
      43
      59
      42
      38
      35
      43
      41
      51
      50
      47
      41
      31
      42
      41
      33
      33
      33
      35
      52
      34
      34
      34
      39
      27
      38
      31
      31
      24
      33
      35
      27
      29
      28
      28
      27
      28
      24
      27
      36
      32
      28
      27
      14
      31
      30
      28
      17
      20
      28
      33
      29
      25
      31
      20
      21
      26
      25
      33
      32
      21
      21
      29
      22
      23
      23
      15
      21
      19
      15
      20
      12
      21
      28
      22
      14
      17
      25
      18
      27
      22
      23
      27
      24
      25
      13
      20
      29
      22
      26
      22
      20
      22
      17
      16
      18
      15
      24
      24
      29
      21
      26
      20
      22
      29
      31
      31
      34
      47
      49
      35
      53
      51
      39
      52
      52
      43
      53
      40
      41
      37
      29
      32
      21
      27
      36
      19
      26
      17
      28
      15
      23
      11
      20
      19
      11
      10
      15
      20
      18
      12
      16
      15
      17
       8
      22
      15
      10
      11
      15
       8
      15
      16
      14
      10
      14
      14
      11
      12
      11
       9
       9
       7
      14
      16
      12
      16
       9
      11
      10
      12
      10
      18
       8
      17
      12
      11
      11
       3
       6
      10
       9
      14
      14
       9
      13
      14
      12
       4
      11
      10
      17
       8
      15
       6
      12
      14
      13
      11
      11
      11
      12
      13
      24
      17
      17
       7
      11
      10
       5
      10
       7
      10
      11
      15
      21
      16
      14
      16
      12
      17
      11
       9
       5
      10
      14
      12
      13
       6
      10
      17
       9
       6
      12
      12
       5
       4
       6
       6
      10
      13
       7
       8
      16
       9
      12
       9
      11
      16
      11
       9
      10
       9
      18
      16
       9
      13
      12
      11
       9
      11
       8
      11
      12
      12
       9
      15
      11
       5
       4
       5
      12
       8
      12
      10
       8
      12
       9
       7
       3
       8
      13
       9
       9
      11
       5
      15
       7
       9
      18
       6
      10
       8
      13
       8
       8
       8
       2
       9
      12
      14
       6
       7
       9
       8
      14
       8
       7
      12
       4
       9
       6
       8
       9
       5
      12
       9
      14
       6
       8
       7
       7
       6
       8
      14
       8
       8
       8
       8
       6
       7
       7
      12
      12
       6
      12
       6
       4
       8
      12
       6
      13
       9
       9
      12
       8
       6
      14
       8
      14
       9
      11
       8
      12
      11
       6
       7
      10
       9
       3
      10
       6
      10
      12
      10
       8
       7
      11
      11
      10
      18
      14
      16
       9
      10
       7
      17
       9
      10
       8
      15
       8
      12
       9
       7
       5
      13
      10
       6
       7
      10
       4
      16
      13
       7
       9
       9
      10
      10
       6
       4
      14
       6
       4
      11
       5
       6
      15
      12
       6
       7
       9
       3
       8
      11
       5
      14
      11
       5
       8
      10
       4
       7
       8
       9
       4
       6
       6
      15
       7
       7
      11
       7
       7
      11
      12
      11
       5
       6
       9
       8
       8
       8
      13
      10
      12
      12
       7
       9
      12
      11
      14
      21
       4
      10
      12
      12
      10
       9
      10
       6
       8
       6
       5
       4
      10
      10
       6
      14
       7
       9
      10
      10
      11
      11
       7
      14
      15
      10
       7
       9
       8
      12
       8
      12
      10
       8
       7
       9
      15
       6
       5
       6
      10
      14
       7
       9
      10
       8
      12
      10
       3
      11
      10
      12
      12
      11
      14
       7
      11
      12
      13
       7
      10
      15
      14
      10
       5
      11
       5
      11
       9
       8
       9
      14
      11
       8
       7
       7
      12
      10
      11
       9
       7
       9
       9
       7
       7
       6
       8
       9
       9
      10
       6
       7
       6
       4
       8
       4
       4
      17
       9
      10
       9
       4
       1
       6
       5
       4
       5
       8
       4
       3
       3
       5
       3
       4
       5
       3
       9
       7
       6
       2
       6
       2
       4
       4
       7
       4
       3
       3
       6
       5
       6
       2
       2
       3
       3
       1
       5
       2
       3
       4
       1
       4
       3
      10
       1
       8
       5
       3
       6
       4
       5
       1
       6
       4
       9
       4
       3
       3
       5
       6
       5
       1
      10
       6
       4
       2
       8
       6
       7
      12
      12
      16
      16
      14
       8
      10
      22
      17
      25
      20
      21
      22
      37
      30
      30
      28
      24
      34
      25
      26
      32
      27
      44
      35
      39
      45
      34
      35
      34
      30
      24
      41
      37
      26
      32
      16
      18
      26
      21
      17
      19
      20
      25
      16
      19
      11
      10
      11
      11
      10
       5
       8
      11
       5
       6
       3
       5
       5
       4
       7
       4
       8
       7
       6
       2
       3
       5
       7
       3
       3
       2
       4
       1
       2
       7
       3
       2
       2
       1
       3
       2
       3
       1
       2
       3
       2
       0
       2
       1
       4
       3
       2
       0
       1
       1
       2
       3
       5
       3
       2
       2
       5
       1
       2
       2
       3
       0
       2
       5
       1
       2
       2
       4
       2
       2
       4
       4
       3
       2
       2
       1
       2
       5
       3
       4
       2
       2
       2
       1
       3
       2
       0
       3
       3
       4
       2
       1
       2
       2
       0
       4
       4
       3
       5
       6
       1
       1
       2
       2
       5
       4
       1
       3
       0
       3
       6
       2
       0
       4
       1
       2
       3
       1
       2
       2
       2
       3
       0
       1
       2
       2
       3
       3
       1
       2
       2
       3
       2
       2
       1
       2
       2
       5
       2
       1
       2
       2
       2
       0
       1
       2
       3
       2
       4
       1
       3
       2
       0
       0
       2
       2
       1
       1
       2
       2
       3
       1
       3
       2
       4
       1
       3
       3
       5
       3
       3
       6
       2
       3
       3
       5
       1
       4
       2
       0
       3
       3
       1
       2
       3
       3
       2
       2
       3
       2
       1
       5
       3
       1
       4
       4
       4
       1
       4
       3
       4
       3
       0
       6
       2
       3
       3
       2
       3
       5
       2
       4
       4
       2
       4
       7
       2
       1
       4
       1
       5
       4
       4
       4
       4
       3
       3
       2
       4
       5
       3
       1
       3
       3
       2
       2
       6
       5
       0
       0
       3
       2
       4
       0
       0
       4
       1
       2
       2
       1
       4
       2
       2
       1
       1
       0
       4
       5
       0
       0
       3
       2
       1
       4
       3
       2
       1
       4
       1
       4
       2
       1
       2
       2
       2
       2
       2
       1
       0
       1
       3
       1
       2
       1
       2
       1
       2
       0
       5
       3
       1
       2
       1
       5
       2
       1
       2
       2
       5
       2
       1
       0
       6
       1
       2
       2
       3
       2
       3
       2
       2
       3
       1
       5
       1
       1
       1
       3
       1
       1
       3
       1
       1
       3
       2
       2
       2
       0
       0
       2
       0
       1
       1
       4
       3
       3
       0
       2
       2
       0
       4
       3
       3
       1
       1
       1
       1
       0
       3
       3
       1
       0
       2
       1
       1
       4
       0
       2
       1
       3
       0
       1
       3
       4
       1
       1
       1
       1
       3
       3
       0
       1
       2
       1
       5
       0
       3
       2
       3
       1
       4
       4
       0
       0
       2
       1
       4
       2
       5
       1
       3
       1
       1
       4
       2
       5
       5
       3
       2
       4
       1
       2
       0
       1
       3
       5
       2
       5
       2
       4
       1
       6
       2
       5
       5
       4
       6
       4
       4
       2
       2
       2
       6
       4
       3
       2
       2
       3
       4
       1
       3
       1
       6
       3
       3
       7
       2
       1
       2
       1
       6
       2
       1
       4
       1
       3
       3
       4
       0
       6
       2
       7
       3
       0
       0
       2
       1
       1
       2
       1
       0
       1
       5
       0
       2
       1
       0
       1
       1
       1
       1
       2
       1
       2
       0
       1
       2
       0
       2
       2
       2
       1
       0
       3
       2
       1
       1
       1
       1
       0
       2
       1
       1
       1
       2
       0
       1
       1
       0
       2
       2
       2
       2
       1
       1
       2
       3
       1
       3
       5
       1
       2
       2
       1
       1
       0
       1
       2
       0
       2
       3
       1
       2
       2
       0
       5
       3
       1
       1
       0
       1
       0
       0
       1
       2
       0
       0
       2
       0
       0
       0
       0
       3
       1
       0
       2
       2
       4
       0
       2
       0
       1
       0
       2
       1
       0
       2
       2
       1
       1
       1
       1
       1
       1
       2
       0
       3
       0
       1
       0
       2
       2
       2
       3
       3
       2
       2
       1
       2
       2
       3
       0
       3
       1
       1
       0
       4
       1
       2
       1
       1
       0
       1
       1
       2
       1
       0
       2
       1
       1
       1
       2
       2
       1
       2
       1
       1
       4
       0
       2
       1
       1
       0
       0
       0
       2
       2
       1
       1
       1
       2
       0
       1
       1
       1
       1
       3
       2
       2
       1
       2
       1
       2
       1
       1
       0
       1
       1
       1
       1
       1
       1
       1
       1
       1
       1
       1
       2
       4
       3
       1
       2
       2
       3
       2
       0
       1
       0
       2
       1
       1
       3
       0
       0
       2
       5
       2
       1
       1
       0
       0
       1
       1
       0
       1
       2
       4
       0
       1
       2
       0
       0
       3
       1
       2
       2
       2
       0
       1
       2
       1
       2
       0
       1
       0
       1
       1
       3
       2
       2
       1
       1
       1
       1
       0
       1
       4
       0
       1
       1
       2
       1
       0
       3
       1
       2
       1
       3
       2
       2
       3
       2
       1
       1
       2
       3
       0
       3
       1
       0
       1
       0
       0
       1
       3
       1
       1
       1
       2
       1
       1
       2
       2
       2
       1
       0
       1
       3
       2
       1
       1
       2
       1
       0
       2
       1
       1
       3
       1
       0
       1
       0
       1
       0
       1
       3
       1
       0
       1
       0
       2
       0
       1
       0
       1
       1
       2
       1
       0
       1
       1
       2
       2
       2
       0
       0
       1
       1
       0
       0
       0
       2
       1
       0
       1
       3
       0
       4
       1
       1
       0
       0
       2
       0
       1
       1
       1
       3
       0
       2
       2
       1
       1
       1
       1
       1
       2
       3
       2
       1
       2
       1
       3
       2
       2
       3
       1
       3
       0
       0
       2
       4
       0
       0
       2
       0
       1
       0
       0
       0
       0
       2
       1
       0
       1
       1
       1
       1
       0
       1
       2
       1
       1
       1
       0
       1
       3
       1
       0
       2
       0
       1
       0
       0
       1
       1
       4
       2
       0
       1
       2
       0
       0
       0
       3
       3
       0
       2
       1
       0
       1
       1
       1
       2
       2
       2
       3
       1
       0
       4
       2
       1
       1
       2
       3
       1
       3
       2
       2
       2
       3
       2
       0
       1
       0
       1
       0
       2
       0
       0
       2
       0
       0
       0
       0
       2
       2
       1
       1
       3
       0
       3
       2
       1
       2
       1
       1
       0
       1
       0
       2
       0
       0
       1
       1
       0
       0
       1
       2
       3
       2
       3
       0
       0
       2
       2
       2
       1
       1
       1
       1
       3
       1
       0
       1
       0
       1
       2
       1
       1
       2
       2
       1
       0
       2
       2
       1
       3
       3
       0
       1
       0
       1
       2
       3
       1
       1
       3
       1
       3
       1
       1
       0
       0
       0
       1
       1
       1
       3
       4
       0
       1
       0
       1
       3
       0
       0
       1
       3
       2
       2
       0
       0
       1
       1
       2
       1
       0
       1
       4
       1
       0
       1
       1
       0
       1
       0
       2
       0
       2
       2
       0
       2
       1
       1
       0
       4
       2
       2
       0
       3
       2
       3
       3
       3
       2
       1
       1
       1
       2
       1
       2
       3
       0
       0
       0
       0
       1
       1
       1
       2
       3
       0
       1
       2
       1
       2
       1
       3
       1
       0
       0
       1
       3
       3
       3
       2
       2
       3
       1
       2
       1
       3
       4
       2
       1
       2
       4
       2
       1
       4
       2
       3
       1
       2
       1
       2
       2
       2
       1
       1
       2
       0
       2
       0
       1
       2
       0
       1
       1
       2
       4
       1
       2
       2
       1
       1
       0
       1
       3
       2
       3
       1
       0
       2
       2
       3
       2
       1
       2
       2
       0
       4
       4
       2
       0
       0
       1
       1
       2
       1
       2
       0
       3
       1
       2
       0
       3
       0
       1
       0
       0
       0
       2
       1
       2
       3
       1
       3
       2
       3
       1
       2
       1
       1
       2
       2
       1
       3
       0
       3
       1
       0
       0
       2
       1
       2
       1
       2
       2
       0
       1
       0
       3
       4
       0
       1
       1
       1
       0
       1
       1
       0
       0
       0
       0
       0
       0
       0
       0
       0
       0
       0
       0
       0
       0
       0
       0
       0
       0
       0
       0
       0
       0
       0
       0
       0
       0
       0
       0
       0
       0
       0
       0
       0
       0
       0
       0
       0
       0
       0
       0
       0
       0
       0
       0
       0
       0
       0
       0
       0
       0
       0
       0
       0
       0
       0
       0
       0
       0
       0
       0
       0
       0
       0
       0
       0
       0
       0
       0
       0
       0
       0
       0
       0
       0
       0
       0
       0
       0
       0
       0
       0
       0
       0
       0
$ROI:
1
712 830
$PRESETS:
None
0
0
$ENER_FIT:
-23.656767 2.297974
$MCA_CAL:
3
-2.365677E+001 2.297974E+000 2.836717E-005 keV
$SHAPE_CAL:
3
0.000000E+000 0.000000E+000 0.000000E+000
