$SPEC_ID:
No sample description was entered.
$SPEC_REM:
DET# 1
DETDESC# DESKTOP-I499GD2 Easy-MCA-2k SN 18191655
AP# Maestro Version 7.01
$DATE_MEA:
02/29/2024 12:48:03
$MEAS_TIM:
28 29
$DATA:
0 2047
       0
       0
       0
       0
       0
       0
       0
       0
      42
      17
      29
      28
      19
      19
      15
      25
      23
      33
      34
      28
      31
      29
      22
      29
      27
      29
      33
      27
      42
      46
      46
      36
      37
      41
      33
      32
      43
      40
      43
      41
      48
      37
      48
      46
      50
      45
      60
      52
      49
      49
      50
      63
      62
      57
      54
      68
      65
      76
      75
      78
      69
      58
      78
      83
      76
      69
      71
      74
      67
      75
      61
      75
      87
      91
      57
      80
      75
      56
      70
      75
      73
      74
      70
      68
      75
      72
      60
      67
      70
      69
      70
      76
      62
      54
      64
      64
      59
      57
      64
      63
      66
      74
      67
      60
      65
      58
      68
      76
      64
      61
      52
      46
      57
      72
      51
      59
      56
      56
      63
      58
      57
      54
      64
      50
      66
      41
      53
      45
      55
      41
      42
      53
      54
      57
      44
      39
      50
      59
      42
      44
      42
      44
      41
      38
      36
      46
      35
      39
      44
      36
      37
      33
      47
      36
      39
      43
      44
      37
      36
      36
      43
      28
      30
      36
      29
      40
      37
      38
      32
      29
      40
      26
      39
      37
      26
      33
      26
      30
      31
      24
      32
      19
      29
      28
      20
      30
      27
      24
      39
      16
      25
      24
      19
      26
      35
      29
      22
      21
      23
      24
      28
      24
      25
      27
      25
      30
      24
      28
      24
      25
      31
      34
      33
      29
      26
      34
      34
      29
      48
      34
      54
      39
      65
      68
      60
      54
      83
      67
      55
      58
      72
      63
      52
      62
      56
      41
      43
      40
      35
      30
      30
      19
      40
      24
      25
      20
      20
      22
      22
      12
      21
      13
      19
      14
      28
      16
      16
      19
      16
      20
      23
      18
      14
      19
      14
      16
      19
      15
      11
      18
      14
      15
      12
      25
      24
      25
      14
      17
      17
      17
      10
      14
      20
      25
      18
      15
      11
      20
       8
      15
      24
      24
      17
      12
      13
      14
      15
      13
       9
      14
      12
      21
       9
      15
      15
      16
      13
      16
      18
      18
       9
      18
      21
      17
      20
      18
      13
      17
      11
       5
      16
      18
      16
      18
      11
      16
      19
      14
      15
      15
      14
       8
      23
      15
       6
      14
      13
      15
      15
      19
      15
      17
      14
      21
       8
      17
      16
      17
      13
      15
      13
      16
      16
      17
      12
      12
      12
      12
       8
      16
      14
      15
      14
      14
      22
       9
      12
      12
      14
      12
       8
       9
      16
      12
      12
      15
      11
      15
      12
      22
      19
      14
      16
      15
      15
      14
      10
      17
       9
      19
      12
      16
      13
      13
      11
      12
       8
      10
       9
       8
       9
      21
      12
       8
       6
      12
      10
      19
      11
       7
      10
      13
      17
      11
       7
      12
       9
      17
       9
      12
      10
      16
      11
      18
      11
      13
      13
      18
      12
      15
      18
      10
      14
      13
      14
      14
      14
       6
      15
      11
      14
      12
       8
      20
      10
      10
      14
      14
      13
       5
      12
       9
      13
      19
       9
      12
       9
      10
       7
      12
      13
      10
      13
       5
      15
       9
      10
       8
      13
       9
      16
      21
       5
      14
      10
      10
      14
      10
      13
      10
      15
      11
      12
      10
       9
      14
      12
      12
      10
      15
      14
      12
      16
      13
      16
      14
      11
      11
      10
       8
      13
       8
      11
      12
       7
      13
      12
       9
      12
      11
      15
      12
      12
      13
      11
       8
      16
      14
      10
      21
       7
       7
      11
      12
      15
      10
      15
      12
       9
      12
      12
       8
      14
      10
       6
      14
      13
      15
      11
      14
      18
      11
       9
       8
      12
      18
      12
       9
      15
      17
      15
      18
      13
       9
       9
      15
      17
       4
      15
      27
      12
      11
      11
      11
      14
       7
      12
       9
       6
      15
      14
      13
      11
      10
      16
       9
      12
      12
       4
      12
      20
      12
       9
      15
      17
      17
      10
      14
      10
       7
       9
      13
      13
      12
       7
      12
      11
       9
      13
       7
      19
       7
      13
      13
       9
       5
      12
      11
      12
      13
      15
       3
      16
      14
      18
       9
      12
      10
      12
      13
      15
      16
       6
      15
      11
      11
      15
      21
      13
       9
      10
      16
      14
      14
      16
      17
      12
      11
      13
      10
      13
      15
      14
      19
      14
      17
      15
      12
      12
      10
      13
      13
       8
      12
       8
       8
      11
      14
      10
       9
       8
      10
      10
       5
       8
       6
      14
       9
      10
       8
       5
       7
      10
       8
       9
       7
       8
       6
       3
       6
       8
       5
       8
      11
       5
      12
       9
       2
       7
       4
       6
       6
       2
       4
       3
       9
       7
       6
       5
       4
       5
       3
       7
       9
       6
       3
       5
      10
       9
       3
       3
       4
       3
       6
       3
       3
       7
       4
       3
       3
       3
       8
       6
       4
      10
      14
       9
       4
       8
       7
       7
      11
       8
      11
      10
      14
      12
      16
      10
       8
      14
      25
      18
      25
      18
      34
      22
      18
      29
      22
      31
      35
      35
      50
      37
      44
      28
      54
      45
      38
      40
      45
      48
      45
      48
      39
      37
      47
      42
      36
      41
      44
      32
      34
      36
      42
      22
      23
      18
      16
      30
      27
       9
      19
      19
      12
      11
      18
      12
      12
      10
      12
      10
       4
       7
       8
       7
       5
       3
       3
       6
       5
       4
       3
       5
       4
       7
       3
       5
       3
       7
       4
       1
       2
       5
       3
       4
       2
       4
       5
       2
       2
       4
       5
       3
       5
       0
       1
       1
       4
       2
       3
       4
       5
       3
       2
       5
       2
       4
       2
       1
       4
       3
       6
       4
       5
       8
       4
       6
       4
       2
       7
       2
      10
       2
       5
       2
       4
       3
       2
       2
       4
       1
       2
       4
       3
       4
       2
       4
       5
       3
       2
       2
       2
       9
       3
       1
       4
       1
       3
       3
       2
       2
       2
       3
       1
       4
       0
       2
       2
       4
       3
       0
       5
       2
       3
       0
       3
       2
       3
       6
       4
       4
       2
       2
       3
       6
       2
       4
       3
       2
       3
       2
       3
       4
       4
       3
       0
       2
       0
       4
       8
       4
       1
       6
       6
       5
       2
       1
       2
       3
       2
       2
       4
       1
       4
       2
       1
       5
       3
       2
       2
       6
       4
       4
       2
       3
       2
       3
       1
       6
       2
       2
       6
       0
       3
       7
       6
       4
       3
       3
       4
       4
       5
       2
       2
       3
       3
       5
       2
       1
       0
       2
       3
       1
       2
       1
       4
       4
       3
       6
       4
       5
       4
       5
       3
       5
       4
       2
       4
       4
       4
       3
       6
       4
       7
       3
       5
       4
       6
       5
       3
       6
       4
       7
       4
       3
       8
       7
       3
       5
       1
       3
       2
       5
       6
       6
       3
       2
       3
       2
       3
       4
       3
       5
       2
       2
       2
       5
       2
       5
       9
       3
       1
       1
       3
       3
       3
       1
       1
       4
       3
       3
       1
       2
       3
       3
       2
       2
       3
       0
       2
       1
       1
       6
       4
       5
       2
       1
       1
       4
       4
       3
       2
       1
       5
       3
       5
       3
       3
       3
       2
       2
       3
       2
       5
       1
       3
       1
       1
       5
       2
       2
       5
       3
       1
       2
       5
       7
       4
       2
       3
       3
       2
       2
       0
       1
       1
       2
       3
       2
       0
       3
       0
       2
       1
       5
       2
       4
       2
       6
       1
       3
       4
       4
       4
       1
       0
       3
       5
       5
       1
       1
       3
       1
       3
       2
       3
       1
       1
       5
       1
       1
       0
       1
       0
       2
       6
       3
       2
       2
       3
       0
       3
       3
       2
       1
       0
       3
       2
       5
       0
       2
       2
       2
       3
       3
       0
       2
       3
       2
       1
       2
       1
       3
       0
       2
       1
       2
       1
       1
       2
       2
       1
       2
       2
       0
       1
       3
       2
       5
       4
       5
       3
       3
       5
       1
       3
       0
       2
       5
       4
       8
       7
       5
       5
       7
       3
       1
       6
       4
       5
      11
       4
       5
       6
       8
       4
       4
       6
       5
       8
       0
       4
       1
       3
       5
       7
       2
       6
       9
       4
       3
       2
       2
       3
       6
       6
       2
       1
       6
       0
       3
       2
       4
       3
       0
       2
       1
       2
       3
       5
       1
       3
       2
       7
       0
       2
       2
       2
       5
       3
       4
       2
       0
       1
       3
       2
       2
       1
       1
       2
       2
       3
       4
       0
       4
       2
       5
       2
       2
       3
       0
       1
       2
       2
       1
       1
       1
       1
       2
       1
       1
       5
       0
       0
       3
       1
       1
       3
       2
       2
       2
       1
       2
       5
       1
       2
       2
       0
       1
       0
       2
       4
       0
       1
       3
       1
       1
       3
       3
       1
       2
       1
       3
       4
       0
       3
       1
       1
       1
       0
       2
       5
       1
       1
       3
       2
       5
       2
       1
       4
       2
       1
       2
       1
       0
       0
       1
       2
       2
       0
       1
       2
       2
       1
       2
       2
       0
       1
       3
       0
       0
       1
       0
       1
       0
       3
       4
       4
       0
       1
       0
       3
       1
       3
       2
       1
       2
       2
       1
       1
       2
       1
       3
       1
       1
       4
       3
       4
       1
       2
       1
       3
       2
       3
       1
       3
       1
       0
       1
       3
       5
       2
       3
       3
       1
       1
       2
       2
       0
       2
       2
       2
       1
       4
       2
       2
       0
       0
       2
       2
       2
       0
       1
       2
       3
       2
       2
       2
       2
       0
       0
       3
       3
       3
       1
       0
       2
       1
       1
       2
       2
       4
       1
       1
       3
       2
       3
       0
       0
       2
       3
       2
       5
       0
       3
       1
       2
       2
       0
       1
       3
       3
       0
       3
       1
       1
       2
       5
       2
       1
       6
       0
       1
       2
       1
       3
       2
       1
       0
       1
       2
       1
       0
       0
       2
       0
       1
       0
       2
       2
       2
       2
       3
       3
       3
       0
       0
       2
       1
       0
       1
       1
       2
       0
       2
       1
       2
       1
       2
       2
       1
       2
       3
       1
       3
       2
       3
       2
       4
       2
       3
       2
       3
       0
       0
       4
       2
       1
       0
       2
       2
       0
       1
       2
       1
       2
       3
       2
       2
       3
       0
       2
       1
       3
       2
       1
       3
       3
       1
       2
       0
       2
       1
       2
       3
       1
       1
       1
       1
       0
       2
       1
       2
       2
       1
       1
       1
       0
       1
       2
       2
       1
       2
       1
       1
       2
       1
       5
       3
       1
       1
       2
       0
       1
       2
       0
       3
       1
       0
       1
       2
       4
       1
       3
       5
       3
       2
       4
       2
       4
       5
       0
       3
       1
       2
       1
       2
       3
       1
       2
       0
       3
       1
       0
       1
       1
       2
       2
       1
       3
       0
       2
       1
       3
       2
       1
       2
       1
       1
       1
       1
       1
       1
       4
       5
       2
       1
       1
       3
       4
       1
       2
       2
       2
       0
       2
       4
       2
       1
       2
       1
       5
       2
       4
       3
       1
       1
       3
       3
       3
       2
       3
       3
       3
       2
       3
       1
       2
       1
       0
       3
       0
       2
       2
       0
       4
       4
       5
       2
       2
       4
       2
       3
       1
       2
       2
       1
       2
       3
       1
       2
       0
       3
       1
       2
       5
       3
       1
       0
       2
       1
       2
       3
       4
       3
       2
       5
       5
       2
       2
       1
       4
       2
       1
       1
       0
       1
       2
       1
       2
       1
       1
       1
       1
       2
       0
       0
       0
       4
       2
       0
       1
       0
       4
       3
       1
       2
       3
       3
       2
       1
       0
       1
       0
       1
       3
       2
       3
       1
       3
       4
       0
       2
       3
       3
       1
       1
       3
       1
       2
       1
       6
       2
       2
       1
       2
       0
       3
       1
       1
       0
       1
       1
       4
       2
       0
       1
       1
       3
       1
       5
       0
       1
       2
       3
       1
       1
       2
       1
       6
       4
       2
       0
       1
       0
       4
       3
       2
       4
       2
       1
       2
       4
       1
       2
       0
       2
       4
       1
       0
       0
       2
       4
       2
       2
       1
       2
       1
       1
       3
       0
       0
       1
       2
       4
       1
       1
       0
       1
       2
       1
       3
       1
       0
       1
       2
       4
       1
       1
       2
       2
       3
       1
       1
       0
       1
       1
       1
       2
       1
       3
       1
       1
       4
       3
       2
       3
       0
       2
       1
       5
       1
       1
       1
       1
       5
       3
       1
       0
       4
       4
       1
       2
       1
       3
       1
       2
       1
       0
       1
       1
       2
       0
       1
       1
       0
       4
       0
       1
       2
       1
       1
       2
       1
       2
       0
       2
       4
       1
       3
       2
       2
       2
       1
       1
       1
       1
       1
       3
       1
       4
       0
       4
       3
       1
       0
       8
       2
       4
       1
       2
       1
       2
       0
       1
       1
       1
       1
       2
       3
       1
       2
       1
       1
       1
       2
       0
       3
       3
       2
       1
       2
       2
       1
       2
       1
       0
       1
       2
       3
       1
       1
       0
       0
       0
       7
       3
       3
       2
       3
       3
       3
       3
       1
       3
       0
       0
       1
       1
       1
       1
       2
       0
       0
       0
       0
       0
       0
       0
       0
       0
       0
       0
       0
       0
       0
       0
       0
       0
       0
       0
       0
       0
       0
       0
       0
       0
       0
       0
       0
       0
       0
       0
       0
       0
       0
       0
       0
       0
       0
       0
       0
       0
       0
       0
       0
       0
       0
       0
       0
       0
       0
       0
       0
       0
       0
       0
       0
       0
       0
       0
       0
       0
       0
       0
       0
       0
       0
       0
       0
       0
       0
       0
       0
       0
       0
       0
       0
       0
       0
       0
       0
       0
       0
       0
       0
$ROI:
1
712 830
$PRESETS:
None
0
0
$ENER_FIT:
-23.656767 2.297974
$MCA_CAL:
3
-2.365677E+001 2.297974E+000 2.836717E-005 keV
$SHAPE_CAL:
3
0.000000E+000 0.000000E+000 0.000000E+000
