$SPEC_ID:
No sample description was entered.
$SPEC_REM:
DET# 1
DETDESC# DESKTOP-I499GD2 Easy-MCA-2k SN 18191655
AP# Maestro Version 7.01
$DATE_MEA:
02/29/2024 13:08:47
$MEAS_TIM:
32 32
$DATA:
0 2047
       0
       0
       0
       0
       0
       0
       2
       1
      17
      15
      15
      25
      15
      11
      22
      21
      21
      24
      15
      19
      20
      26
      16
      26
      19
      16
      25
      22
      26
      31
      31
      28
      30
      35
      36
      28
      33
      17
      42
      50
      37
      34
      39
      29
      39
      52
      56
      40
      48
      57
      51
      40
      64
      52
      55
      62
      63
      63
      47
      69
      59
      65
      71
      62
      69
      62
      59
      70
      60
      63
      57
      52
      78
      55
      67
      70
      69
      74
      63
      59
      64
      67
      55
      68
      76
      68
      67
      66
      65
      51
      55
      57
      64
      75
      50
      53
      63
      52
      59
      65
      65
      59
      56
      64
      54
      46
      55
      52
      65
      54
      54
      61
      48
      48
      44
      40
      52
      43
      51
      41
      46
      42
      52
      38
      52
      28
      42
      34
      37
      47
      42
      33
      37
      43
      39
      53
      28
      52
      46
      44
      35
      38
      36
      39
      34
      43
      43
      27
      46
      25
      38
      27
      37
      32
      33
      28
      28
      26
      36
      20
      22
      27
      24
      43
      32
      26
      36
      21
      22
      28
      26
      31
      30
      23
      19
      35
      21
      21
      20
      28
      20
      24
      29
      24
      21
      33
      17
      35
      27
      21
      38
      23
      21
      17
      24
      29
      19
      24
      17
      22
      18
      20
      22
      19
      20
      19
      15
      22
      28
      26
      21
      21
      29
      28
      25
      30
      30
      28
      39
      28
      33
      44
      33
      37
      34
      48
      43
      63
      61
      37
      51
      52
      48
      44
      47
      35
      43
      28
      18
      32
      29
      19
      16
      21
      21
      15
      16
      18
      14
      17
      14
      18
      12
      10
      13
      17
      15
      12
      20
      13
      17
      18
      14
      15
      20
      21
      15
      15
      19
      19
      16
      17
      11
       8
      16
      13
      21
      11
      15
      15
      13
      14
      14
      17
      13
      11
      17
      19
      16
      20
      19
      15
      13
       9
      11
      13
       9
      14
       9
      12
      11
      11
       9
       8
      13
      19
      14
      15
      11
      21
      13
      16
      14
      10
      13
      10
      13
      15
      12
      14
       8
      12
      12
      10
      10
      24
      13
      21
      12
      12
      19
      10
      12
      15
      14
       6
      12
      14
      13
       9
      11
      12
      11
      11
      12
       7
      10
      10
      11
      20
      18
       7
       7
      13
      16
      12
      15
       8
       5
      11
      13
      16
       9
      12
      11
      19
      15
      13
      11
      13
      15
       6
      17
       5
      13
      16
      12
      10
       8
       8
      16
       8
       7
       9
       9
      16
      10
       9
       6
      10
       7
      11
       7
       4
      14
      10
      10
       7
       9
       9
      11
      11
      12
      12
       8
       8
      18
      11
       7
       7
       7
       5
       7
      10
       2
       9
      12
       9
       8
      10
      12
       4
      12
      10
      16
      11
      12
       8
       8
       9
       7
       3
       9
       4
      12
      10
       8
       5
       9
      13
       8
       4
      12
      11
       3
       7
       5
       5
       5
       7
       4
       6
       6
       5
       8
       5
      11
       7
      12
       8
       7
       8
      14
      13
       7
       9
       7
      12
       8
       8
       6
       7
       9
      14
       7
      10
      10
      12
       6
       9
       7
      13
      13
      13
      15
      11
      10
       9
      11
      14
       9
       4
       7
      15
      15
      12
      10
      12
       9
       9
       9
       8
       8
      12
      12
       9
      11
      10
      11
       4
       9
       7
       6
       5
       7
       5
      10
       6
       2
      11
       7
       9
       9
       7
       9
       6
       6
       7
      12
      10
       3
       3
      13
      13
      11
      13
       6
       6
       6
      12
       7
      11
       7
       6
      11
      10
       6
       8
      10
      13
       6
      10
       8
      10
       5
      13
      15
       8
       7
      11
      14
       6
      14
      10
      13
       8
      12
      10
      11
      12
       6
       7
      16
      10
      12
      10
       8
       8
       6
       9
       6
       6
       7
      11
       8
       7
       9
       4
       8
       7
       8
      11
       7
       6
      10
      14
       8
       8
       6
       5
      12
       7
       9
      14
       5
       7
       8
      11
       7
      10
      13
      11
       9
      11
      14
      11
       7
       8
       8
       9
      16
      12
      10
      17
       9
       7
      11
      14
      17
      10
      12
       9
      10
      15
       7
      10
       9
      21
      13
      13
      12
       9
      13
      10
      11
       6
       7
      10
       4
       6
      13
      10
       8
       5
       7
       6
       9
       5
      10
       6
       6
       9
       5
       9
       7
       5
       7
      10
       6
       8
       6
       7
       4
       3
       8
       4
       5
       5
       4
       5
       5
       4
       3
      11
       2
       6
       2
       3
       8
       3
       3
       2
       6
       3
       3
       2
       4
       4
       3
       2
       3
       2
       3
       4
       6
       4
       5
       4
       4
       7
       3
       5
       6
       5
       4
       8
       4
       3
       6
       3
       2
       7
       5
       8
       3
       1
       4
       5
       6
       4
       6
       9
      10
       9
       5
      11
       7
      15
      11
      11
      20
       9
      24
      13
      12
      17
      18
      23
      23
      29
      31
      26
      23
      25
      33
      28
      32
      35
      27
      31
      37
      30
      31
      42
      31
      25
      40
      20
      30
      29
      32
      28
      27
      20
      21
      23
      18
      26
      17
      16
      17
      20
      13
      16
      16
      14
      10
       6
      11
       6
      10
      11
       7
       2
       5
       7
      13
       4
       4
      11
       4
       3
       3
       5
       3
       1
       3
       2
       1
       6
       2
       5
       4
       3
       2
       3
       2
       4
       5
       4
       4
       0
       4
       2
       0
       4
       2
       3
       2
       3
       2
       3
       4
       3
       3
       2
       1
       0
       3
       3
       4
       4
       3
       5
       2
       2
       1
       2
       3
       3
       1
       1
       3
       5
       4
       3
       2
       2
       0
       1
       0
       3
       0
       1
       0
       2
       3
       3
       1
       3
       1
       4
       1
       4
       3
       2
       2
       6
       4
       7
       2
       2
       2
       1
       2
       2
       3
       2
       2
       1
       3
       4
       3
       3
       4
       2
       1
       4
       1
       5
       1
       2
       7
       1
       6
       0
       3
       2
       2
       3
       7
       2
       3
       2
       3
       4
       3
       0
       4
       2
       3
       2
       3
       2
       4
       1
       4
       1
       4
       1
       1
       2
       1
       3
       3
       4
       2
       0
       2
       0
       2
       3
       5
       4
       2
       3
       3
       4
       5
       6
       2
       6
       2
       1
       3
       1
       4
       2
       3
       4
       2
       5
       0
       2
       2
       4
       3
       3
       2
       0
       5
       5
       5
       1
       1
       3
       4
       2
       2
       1
       4
       2
       3
       4
       0
       1
       5
       6
       2
       2
       8
       1
       6
       6
       3
       1
       5
       5
       5
       2
       2
       3
       3
       7
       1
       2
       3
       0
       3
       2
       0
       1
       2
       1
       3
       1
       5
       2
       1
       3
       1
       0
       3
       1
       0
       1
       2
       2
       1
       3
       4
       0
       0
       1
       2
       2
       2
       2
       2
       3
       3
       2
       2
       2
       0
       1
       3
       1
       4
       2
       0
       2
       5
       2
       1
       0
       6
       3
       2
       1
       2
       2
       2
       5
       3
       2
       1
       2
       4
       1
       3
       3
       8
       1
       4
       1
       1
       3
       6
       1
       3
       3
       2
       0
       2
       4
       2
       1
       1
       3
       2
       6
       1
       2
       1
       1
       4
       4
       1
       1
       3
       2
       1
       0
       3
       1
       2
       4
       3
       1
       2
       3
       0
       2
       1
       1
       2
       1
       2
       2
       1
       1
       2
       3
       2
       1
       2
       2
       2
       1
       4
       4
       4
       5
       0
       1
       1
       3
       0
       4
       0
       3
       1
       3
       2
       1
       3
       0
       2
       4
       2
       1
       1
       2
       0
       0
       2
       3
       3
       3
       3
       1
       2
       2
       1
       3
       4
       1
       4
       2
       2
       3
       2
       2
       0
       1
       1
       3
       1
       3
       2
       0
       2
       6
       2
       1
       3
       6
       4
       4
       2
       6
       5
       2
       5
       4
       4
       6
       3
       3
       5
       5
       9
       6
       2
       3
       7
       4
       1
       1
       0
       6
       7
       4
       2
       4
       5
       3
       4
       2
       3
       3
       2
       2
       7
       2
       5
       0
       0
       0
       0
       5
       3
       4
       3
       1
       2
       1
       2
       3
       4
       5
       2
       0
       0
       0
       4
       1
       1
       3
       3
       2
       1
       2
       1
       1
       3
       0
       0
       1
       0
       3
       1
       3
       0
       3
       4
       3
       1
       2
       2
       1
       1
       2
       1
       2
       1
       1
       2
       1
       1
       0
       1
       0
       1
       2
       0
       5
       3
       3
       2
       3
       1
       2
       4
       3
       0
       1
       1
       1
       2
       3
       2
       1
       2
       2
       1
       0
       0
       2
       1
       2
       0
       2
       3
       1
       1
       1
       0
       2
       1
       1
       1
       2
       1
       1
       0
       1
       2
       2
       3
       1
       0
       1
       2
       1
       3
       0
       0
       1
       2
       1
       0
       1
       2
       2
       0
       1
       1
       3
       3
       1
       2
       3
       0
       0
       4
       0
       1
       1
       3
       1
       1
       2
       1
       1
       1
       0
       0
       1
       3
       2
       1
       1
       2
       2
       5
       1
       0
       1
       1
       1
       1
       1
       3
       1
       1
       1
       1
       2
       1
       2
       1
       2
       1
       0
       1
       1
       0
       1
       2
       2
       1
       1
       1
       3
       2
       3
       2
       1
       1
       1
       3
       0
       0
       0
       0
       2
       1
       4
       3
       0
       1
       0
       2
       1
       1
       1
       1
       2
       2
       1
       3
       2
       2
       1
       2
       3
       1
       0
       2
       2
       2
       2
       1
       2
       1
       2
       2
       3
       2
       0
       1
       1
       2
       0
       1
       0
       1
       0
       0
       2
       3
       1
       1
       1
       2
       4
       3
       0
       2
       2
       2
       1
       0
       0
       1
       0
       0
       0
       4
       0
       1
       1
       1
       1
       3
       2
       2
       4
       0
       0
       2
       4
       2
       2
       1
       1
       0
       5
       3
       2
       2
       1
       0
       3
       2
       0
       0
       3
       1
       0
       3
       2
       1
       1
       2
       0
       5
       0
       1
       2
       2
       2
       2
       1
       2
       1
       3
       0
       2
       1
       3
       2
       2
       0
       1
       0
       1
       0
       2
       0
       1
       3
       1
       0
       2
       1
       0
       0
       2
       2
       0
       3
       0
       1
       2
       3
       1
       0
       0
       3
       3
       1
       0
       3
       1
       1
       0
       2
       0
       0
       3
       2
       1
       1
       0
       4
       3
       3
       1
       2
       1
       2
       0
       1
       2
       1
       2
       0
       1
       0
       0
       1
       2
       0
       2
       2
       1
       0
       2
       0
       1
       2
       1
       0
       1
       1
       1
       0
       0
       1
       0
       2
       1
       0
       0
       1
       2
       2
       1
       0
       1
       2
       1
       0
       1
       3
       2
       1
       3
       0
       0
       0
       2
       1
       0
       0
       0
       0
       5
       0
       1
       0
       1
       2
       1
       0
       2
       2
       2
       3
       2
       1
       0
       0
       2
       2
       3
       3
       1
       4
       1
       1
       0
       1
       5
       1
       4
       4
       2
       0
       3
       1
       1
       0
       0
       2
       2
       0
       0
       2
       1
       2
       2
       1
       2
       2
       1
       4
       0
       2
       2
       0
       0
       0
       3
       1
       0
       1
       2
       0
       2
       1
       0
       2
       2
       1
       3
       2
       1
       1
       0
       1
       1
       1
       2
       2
       2
       3
       0
       1
       2
       1
       1
       3
       1
       0
       2
       0
       2
       1
       0
       1
       2
       2
       2
       1
       0
       4
       1
       1
       3
       1
       1
       1
       3
       2
       2
       3
       0
       3
       3
       0
       2
       3
       3
       3
       1
       1
       0
       0
       0
       3
       1
       1
       2
       0
       0
       3
       3
       0
       2
       2
       1
       0
       3
       1
       1
       1
       4
       1
       3
       2
       2
       1
       2
       2
       1
       1
       1
       1
       3
       3
       1
       0
       2
       0
       2
       0
       1
       3
       1
       2
       1
       3
       2
       2
       2
       3
       2
       4
       0
       2
       1
       2
       0
       2
       1
       2
       2
       1
       0
       0
       1
       0
       2
       0
       1
       1
       1
       0
       0
       3
       2
       1
       1
       0
       0
       3
       4
       4
       4
       3
       2
       2
       0
       2
       0
       0
       1
       1
       2
       2
       1
       2
       1
       1
       1
       0
       2
       0
       4
       1
       2
       2
       2
       0
       0
       2
       0
       2
       0
       2
       0
       2
       0
       2
       3
       0
       1
       2
       0
       1
       2
       3
       1
       3
       0
       2
       4
       2
       1
       1
       0
       0
       2
       5
       2
       4
       1
       2
       0
       0
       1
       2
       4
       3
       0
       2
       2
       2
       0
       2
       0
       0
       1
       3
       1
       2
       1
       1
       0
       1
       5
       1
       2
       1
       4
       0
       1
       1
       0
       1
       1
       1
       2
       4
       1
       1
       4
       0
       1
       1
       4
       1
       1
       1
       0
       0
       1
       1
       3
       1
       4
       0
       0
       0
       1
       1
       0
       3
       2
       1
       0
       0
       0
       0
       0
       0
       0
       0
       0
       0
       0
       0
       0
       0
       0
       0
       0
       0
       0
       0
       0
       0
       0
       0
       0
       0
       0
       0
       0
       0
       0
       0
       0
       0
       0
       0
       0
       0
       0
       0
       0
       0
       0
       0
       0
       0
       0
       0
       0
       0
       0
       0
       0
       0
       0
       0
       0
       0
       0
       0
       0
       0
       0
       0
       0
       0
       0
       0
       0
       0
       0
       0
       0
       0
       0
       0
       0
       0
       0
       0
       0
       0
       0
       0
$ROI:
1
712 830
$PRESETS:
None
0
0
$ENER_FIT:
-23.656767 2.297974
$MCA_CAL:
3
-2.365677E+001 2.297974E+000 2.836717E-005 keV
$SHAPE_CAL:
3
0.000000E+000 0.000000E+000 0.000000E+000
