$SPEC_ID:
No sample description was entered.
$SPEC_REM:
DET# 1
DETDESC# DESKTOP-I499GD2 Easy-MCA-2k SN 18191655
AP# Maestro Version 7.01
$DATE_MEA:
02/29/2024 12:50:52
$MEAS_TIM:
32 32
$DATA:
0 2047
       0
       0
       0
       0
       0
       1
       0
       3
      36
      23
      19
      23
      31
      34
      35
      26
      28
      27
      36
      23
      31
      28
      32
      24
      30
      31
      36
      31
      31
      38
      34
      50
      28
      32
      42
      46
      33
      41
      33
      48
      47
      53
      53
      46
      37
      52
      57
      56
      60
      62
      68
      66
      67
      74
      82
      71
      81
      77
      83
      76
      98
      86
      85
      78
      74
      58
      82
      78
      76
      81
      81
      76
      71
      72
      83
      88
      94
      79
      81
      72
     104
      78
      83
      80
      81
      93
      68
      68
      95
      87
      75
      74
      76
      73
      73
      76
      77
      60
      84
      71
      82
      69
      59
      60
      64
      79
      67
      69
      64
      66
      78
      55
      72
      62
      66
      74
      74
      65
      60
      56
      58
      61
      57
      48
      52
      70
      51
      51
      47
      43
      67
      60
      41
      53
      44
      53
      54
      66
      54
      51
      55
      39
      41
      44
      44
      53
      46
      43
      40
      34
      43
      42
      41
      38
      50
      34
      49
      36
      42
      43
      54
      35
      28
      36
      31
      47
      39
      32
      39
      40
      47
      43
      29
      31
      33
      31
      30
      26
      30
      43
      34
      30
      29
      31
      28
      34
      33
      26
      20
      34
      24
      30
      28
      23
      33
      31
      28
      35
      24
      34
      32
      22
      28
      24
      25
      37
      28
      31
      30
      29
      22
      28
      27
      28
      35
      35
      28
      41
      48
      51
      60
      65
      57
      59
      66
      67
      56
      69
      65
      62
      63
      71
      60
      69
      55
      58
      58
      50
      54
      47
      30
      37
      27
      31
      21
      24
      18
      17
      33
      30
      21
      28
      24
      13
      19
      26
      15
      19
      18
      19
      20
      18
      17
      21
      20
      12
      19
      15
      17
      19
      20
      31
      19
      12
      24
      20
      13
      16
      25
      12
      31
      19
      19
      24
      20
      18
      24
      19
      22
      23
      17
      18
      21
      15
      16
      21
      19
      18
       9
      20
      11
      15
      16
      17
      19
      17
      14
      22
      18
      15
      22
      17
      17
      18
      13
      13
      16
      10
      12
      14
      27
      21
      20
      20
      12
      21
      20
      15
      25
      15
      10
      13
      20
      19
      15
      21
      11
      18
      28
      20
      15
      20
       8
      14
      20
      16
      11
      18
      17
       5
      20
      10
      21
       9
      11
      18
      12
      20
       9
      20
      20
       9
      16
      21
      20
      22
       9
      19
      13
      12
       6
      10
      14
      13
      16
       9
      14
      15
      16
       6
      17
      10
      16
      12
      15
      12
       9
      13
      16
      10
      10
      10
       8
      11
      15
      12
      18
       8
      20
      11
      15
      11
      17
      15
      16
      12
      20
      12
      11
      16
       8
       8
      12
      14
      13
      11
       9
      17
      11
      16
      15
      17
      16
      12
      16
      16
      14
      12
      21
      12
       7
      19
      18
      11
       9
      12
      12
       9
      12
      11
      11
      10
      12
      11
       8
      14
      11
      11
      15
      10
      14
      13
      17
      14
      10
      14
      17
      11
      23
       8
      12
      13
       8
      13
       6
       4
       9
      20
      13
      12
      13
      14
      14
      20
      23
      21
      12
      18
      12
      16
      25
      12
      19
      13
      13
      19
      19
      25
      11
      22
      13
      18
      17
      18
      17
      11
      17
      17
      10
      11
      10
      11
       8
       8
      13
      12
      20
      13
      10
      13
      18
       9
       8
      11
       5
      22
      15
      15
      18
      11
      11
      19
      14
      12
       9
      11
      10
       7
      22
      10
      13
      20
       6
      17
      14
      13
      14
      10
       9
      12
      19
      14
      12
      10
      12
      17
      10
      14
      18
      11
      20
      11
      21
      12
      11
      22
      16
      13
      16
      15
      19
      13
      13
      16
       9
      14
      13
       9
      14
       8
      14
      18
      12
      16
      13
       6
      14
      19
       4
      22
      17
      16
      10
      16
       9
      13
      12
       6
      12
      10
      23
      15
      13
      20
      13
      19
      13
      12
      19
      14
      11
      24
      12
      11
       7
      16
      19
      12
      16
      14
      14
      19
      13
      17
      16
      15
      15
      13
       6
      13
      14
      12
      15
      11
      15
      17
      18
      17
      14
      15
      18
      12
      10
      18
      19
      18
      17
      16
      17
      16
      16
       8
      14
      13
      16
      11
      10
      10
      14
      12
      15
      19
       9
       8
       9
      13
      13
      17
      11
      15
       5
       9
      12
      10
       5
       6
      11
       5
      10
       3
       9
      13
       7
       6
       9
       8
       8
       8
       6
       5
       8
       7
      11
      11
       5
       1
       6
       8
       5
       5
       7
       3
       7
       3
      10
       3
       5
       5
       6
       2
       9
       6
       6
       5
       5
       3
       3
       4
       5
       4
       2
       3
       7
      13
       7
       4
       3
       4
       4
       4
       3
       3
       4
      10
      10
       9
       8
       7
       6
       6
      14
       9
      10
      11
      10
      13
      12
      10
      13
      20
      17
      17
      33
      30
      17
      34
      38
      21
      33
      36
      46
      37
      40
      38
      42
      41
      48
      55
      44
      51
      51
      57
      54
      45
      40
      37
      55
      47
      39
      43
      42
      26
      43
      28
      43
      23
      40
      27
      22
      17
      29
      20
      19
      24
      17
      15
      12
      14
      13
      13
       4
       6
       7
       7
       3
       9
      12
       5
       4
       5
       4
       6
       6
       4
       5
       4
       4
       2
       3
       3
       8
       4
       3
       2
       2
       1
       6
       2
       3
       2
       1
       4
       8
       6
       1
       3
       3
       4
       6
       4
       2
       0
       2
       2
       6
       4
       8
       8
       5
       2
       3
       3
       2
       9
       4
       1
       9
       3
       4
       2
       8
       5
       4
       0
       3
       1
       3
       4
       5
       4
       5
       4
       3
       6
       2
       1
       4
       4
       1
       4
       2
       9
       3
       0
       2
       4
       5
       4
       0
       5
       4
       4
       3
       5
       4
       2
       5
       2
       6
       5
       2
       3
       3
       2
       6
       3
       5
       4
       3
       2
       0
       3
       6
       5
       3
       4
       3
       4
       2
       5
       3
       4
       6
       2
       3
       4
       4
       4
       3
       1
       0
       4
       2
       2
       1
       1
       2
       5
       2
       4
       1
       6
       3
       4
       5
       6
       1
       6
       1
       4
       0
       4
       4
       1
       4
       1
       2
       2
       3
       1
       5
       1
       2
       6
       1
       2
       4
       2
       1
       5
       1
       6
       4
       2
       4
       3
       4
       3
       6
       7
       3
       5
       3
       5
       1
       5
       2
       2
       6
       1
       2
       1
       6
       1
       3
       5
       1
       7
       3
       4
       3
       3
       3
       5
       0
       5
       2
       1
       4
       1
       4
       6
       2
       5
       4
       5
       6
       2
       4
       0
       4
       4
       3
       8
       2
       3
       2
       2
       5
       5
       3
       5
       1
       1
       2
       9
       4
       5
       6
       2
       3
      10
       7
       2
       4
       4
       2
       2
       1
       1
       4
       2
       3
       4
       3
       3
       3
       2
       2
       4
       3
       3
       3
       7
       3
       2
       7
       4
       1
       5
       4
       1
       2
       5
       4
       5
       1
       3
       3
       1
       4
       5
       5
       1
       6
       4
       4
       6
       3
       3
       5
       5
       4
       2
       1
       5
       2
       0
       2
       4
       0
       1
       1
       3
       2
       0
       3
       2
       4
       4
       4
       3
       3
       4
       2
       2
       2
       3
       1
       6
       3
       6
       1
       0
       1
       0
       3
       0
       2
       8
       1
       5
       3
       3
       3
       2
       6
       2
       1
       2
       3
       1
       4
       1
       1
       2
       6
       1
       2
       3
       5
       4
       3
       6
       3
       4
       3
       4
       1
       3
       4
       2
       3
       2
       1
       2
       1
       4
       2
       1
       6
       3
       4
       0
       3
       2
       2
       1
       4
       3
       1
       5
       4
       1
       7
       2
       4
       3
       4
       5
       5
       2
       2
       4
       3
       4
       8
       3
       4
       8
       7
       3
       4
      11
       5
       1
       6
       8
       6
       5
       4
       3
       5
       3
       9
       4
       8
       5
       4
       7
       5
       5
       5
       4
       3
       7
       4
       3
       4
       3
       4
       3
       2
       3
       3
       0
       4
       2
       1
       2
       3
       1
       2
       3
       4
       3
       3
       3
       5
       4
       3
       2
       4
       1
       4
       1
       2
       3
       3
       0
       5
       1
       3
       3
       0
       2
       1
       1
       0
       5
       0
       3
       1
       4
       0
       5
       4
       1
       4
       4
       4
       6
       1
       1
       1
       0
       1
       1
       8
       2
       0
       5
       3
       3
       1
       2
       1
       3
       2
       3
       2
       2
       4
       3
       2
       2
       0
       3
       4
       2
       1
       3
       1
       3
       2
       4
       4
       0
       1
       1
       2
       0
       0
       2
       1
       2
       2
       1
       1
       3
       3
       2
       4
       2
       2
       0
       1
       0
       1
       0
       4
       5
       1
       0
       3
       2
       9
       4
       1
       1
       0
       0
       3
       2
       1
       2
       3
       1
       1
       0
       3
       0
       1
       2
       3
       4
       5
       1
       2
       3
       1
       1
       2
       3
       1
       5
       0
       2
       1
       0
       1
       1
       2
       5
       1
       1
       2
       1
       3
       2
       2
       1
       2
       4
       1
       2
       1
       1
       1
       1
       2
       2
       0
       2
       1
       1
       5
       3
       2
       0
       3
       0
       2
       2
       3
       3
       2
       4
       2
       4
       1
       1
       3
       3
       5
       2
       2
       1
       3
       5
       2
       2
       3
       2
       1
       1
       2
       3
       1
       0
       2
       2
       3
       2
       0
       2
       2
       0
       0
       2
       1
       4
       2
       1
       1
       4
       2
       3
       3
       1
       2
       1
       4
       3
       2
       4
       3
       2
       4
       2
       1
       2
       2
       0
       0
       1
       0
       0
       2
       4
       2
       1
       3
       2
       1
       2
       4
       1
       2
       4
       3
       4
       1
       1
       2
       2
       2
       2
       1
       2
       5
       2
       0
       1
       2
       2
       2
       0
       4
       1
       4
       0
       1
       2
       0
       5
       1
       3
       1
       1
       3
       4
       2
       3
       5
       2
       1
       2
       3
       5
       2
       1
       0
       2
       3
       2
       1
       2
       1
       2
       4
       2
       0
       2
       2
       3
       0
       1
       3
       0
       1
       2
       0
       0
       4
       4
       0
       1
       0
       2
       1
       2
       2
       3
       3
       1
       2
       3
       0
       2
       1
       0
       0
       3
       1
       4
       4
       1
       1
       2
       0
       2
       1
       2
       2
       2
       4
       3
       2
       3
       1
       1
       2
       1
       7
       2
       0
       3
       0
       3
       1
       1
       1
       2
       4
       4
       6
       1
       2
       1
       2
       0
       2
       2
       1
       1
       2
       1
       1
       3
       0
       1
       3
       3
       0
       0
       1
       0
       2
       1
       2
       1
       3
       4
       3
       2
       2
       2
       4
       1
       0
       5
       3
       2
       1
       2
       3
       1
       0
       2
       3
       2
       3
       2
       3
       3
       3
       2
       2
       1
       3
       1
       2
       2
       1
       1
       2
       2
       1
       1
       2
       0
       3
       0
       0
       4
       1
       4
       3
       0
       1
       2
       2
       2
       2
       1
       2
       1
       4
       0
       2
       3
       1
       0
       1
       2
       3
       1
       1
       4
       0
       1
       0
       0
       2
       2
       3
       3
       3
       2
       2
       1
       4
       0
       2
       2
       2
       1
       2
       2
       2
       3
       3
       1
       3
       2
       1
       3
       0
       4
       2
       4
       1
       4
       2
       0
       2
       0
       0
       2
       3
       3
       1
       2
       5
       5
       2
       5
       3
       2
       2
       5
       3
       0
       0
       3
       2
       3
       1
       4
       1
       1
       1
       2
       3
       2
       1
       1
       2
       4
       1
       2
       0
       2
       1
       4
       1
       4
       2
       0
       1
       1
       1
       2
       4
       1
       2
       2
       3
       1
       2
       4
       5
       3
       2
       2
       2
       3
       2
       4
       2
       2
       3
       3
       2
       2
       2
       1
       4
       1
       2
       3
       4
       3
       2
       1
       0
       1
       1
       5
       2
       2
       4
       0
       2
       2
       3
       1
       0
       2
       3
       3
       1
       0
       3
       2
       1
       1
       3
       3
       0
       4
       2
       3
       3
       0
       3
       1
       3
       0
       2
       1
       1
       7
       2
       2
       3
       2
       3
       4
       3
       4
       0
       2
       2
       1
       1
       1
       1
       3
       4
       2
       0
       0
       2
       2
       1
       3
       2
       1
       1
       2
       2
       4
       0
       2
       2
       1
       1
       3
       3
       2
       1
       1
       0
       2
       1
       1
       1
       0
       3
       2
       1
       4
       1
       5
       4
       0
       4
       4
       1
       4
       2
       0
       1
       2
       3
       3
       1
       5
       5
       1
       1
       2
       0
       2
       3
       2
       3
       5
       5
       2
       0
       3
       2
       3
       1
       0
       2
       2
       0
       2
       0
       2
       4
       4
       1
       1
       2
       1
       2
       3
       3
       2
       4
       5
       0
       0
       0
       3
       1
       2
       2
       3
       2
       2
       3
       0
       2
       1
       1
       3
       1
       5
       0
       0
       0
       0
       0
       0
       0
       0
       0
       0
       0
       0
       0
       0
       0
       0
       0
       0
       0
       0
       0
       0
       0
       0
       0
       0
       0
       0
       0
       0
       0
       0
       0
       0
       0
       0
       0
       0
       0
       0
       0
       0
       0
       0
       0
       0
       0
       0
       0
       0
       0
       0
       0
       0
       0
       0
       0
       0
       0
       0
       0
       0
       0
       0
       0
       0
       0
       0
       0
       0
       0
       0
       0
       0
       0
       0
       0
       0
       0
       0
       0
       0
       0
       0
$ROI:
1
712 830
$PRESETS:
None
0
0
$ENER_FIT:
-23.656767 2.297974
$MCA_CAL:
3
-2.365677E+001 2.297974E+000 2.836717E-005 keV
$SHAPE_CAL:
3
0.000000E+000 0.000000E+000 0.000000E+000
