$SPEC_ID:
No sample description was entered.
$SPEC_REM:
DET# 1
DETDESC# DESKTOP-I499GD2 Easy-MCA-2k SN 18191655
AP# Maestro Version 7.01
$DATE_MEA:
02/29/2024 12:52:04
$MEAS_TIM:
30 30
$DATA:
0 2047
       0
       0
       0
       0
       0
       1
       0
       0
      36
      28
      26
      24
      31
      31
      32
      30
      26
      29
      26
      32
      20
      20
      26
      31
      32
      31
      38
      35
      35
      29
      44
      42
      38
      45
      39
      47
      37
      38
      33
      40
      39
      40
      53
      52
      49
      42
      60
      54
      67
      52
      57
      68
      64
      63
      67
      65
      69
      56
      71
      64
      64
      65
      84
      80
      61
      64
      78
      88
      77
      90
      69
      88
      70
      64
      75
      78
      78
      63
      78
      80
      89
      81
      96
      75
      73
      82
      83
      68
      89
      80
      68
      74
      68
      60
      76
      75
      63
      66
      71
      78
      65
      73
      76
      64
      57
      82
      60
      76
      59
      62
      67
      65
      66
      62
      77
      48
      64
      64
      59
      58
      61
      52
      55
      54
      59
      55
      64
      48
      49
      38
      51
      55
      48
      63
      55
      64
      45
      49
      38
      44
      49
      49
      50
      49
      43
      46
      45
      49
      43
      50
      42
      41
      37
      32
      48
      42
      35
      39
      32
      36
      41
      33
      35
      32
      32
      40
      33
      39
      27
      26
      31
      27
      29
      31
      32
      26
      34
      36
      35
      45
      39
      36
      30
      36
      28
      26
      25
      30
      28
      43
      28
      23
      23
      35
      26
      24
      23
      27
      31
      26
      23
      41
      20
      22
      24
      27
      26
      30
      21
      19
      29
      30
      39
      25
      35
      27
      28
      43
      38
      36
      46
      55
      68
      53
      73
      64
      62
      80
      62
      62
      42
      60
      73
      54
      63
      68
      46
      47
      38
      30
      24
      26
      25
      28
      17
      23
      25
      18
      16
      21
      19
      24
      19
      13
      11
      13
      15
      24
      27
      28
      21
      30
      19
      19
      15
      15
      24
      19
      24
      12
      14
      29
      19
      28
      19
      14
      22
      21
      16
      21
      25
      15
      17
      10
      21
      12
      16
      22
      20
      24
      16
      22
      25
      19
      18
      19
      23
      10
      18
      18
      17
      15
      15
      15
      11
      14
      17
      16
      16
      11
      20
      10
      11
      17
      13
      15
      13
      11
      13
      10
      12
      19
      19
      12
      13
      15
      21
      16
      21
      12
      16
      14
      15
      10
      15
      15
      15
      16
      11
      13
      14
      19
      13
       5
      16
      14
      14
      16
      15
      13
      11
      23
      17
      19
      19
      18
      15
      20
       8
      16
      13
      18
      18
      13
      11
      13
      12
      18
      12
      15
      15
      10
      12
      15
      10
      16
      18
      16
       9
      16
       4
      12
      16
      17
      12
      19
       9
       9
      11
       9
       9
      15
      12
      13
      11
       9
      14
      18
      13
       9
      14
      16
      19
      17
      17
      15
      14
      13
      12
       8
      12
       7
       9
      13
      17
      12
      12
       4
      11
      12
      16
      10
      17
       7
       9
      12
      10
      16
      13
      12
       8
       9
      17
      11
       8
      10
      20
      13
      20
      16
      13
       7
      10
      12
      14
      16
      12
      11
      15
      10
       9
      15
      14
       8
      14
      11
       7
      13
      11
      12
      12
      10
       7
      17
      13
      13
       7
      11
      10
      13
      14
      11
      13
      14
      11
      11
      15
      13
      12
      13
      11
      11
      11
      15
      15
      13
      11
       9
      14
      11
      15
      14
      11
      12
      10
      14
      14
       9
      15
      12
      14
      15
      19
       9
      16
       8
       9
       6
      10
      12
       7
      12
      11
       6
       4
      21
      12
      11
      12
      11
       8
      13
      13
      11
      10
      15
      10
       9
      10
      17
      12
      12
      12
       8
      13
      11
      16
      16
      16
      10
       7
      17
      16
      12
      12
      12
      11
       8
      16
      13
      16
      20
      17
      18
       8
      19
      12
      17
      14
      15
      13
      21
      16
      18
      10
      14
      15
       8
      13
      14
       9
      10
      10
      17
       6
      14
      12
      18
      14
      15
      24
      15
       9
      15
       9
      18
      11
      13
       9
      23
      19
      12
      17
      12
      13
      11
      13
       6
      12
      12
      19
      15
      18
      17
       8
      12
      12
      17
      16
       8
      17
      15
       8
      17
      10
      13
      13
      14
      15
      11
       9
      17
      26
      21
      13
      15
       9
      16
      17
      12
      14
      14
      20
      18
      17
      12
      14
      17
      13
      17
      20
      13
      13
      12
      12
       9
      12
      14
      17
      14
      12
       8
      11
      14
      13
      11
      16
       9
      22
      19
       7
      10
       7
      12
      10
      12
      10
       7
       7
      11
      11
       7
       9
       8
      10
      11
       2
      10
      10
      10
       7
       3
      10
       2
       4
       6
       2
       6
       6
       4
       5
       4
       1
       4
       3
       4
       6
       6
       5
       3
       8
       7
       4
       5
       6
       7
       5
       7
       5
       8
       3
       4
       6
       2
       6
       3
       6
       6
       5
      12
       4
       4
       4
       5
       7
       4
       7
       8
       4
       9
       6
      14
       9
       7
      14
      13
      13
      15
      13
      18
      18
      17
      15
      25
      25
      23
      30
      32
      29
      30
      40
      45
      40
      39
      32
      45
      59
      40
      43
      56
      44
      39
      35
      42
      51
      50
      45
      37
      56
      42
      31
      42
      33
      48
      32
      32
      46
      31
      25
      23
      25
      19
      17
      17
      22
      17
      18
      10
      15
      10
       7
      14
       5
       8
       7
      11
       8
       5
       2
       4
       6
       4
       1
       6
       3
       3
       7
       6
       1
       5
       3
       5
       5
       4
       2
       6
       1
       2
       4
       2
       5
       2
       2
       5
       2
       9
       6
       2
       3
       4
       6
       1
       2
       5
       5
       3
       4
       4
       4
       4
       5
       3
       4
       2
       7
       4
       6
       4
       6
       3
       6
       5
       2
       5
       6
       3
       4
       6
       5
       3
       7
       1
       4
       2
       2
       6
       6
       3
       3
       3
       6
       2
       6
       6
       3
       2
       5
       3
       2
       2
       3
       4
       5
       3
       1
       3
       1
       2
       2
       4
       0
       4
       4
       4
       1
       0
       4
       1
       1
       3
       4
       2
       3
       7
       3
       4
       3
       3
       2
       7
       5
       3
       3
       5
       4
       3
       5
       3
       2
       5
       3
       5
       3
       5
      11
       4
       2
       4
       3
       2
       4
       4
       3
       4
       1
       3
       2
       3
       4
       1
       2
       2
       6
       6
       7
       3
       4
       0
       5
       1
       5
       2
       5
       3
       5
       3
       2
       4
       6
       3
       5
       4
       3
       3
       4
       5
       4
       2
       3
       0
       5
       4
       9
       4
       2
       2
       3
       6
       3
       7
       3
       4
       1
       3
       9
       3
       4
       5
       2
       7
       6
       3
       7
       5
       3
       3
       3
       5
       2
       4
       1
       1
       3
       1
       5
       5
       7
       3
       2
       1
       2
       3
       5
       7
       8
       2
       5
       4
       2
       5
       2
      10
       3
       1
       4
       1
       6
       2
       3
       1
       4
       3
       4
       3
       0
       6
       3
       2
       3
       3
       3
       4
       4
       2
       3
       5
       2
       0
       8
       6
       1
       3
       4
       4
       1
       2
       6
       1
       6
       3
       6
       0
       4
       3
       4
       2
       0
       2
       3
       4
       2
       1
       2
       3
       4
       3
       2
       2
       3
       6
       2
       3
       4
       5
       3
       4
       4
       7
       4
       4
       4
       2
       2
       0
       4
       4
       2
       4
       1
       2
       4
       2
       0
       2
       1
       3
       4
       3
       1
       3
       1
       2
       4
       2
       3
       2
       5
       3
       6
       8
       1
       2
       4
       2
       2
       0
       2
       6
       2
       2
       3
       1
       5
       2
       3
       2
       0
       4
       3
       2
       1
       6
       1
       1
       4
       2
       4
       0
       3
       5
       2
       0
       4
       2
       3
       3
       1
       3
       2
       3
       2
       4
       3
       4
       0
       3
       2
       1
       3
       3
       2
       3
       5
       5
       5
       3
       1
       2
       1
       5
       3
       5
       4
       7
       2
       4
       5
       0
       4
       5
       7
       3
       4
       4
       3
       3
      11
       6
       6
       7
       7
       4
       6
       4
      10
       3
       7
       4
       5
       7
       4
       3
       3
       4
       5
       5
       6
       7
       2
       4
       8
       2
       4
       5
       5
       1
       6
       5
       3
       5
       2
       2
       2
       3
       3
       3
       1
       5
       1
       4
       4
       0
       5
       6
       4
       1
       2
       2
       3
       2
       2
       1
       3
       2
       1
       3
       1
       3
       2
       1
       1
       0
       0
       1
       2
       1
       3
       1
       2
       0
       1
       1
       0
       2
       3
       1
       2
       4
       2
       3
       1
       4
       0
       0
       1
       1
       4
       0
       1
       4
       7
       2
       4
       1
       3
       3
       2
       1
       2
       2
       4
       1
       2
       1
       2
       2
       3
       3
       2
       1
       3
       5
       1
       5
       2
       0
       3
       0
       1
       3
       0
       2
       2
       2
       3
       1
       1
       4
       0
       2
       0
       0
       1
       2
       3
       1
       1
       2
       1
       2
       1
       3
       2
       1
       4
       1
       0
       4
       3
       2
       3
       2
       1
       1
       3
       3
       3
       1
       1
       1
       3
       0
       1
       2
       0
       2
       3
       1
       0
       2
       1
       1
       2
       2
       1
       4
       2
       1
       3
       1
       2
       1
       0
       4
       1
       2
       1
       2
       1
       3
       0
       1
       1
       0
       0
       3
       1
       3
       2
       1
       3
       4
       1
       1
       0
       1
       3
       0
       1
       0
       1
       4
       0
       3
       2
       3
       1
       4
       1
       4
       0
       5
       0
       3
       3
       3
       2
       1
       1
       0
       1
       2
       1
       1
       2
       1
       5
       5
       2
       0
       3
       5
       1
       1
       2
       2
       3
       0
       2
       3
       0
       2
       2
       4
       4
       0
       2
       3
       2
       0
       1
       1
       0
       6
       0
       0
       1
       3
       0
       2
       2
       0
       3
       2
       3
       3
       1
       2
       2
       2
       2
       2
       1
       4
       2
       2
       3
       4
       1
       0
       1
       0
       1
       0
       0
       2
       3
       0
       0
       1
       1
       0
       2
       2
       0
       2
       2
       4
       2
       0
       0
       3
       4
       3
       2
       1
       1
       0
       1
       1
       0
       2
       3
       1
       2
       2
       2
       1
       2
       0
       0
       0
       0
       0
       2
       3
       4
       2
       1
       1
       3
       2
       0
       2
       2
       1
       3
       2
       1
       3
       1
       3
       3
       3
       2
       1
       2
       4
       3
       1
       2
       3
       1
       3
       0
       1
       1
       3
       1
       2
       2
       6
       3
       0
       2
       2
       2
       2
       1
       2
       3
       2
       3
       4
       1
       2
       2
       3
       3
       2
       1
       3
       3
       1
       2
       0
       3
       1
       1
       3
       2
       4
       0
       0
       1
       6
       4
       2
       1
       0
       2
       1
       2
       2
       1
       2
       2
       3
       0
       4
       0
       1
       2
       1
       1
       6
       3
       0
       5
       5
       2
       0
       2
       0
       0
       1
       1
       4
       3
       2
       0
       1
       3
       1
       1
       1
       2
       2
       2
       1
       3
       1
       2
       2
       2
       5
       1
       3
       1
       2
       2
       6
       1
       0
       0
       1
       1
       2
       0
       1
       0
       1
       3
       3
       4
       2
       1
       2
       1
       1
       1
       3
       3
       2
       2
       1
       2
       0
       5
       0
       3
       1
       2
       1
       1
       1
       1
       2
       2
       0
       3
       1
       4
       2
       0
       3
       1
       3
       4
       0
       2
       1
       0
       2
       1
       4
       3
       3
       1
       3
       0
       0
       4
       2
       4
       1
       3
       3
       4
       0
       3
       0
       0
       1
       5
       3
       0
       2
       3
       4
       1
       2
       0
       1
       3
       1
       3
       1
       1
       2
       1
       2
       0
       1
       1
       4
       1
       2
       0
       3
       1
       1
       5
       4
       5
       3
       4
       1
       2
       1
       3
       4
       2
       1
       2
       3
       2
       2
       0
       1
       1
       2
       4
       0
       4
       3
       1
       4
       0
       5
       1
       4
       1
       2
       2
       2
       1
       1
       3
       1
       1
       2
       2
       1
       1
       3
       2
       4
       0
       2
       1
       4
       4
       1
       3
       1
       6
       0
       3
       1
       2
       1
       1
       2
       0
       3
       1
       2
       0
       2
       3
       2
       0
       1
       3
       5
       2
       2
       2
       2
       2
       1
       5
       3
       1
       2
       1
       1
       0
       2
       2
       5
       1
       1
       2
       1
       2
       2
       2
       2
       4
       1
       3
       2
       1
       2
       2
       2
       3
       1
       1
       3
       4
       3
       3
       3
       0
       3
       1
       1
       4
       3
       1
       1
       0
       4
       2
       4
       3
       3
       2
       2
       0
       2
       0
       1
       0
       1
       1
       1
       1
       2
       2
       2
       6
       0
       4
       1
       4
       4
       1
       1
       4
       1
       0
       2
       6
       3
       5
       2
       0
       1
       2
       2
       5
       1
       4
       0
       2
       0
       2
       1
       2
       3
       2
       0
       5
       1
       1
       2
       3
       2
       2
       3
       1
       0
       1
       2
       5
       4
       3
       1
       1
       3
       2
       1
       3
       3
       3
       0
       3
       4
       3
       2
       1
       0
       0
       0
       0
       0
       0
       0
       0
       0
       0
       0
       0
       0
       0
       0
       0
       0
       0
       0
       0
       0
       0
       0
       0
       0
       0
       0
       0
       0
       0
       0
       0
       0
       0
       0
       0
       0
       0
       0
       0
       0
       0
       0
       0
       0
       0
       0
       0
       0
       0
       0
       0
       0
       0
       0
       0
       0
       0
       0
       0
       0
       0
       0
       0
       0
       0
       0
       0
       0
       0
       0
       0
       0
       0
       0
       0
       0
       0
       0
       0
       0
       0
       0
$ROI:
1
712 830
$PRESETS:
None
0
0
$ENER_FIT:
-23.656767 2.297974
$MCA_CAL:
3
-2.365677E+001 2.297974E+000 2.836717E-005 keV
$SHAPE_CAL:
3
0.000000E+000 0.000000E+000 0.000000E+000
