$SPEC_ID:
No sample description was entered.
$SPEC_REM:
DET# 1
DETDESC# DESKTOP-I499GD2 Easy-MCA-2k SN 18191655
AP# Maestro Version 7.01
$DATE_MEA:
02/29/2024 13:06:05
$MEAS_TIM:
31 31
$DATA:
0 2047
       0
       0
       0
       0
       0
       0
       0
       2
      24
      23
      18
      28
      20
      23
      24
      25
      31
      18
      23
      14
      21
      21
      23
      18
      21
      24
      27
      27
      31
      30
      23
      27
      25
      38
      31
      36
      31
      29
      30
      33
      38
      22
      34
      37
      51
      39
      50
      36
      43
      44
      55
      55
      53
      71
      50
      44
      64
      71
      66
      84
      76
      66
      77
      53
      68
      66
      77
      63
      84
      77
      65
      66
      66
      69
      61
      68
      78
      60
      61
      63
      65
      72
      71
      77
      68
      68
      63
      78
      61
      57
      60
      58
      64
      68
      75
      61
      74
      61
      48
      73
      55
      69
      65
      49
      66
      49
      55
      56
      60
      61
      52
      51
      59
      50
      59
      61
      43
      38
      49
      55
      43
      52
      52
      60
      49
      33
      40
      38
      53
      45
      30
      48
      41
      42
      49
      38
      44
      47
      38
      43
      54
      32
      43
      36
      39
      35
      35
      27
      32
      41
      28
      35
      41
      31
      30
      29
      32
      24
      37
      27
      32
      37
      26
      20
      25
      25
      26
      28
      19
      33
      28
      30
      31
      30
      27
      25
      29
      20
      30
      26
      29
      26
      27
      31
      30
      18
      42
      14
      10
      26
      35
      27
      20
      26
      27
      38
      17
      26
      23
      18
      24
      13
      15
      20
      18
      25
      24
      19
      19
      27
      21
      27
      18
      33
      27
      24
      26
      25
      37
      41
      32
      21
      43
      41
      40
      68
      42
      48
      55
      57
      55
      51
      45
      45
      60
      50
      50
      30
      27
      28
      26
      20
      21
      29
      22
      16
      18
      19
      14
      18
      24
      18
      12
      14
      14
      21
       8
      13
      18
      17
      18
      15
      14
      13
      24
       7
      15
      14
      19
      15
      14
       9
      16
      17
      23
      15
      17
      10
      17
      18
      18
       9
      13
      20
      11
      13
      17
      14
      11
      13
      16
      14
      13
       9
      15
      11
      22
      12
      12
      19
       6
      17
      12
       8
      19
      18
      12
      20
      12
      10
      10
      17
       6
      13
      10
      17
      11
       8
      16
      14
       8
      13
      13
      15
      12
       7
      18
      17
      15
      11
      15
      14
       9
      16
      23
      10
      12
      18
       9
      15
       6
      21
       7
       9
       8
      12
      10
      12
      10
      12
      13
      12
      11
      10
      13
      13
      13
      14
      10
      18
      13
       8
      10
      12
      15
      11
      10
      11
      10
      12
      11
      16
      10
      16
      11
      12
       9
       5
      15
       9
      18
      12
      12
       9
       4
       7
       7
       9
      11
      10
      12
      16
      12
      10
      14
       8
      14
       4
      12
       7
      13
      11
      15
      13
      11
      10
       5
       9
       7
       8
      11
       9
       9
       8
      10
      14
      11
      14
      12
       6
      11
       9
       7
       9
      10
       7
      15
      18
       9
       8
       8
       4
      10
      12
       7
      12
      12
       8
       9
      14
       9
      10
      14
       3
      16
       8
       5
       9
       7
      10
       4
      10
      10
       6
      11
      10
      12
      11
       9
      14
       9
      10
      14
       3
      10
      13
      16
      13
      11
      13
      10
       8
       5
       7
      11
      14
      11
       9
       8
      11
      12
       3
      13
      19
      16
      14
       9
      15
      13
      10
      12
      14
      13
       9
      14
      11
      15
       9
       7
      18
      11
       4
      12
      13
      11
      10
      11
       9
      10
      14
       4
      13
       7
      12
      13
      11
       8
       9
      10
      11
       6
      10
       7
       5
      10
       7
       7
       7
      13
      13
       9
       4
       9
       6
       9
      12
       6
      17
      12
      10
       7
      11
      19
       7
       8
      11
      13
      11
      10
      13
      11
      11
      11
       9
      14
      11
      10
       9
      13
      11
      10
      14
      16
      12
      12
      14
      11
      11
       9
      10
       8
      13
      11
      12
      11
       6
       7
      10
       8
       9
      12
       8
       6
       6
       9
       9
      11
      17
      18
      16
      16
      12
       8
      20
       8
       6
      10
      12
      10
       6
      12
      12
       9
       7
      14
      13
      11
       8
      10
       7
      12
      18
       8
      11
      10
      14
      10
      12
      10
      10
      10
       7
       7
       9
      14
      10
      13
      12
      19
      13
       8
      11
      10
      10
      10
      11
      13
      17
      10
      15
      11
       8
      13
      14
      10
      10
       9
      11
       8
      11
      16
      10
      14
       9
       6
      10
       7
       9
       7
       5
      10
       9
       6
       7
       9
       5
      13
       7
       4
       7
       4
       9
       7
       5
       2
       3
       4
       8
       4
       5
       4
       6
       7
       1
       9
       4
       7
       3
       5
       5
       4
       6
       3
       4
       2
       3
       3
       5
       3
       4
       5
       7
       4
       3
       5
       5
       5
       4
       2
       3
       4
       1
       4
       6
       1
       1
       6
       2
       3
       3
       5
       3
       7
       2
       4
       7
       9
       6
       5
       4
       4
       6
      11
       8
       6
       8
      12
       8
      11
      13
      15
      20
      20
      13
      32
      29
      25
      26
      18
      27
      32
      32
      21
      21
      33
      39
      33
      27
      26
      38
      32
      45
      22
      43
      40
      35
      33
      37
      37
      32
      39
      28
      27
      22
      27
      33
      23
      22
      17
      17
      17
      14
      16
      13
      17
       8
      11
       8
       6
      12
       8
      10
       8
       5
       7
       5
       4
       3
       2
       8
       7
       5
       1
       1
       2
       8
       1
       1
       2
       1
       1
       2
       9
       4
       2
       1
       1
       5
       1
       1
       0
       4
       4
       3
       4
       2
       4
       4
       2
       5
       3
       4
       2
       5
       4
       4
       1
       5
       3
       3
       3
       3
       5
       2
       6
       5
       5
       2
       1
       3
       7
       3
       1
       1
       3
       2
       1
       6
       1
       3
       1
       1
       1
       1
       2
       0
       0
       0
       2
       2
       3
       1
       1
       2
       2
       0
       2
       0
       1
       1
       4
       2
       4
       2
       1
       3
       6
       3
       2
       2
       5
       3
       0
       1
       2
       2
       4
       2
       3
       3
       2
       2
       2
       4
       3
       2
       3
       2
       2
       3
       4
       3
       4
       3
       4
       3
       3
       0
       3
       2
       3
       2
       2
       4
       3
       2
       2
       1
       5
       2
       1
       2
       2
       3
       3
       4
       6
       1
       0
       1
       1
       3
       2
       2
       1
       2
       4
       0
       3
       2
       2
       3
       6
       2
       1
       2
       4
       5
       5
       3
       3
       2
       5
       2
       6
       4
       4
       9
       3
       3
       1
       3
       0
       1
       1
       0
       2
       1
       1
       3
       3
       8
       5
       2
       2
       4
       3
       3
       4
       4
       4
       1
       3
       2
       2
       4
       2
       2
       4
       0
       4
       7
       6
       4
       2
       2
       2
       4
       2
       6
       4
       3
       1
       6
       4
       1
       2
       5
       5
       4
       1
       2
       2
       2
       4
       2
       2
       4
       4
       3
       2
       3
       4
       5
       2
       4
       3
       2
       1
       2
       4
       4
       2
       4
       2
       6
       4
       1
       2
       2
       2
       2
       2
       3
       4
       3
       2
       1
       1
       4
       1
       1
       1
       1
       2
       2
       0
       2
       1
       3
       0
       1
       1
       3
       7
       4
       1
       5
       1
       1
       1
       2
       1
       3
       1
       4
       1
       2
       2
       2
       4
       1
       1
       2
       0
       4
       4
       1
       2
       0
       1
       1
       1
       1
       2
       3
       2
       2
       1
       2
       2
       0
       1
       1
       3
       1
       1
       1
       4
       1
       4
       2
       5
       4
       0
       1
       1
       0
       2
       3
       1
       2
       0
       1
       1
       5
       2
       2
       1
       2
       1
       1
       3
       4
       2
       3
       2
       1
       2
       1
       1
       1
       0
       2
       1
       4
       0
       1
       0
       3
       1
       3
       5
       2
       2
       0
       2
       2
       3
       4
       2
       2
       3
       2
       3
       2
       7
       4
       3
       5
       1
       1
       4
       3
       3
       2
       4
       5
       5
       5
       3
       1
       4
       5
       3
       4
       3
       4
       5
       2
       7
       1
       5
       3
       2
       5
       4
       2
       3
       7
       9
       2
       4
       4
       6
       5
       1
       1
       8
       4
       5
       3
       4
       1
       1
       3
       2
       3
       1
       4
       5
       1
       3
       1
       3
       2
       2
       4
       2
       1
       1
       3
       3
       2
       5
       1
       3
       3
       3
       2
       2
       2
       2
       3
       2
       2
       0
       2
       0
       2
       5
       2
       2
       1
       0
       2
       3
       1
       0
       5
       1
       6
       2
       2
       2
       3
       0
       1
       1
       1
       3
       1
       2
       0
       2
       0
       1
       1
       3
       0
       0
       0
       2
       2
       0
       1
       0
       3
       1
       0
       1
       2
       0
       2
       1
       1
       2
       1
       2
       4
       0
       3
       3
       2
       2
       1
       3
       2
       2
       2
       3
       1
       2
       0
       2
       4
       1
       1
       2
       6
       1
       0
       1
       2
       0
       2
       0
       1
       2
       3
       1
       0
       2
       1
       1
       2
       1
       1
       1
       1
       2
       1
       2
       1
       2
       1
       0
       0
       1
       4
       2
       1
       2
       1
       5
       1
       2
       1
       1
       0
       2
       1
       2
       3
       2
       1
       2
       0
       3
       2
       2
       2
       1
       1
       2
       1
       1
       0
       1
       1
       0
       1
       3
       2
       1
       1
       0
       2
       2
       3
       2
       4
       3
       3
       4
       2
       1
       0
       1
       1
       1
       2
       1
       2
       1
       0
       3
       2
       0
       1
       2
       4
       2
       1
       1
       0
       3
       0
       0
       2
       1
       0
       2
       2
       1
       0
       0
       0
       2
       2
       1
       2
       1
       1
       0
       4
       0
       3
       2
       0
       0
       0
       3
       1
       1
       1
       3
       2
       2
       1
       1
       2
       4
       2
       1
       0
       2
       3
       0
       2
       2
       2
       4
       0
       0
       1
       0
       1
       1
       1
       1
       2
       4
       2
       1
       1
       2
       0
       4
       3
       0
       2
       2
       0
       6
       1
       0
       3
       2
       2
       1
       1
       3
       1
       3
       1
       3
       1
       1
       2
       3
       0
       3
       2
       3
       2
       0
       2
       1
       1
       1
       6
       1
       0
       2
       6
       1
       0
       0
       1
       2
       1
       1
       1
       0
       0
       1
       0
       1
       2
       0
       0
       0
       1
       2
       3
       2
       0
       0
       3
       0
       0
       1
       0
       0
       1
       1
       5
       1
       0
       3
       3
       0
       0
       2
       0
       1
       1
       2
       3
       0
       0
       0
       1
       2
       2
       3
       0
       2
       2
       4
       3
       1
       0
       2
       2
       1
       1
       0
       2
       0
       0
       1
       2
       1
       0
       2
       1
       1
       0
       0
       0
       2
       1
       1
       4
       2
       5
       0
       0
       1
       2
       0
       1
       1
       1
       0
       3
       3
       1
       1
       1
       3
       0
       2
       3
       4
       1
       2
       3
       2
       0
       1
       2
       1
       0
       0
       3
       1
       2
       2
       2
       1
       1
       1
       1
       1
       1
       1
       0
       2
       2
       4
       0
       1
       1
       1
       3
       0
       1
       0
       0
       0
       1
       1
       2
       1
       0
       0
       1
       2
       0
       1
       2
       2
       3
       0
       0
       0
       1
       1
       1
       1
       2
       0
       0
       5
       0
       1
       1
       3
       1
       0
       1
       1
       2
       2
       1
       1
       2
       0
       1
       1
       1
       3
       1
       3
       2
       1
       1
       1
       1
       2
       0
       3
       2
       0
       4
       2
       1
       1
       2
       0
       0
       1
       0
       1
       0
       1
       1
       0
       0
       1
       1
       1
       2
       1
       0
       1
       0
       2
       1
       1
       0
       2
       2
       0
       1
       3
       1
       0
       3
       1
       3
       0
       1
       2
       5
       2
       1
       1
       1
       0
       0
       0
       1
       1
       1
       0
       1
       3
       3
       2
       1
       5
       2
       0
       2
       3
       2
       2
       1
       2
       0
       3
       1
       2
       1
       0
       0
       0
       3
       1
       1
       2
       1
       2
       2
       2
       2
       0
       3
       0
       0
       2
       2
       2
       1
       0
       0
       1
       2
       0
       2
       1
       4
       1
       2
       0
       1
       2
       1
       0
       1
       0
       1
       1
       1
       0
       0
       3
       0
       3
       2
       3
       4
       0
       0
       2
       0
       0
       1
       3
       3
       3
       1
       4
       0
       0
       1
       1
       1
       0
       1
       1
       1
       4
       1
       2
       3
       1
       3
       3
       0
       2
       3
       1
       0
       1
       0
       3
       2
       1
       2
       0
       1
       2
       3
       2
       1
       0
       2
       2
       3
       2
       4
       2
       1
       6
       1
       0
       1
       2
       2
       1
       1
       0
       1
       2
       1
       2
       3
       0
       0
       0
       0
       1
       0
       2
       3
       1
       0
       3
       2
       1
       0
       3
       0
       2
       2
       2
       2
       0
       0
       0
       2
       0
       3
       0
       1
       0
       1
       3
       0
       2
       0
       2
       1
       1
       0
       3
       0
       3
       1
       2
       2
       1
       1
       4
       3
       1
       1
       4
       1
       1
       2
       0
       1
       3
       2
       3
       1
       2
       1
       0
       0
       0
       0
       0
       0
       0
       0
       0
       0
       0
       0
       0
       0
       0
       0
       0
       0
       0
       0
       0
       0
       0
       0
       0
       0
       0
       0
       0
       0
       0
       0
       0
       0
       0
       0
       0
       0
       0
       0
       0
       0
       0
       0
       0
       0
       0
       0
       0
       0
       0
       0
       0
       0
       0
       0
       0
       0
       0
       0
       0
       0
       0
       0
       0
       0
       0
       0
       0
       0
       0
       0
       0
       0
       0
       0
       0
       0
       0
       0
       0
       0
       0
       0
$ROI:
1
712 830
$PRESETS:
None
0
0
$ENER_FIT:
-23.656767 2.297974
$MCA_CAL:
3
-2.365677E+001 2.297974E+000 2.836717E-005 keV
$SHAPE_CAL:
3
0.000000E+000 0.000000E+000 0.000000E+000
