$SPEC_ID:
No sample description was entered.
$SPEC_REM:
DET# 1
DETDESC# DESKTOP-I499GD2 Easy-MCA-2k SN 18191655
AP# Maestro Version 7.01
$DATE_MEA:
02/29/2024 13:07:25
$MEAS_TIM:
31 31
$DATA:
0 2047
       0
       0
       0
       0
       0
       0
       0
       2
      31
      19
      23
      28
      20
      25
      22
      17
      25
      24
      28
      18
      24
      21
      27
      23
      19
      30
      24
      22
      22
      30
      31
      37
      33
      40
      23
      41
      36
      23
      44
      41
      31
      37
      44
      42
      49
      48
      51
      46
      46
      62
      63
      48
      54
      56
      53
      56
      59
      72
      57
      62
      65
      57
      88
      75
      60
      73
      69
      79
      63
      65
      54
      75
      45
      58
      61
      69
      76
      66
      54
      58
      67
      76
      59
      67
      63
      66
      46
      56
      69
      64
      59
      59
      60
      60
      64
      62
      51
      58
      58
      60
      53
      46
      55
      50
      57
      63
      48
      66
      56
      54
      50
      53
      49
      55
      57
      55
      52
      46
      52
      53
      48
      46
      47
      45
      50
      40
      46
      39
      50
      51
      41
      37
      35
      50
      37
      38
      42
      41
      37
      29
      31
      42
      37
      44
      36
      31
      39
      33
      38
      36
      33
      22
      39
      36
      28
      36
      35
      39
      26
      46
      25
      30
      39
      33
      33
      28
      26
      24
      28
      29
      27
      32
      31
      29
      38
      20
      26
      30
      34
      17
      21
      25
      15
      22
      23
      18
      21
      26
      19
      30
      15
      27
      18
      26
      25
      30
      17
      24
      15
      19
      19
      14
      17
      21
      19
      15
      21
      11
      23
      30
      23
      35
      24
      21
      23
      35
      37
      35
      20
      24
      47
      36
      51
      41
      45
      41
      52
      63
      59
      52
      56
      45
      42
      44
      39
      35
      42
      34
      51
      36
      36
      24
      26
      13
      21
      23
      11
      24
      18
      16
      13
      18
      10
      10
      17
      13
      16
      15
      15
      16
      13
      19
       9
      15
      18
      18
      10
      16
      17
      13
      16
      12
      12
      17
      13
      15
      14
      17
       7
      11
      15
      20
      20
      17
      13
      15
      13
      12
      13
      11
      18
      14
      15
      11
      19
      11
      20
      19
      14
       7
      16
      19
      14
      13
      14
      12
      14
       6
      16
       5
      16
      16
      15
      17
      12
      15
      14
      15
      14
      17
      14
       7
      13
      24
      13
      17
      13
      14
      12
      12
      14
      13
      12
      11
      15
      17
       9
      16
      10
       8
      10
      11
       8
      11
      16
      21
      12
      10
      12
      14
      16
       9
       9
      15
      13
      11
      11
      10
      17
      13
       8
      10
      16
      17
      15
      10
      12
      16
      16
      12
      17
      10
      19
      10
      12
      14
      11
      10
      13
      14
      10
      10
       8
      10
      13
       6
      10
      13
      13
       5
       6
      16
       8
      15
      11
       8
      11
       7
      17
       6
      14
      11
       9
      11
      13
      10
       8
       8
       5
       3
      11
      13
       7
       9
       7
       7
       3
       3
      12
      12
      10
       8
       8
      16
      10
      15
      15
       9
       6
      16
       3
      13
       8
      17
      15
      16
       9
       5
       8
      11
      10
       6
       8
       5
       7
       4
      12
      17
       4
       7
      15
      16
      11
       3
      13
      17
       7
       5
      11
       7
       9
       8
       9
       6
      13
       5
       5
      14
       9
       6
      12
       9
       6
      12
       7
      14
      12
      14
       7
      12
      11
       8
      11
       9
      14
       7
      12
      18
      18
       7
       6
      11
      14
       7
      14
       3
       5
      11
      12
       8
       8
       6
       9
      13
       9
      10
      11
       5
       7
      16
       9
      10
      10
       9
       7
       9
       9
      14
       9
       6
       7
      10
       8
      11
       9
       8
      11
      11
       7
       8
      11
      11
      12
       9
       9
       7
       5
       9
       6
       9
       6
       7
      10
       5
       9
      10
       6
       9
       8
       9
       9
       6
      13
      15
      14
      16
       9
      13
       9
      18
      14
       8
       7
       6
       9
      12
      10
      12
      11
      12
      10
       7
       9
       7
       9
      12
       6
      11
       6
      12
       8
      15
      13
       7
       9
       7
      19
       8
      11
      14
      10
       4
       5
      10
       8
       9
       9
      10
       4
       8
       8
       7
       7
      10
       8
      12
      12
       9
      14
       6
      11
      11
       5
       4
      17
      11
      11
      14
      12
      14
      14
      13
       8
       7
      14
      11
      18
       9
       9
      15
      12
      13
      19
       7
      12
      10
      13
      10
      10
      17
       8
      10
       9
      16
       8
       6
       7
      12
       7
       6
       7
       9
       5
       9
       6
       8
       4
       5
       5
       6
       6
       6
      11
       5
       3
       8
       7
       5
       7
      11
       5
       8
       5
       7
       4
       7
       4
       7
       2
       3
       9
       4
       9
       7
       4
       6
       1
       0
       8
       3
       4
       2
       5
       4
       5
       5
       2
       6
       1
       4
       6
       6
       2
       4
       2
       3
       1
       3
       1
       4
       2
       4
       5
       3
       4
       3
       4
       0
       3
       2
       4
       4
       3
       3
       3
       3
       8
       5
       4
       3
       6
       8
       5
       5
       8
      15
      13
      11
       8
      14
      22
      14
      16
      17
      29
      21
      18
      15
      24
      22
      31
      35
      32
      36
      29
      26
      32
      29
      42
      29
      27
      44
      39
      38
      32
      29
      29
      39
      27
      30
      33
      27
      27
      26
      21
      25
      14
      19
      25
      21
      11
      12
      17
      15
      10
      11
      11
      16
       6
      17
      16
       5
       8
       9
       9
       5
       4
       4
       3
       5
       0
       3
       5
       7
       2
       5
       3
       7
       2
       4
       6
       1
       5
       4
       3
       4
       6
       3
       3
       2
       4
       1
       3
       3
       2
       6
       2
       4
       1
       4
       3
       4
       2
       3
       2
       5
       2
       2
       2
       2
       4
       1
       4
       3
       1
       1
       1
       5
       3
       3
       3
       1
       3
       3
       0
       2
       2
       1
       2
       2
       0
       4
       5
       2
       1
       4
       2
       3
       5
       3
       4
       3
       3
       2
       1
       1
       2
       1
       2
       3
       4
       4
       2
       4
       0
       2
       1
       1
       3
       3
       1
       3
       0
       3
       3
       2
       3
       4
       2
       3
       1
       1
       2
       2
       3
       4
       4
       4
       6
       3
       1
       6
       2
       3
       3
       1
       1
       1
       3
       4
       1
       6
       1
       6
       2
       2
       0
       0
       2
       7
       2
       1
       2
       2
       1
       3
       1
       3
       1
       1
       1
       1
       2
       2
       3
       2
       1
       2
       3
       4
       4
       1
       3
       2
       1
       1
       2
       4
       1
       2
       4
       1
       2
       4
       1
       4
       2
       3
       2
       1
       2
       3
       5
       3
       3
       3
       2
       1
       2
       1
       3
       3
       4
       1
       6
       3
       3
       4
       7
       3
       3
       2
       3
       3
       2
       1
       3
       5
       2
       1
       4
       6
       1
       2
       5
       4
       7
       2
       4
       2
       3
       2
       4
       3
       1
       3
       2
       0
       3
       3
       2
       2
       2
       1
       4
       3
       1
       2
       3
       2
       2
       0
       1
       2
       1
       2
       2
       6
       3
       2
       2
       1
       1
       2
       3
       1
       2
       2
       2
       1
       2
       4
       1
       2
       0
       1
       2
       2
       1
       5
       3
       3
       3
       3
       0
       4
       2
       2
       1
       2
       2
       1
       1
       2
       6
       1
       2
       2
       8
       3
       1
       3
       1
       1
       5
       2
       3
       2
       4
       2
       1
       2
       1
       3
       2
       7
       3
       1
       4
       3
       4
       2
       5
       3
       3
       1
       1
       0
       5
       2
       2
       1
       2
       4
       3
       4
       0
       2
       0
       2
       1
       1
       4
       1
       1
       3
       0
       2
       1
       2
       1
       2
       2
       1
       1
       2
       3
       3
       0
       1
       2
       4
       3
       3
       4
       0
       2
       4
       3
       1
       0
       2
       2
       2
       3
       1
       1
       5
       3
       2
       0
       1
       0
       4
       0
       4
       2
       0
       2
       3
       2
       3
       6
       6
       0
       0
       1
       3
       5
       1
       4
       2
       1
       5
       4
       4
       3
       3
       7
       2
       4
       4
       3
       5
       5
       3
       5
       4
       5
       3
       6
       4
       4
       5
       6
       8
       8
       3
       2
       3
       6
       2
       2
       6
       5
       1
       4
       4
       3
       1
       1
       1
       1
       4
       5
       1
       2
       1
       4
       0
       2
       1
       1
       0
       2
       1
       1
       1
       2
       1
       1
       1
       0
       3
       1
       0
       1
       1
       0
       0
       2
       4
       0
       1
       1
       3
       1
       1
       0
       3
       2
       2
       0
       2
       2
       3
       1
       1
       0
       0
       1
       2
       3
       1
       3
       2
       3
       0
       2
       2
       3
       1
       1
       1
       0
       2
       1
       2
       1
       1
       0
       3
       1
       2
       1
       1
       0
       2
       2
       0
       3
       2
       0
       2
       0
       3
       1
       2
       1
       2
       5
       1
       1
       0
       2
       1
       1
       1
       1
       4
       2
       1
       1
       1
       0
       1
       0
       0
       0
       0
       2
       2
       1
       0
       1
       2
       2
       3
       1
       0
       0
       2
       0
       1
       1
       2
       0
       3
       1
       1
       2
       1
       1
       2
       1
       1
       2
       2
       0
       1
       1
       1
       1
       1
       3
       2
       0
       4
       3
       0
       1
       3
       1
       0
       2
       1
       2
       3
       1
       1
       0
       0
       0
       0
       0
       0
       1
       0
       1
       3
       3
       0
       1
       0
       0
       0
       0
       1
       3
       2
       1
       1
       2
       1
       3
       2
       1
       1
       1
       2
       1
       0
       1
       0
       1
       1
       2
       6
       1
       2
       0
       0
       2
       3
       1
       1
       0
       1
       1
       1
       2
       0
       1
       1
       2
       0
       1
       0
       0
       0
       2
       2
       0
       1
       1
       0
       2
       2
       1
       3
       2
       1
       1
       3
       3
       0
       3
       0
       3
       0
       2
       2
       0
       0
       3
       1
       1
       0
       1
       0
       1
       0
       3
       0
       1
       2
       0
       5
       3
       0
       1
       0
       0
       0
       2
       2
       1
       2
       1
       0
       1
       0
       2
       2
       0
       1
       2
       2
       2
       1
       1
       0
       2
       2
       1
       3
       0
       3
       2
       2
       1
       1
       1
       2
       2
       2
       0
       4
       2
       1
       4
       3
       0
       1
       1
       0
       3
       0
       1
       4
       0
       1
       1
       3
       2
       0
       1
       2
       1
       0
       2
       3
       0
       0
       1
       1
       2
       1
       1
       0
       2
       1
       2
       1
       3
       3
       2
       3
       2
       2
       2
       0
       0
       2
       2
       1
       3
       2
       3
       0
       2
       4
       1
       0
       0
       2
       3
       0
       1
       1
       1
       1
       0
       1
       1
       2
       1
       1
       1
       1
       2
       1
       2
       5
       1
       2
       1
       1
       2
       2
       2
       2
       1
       2
       2
       1
       0
       2
       1
       2
       1
       3
       0
       0
       3
       2
       0
       0
       1
       0
       5
       0
       1
       0
       3
       3
       0
       1
       1
       1
       1
       0
       1
       0
       2
       1
       1
       0
       2
       0
       3
       0
       2
       1
       1
       1
       0
       0
       1
       0
       3
       3
       1
       2
       1
       0
       0
       1
       4
       2
       0
       1
       2
       0
       0
       1
       0
       3
       1
       1
       1
       0
       2
       0
       0
       1
       1
       0
       2
       0
       2
       2
       3
       1
       0
       1
       0
       0
       2
       1
       1
       3
       3
       0
       0
       0
       3
       2
       2
       0
       2
       1
       3
       0
       1
       4
       2
       1
       2
       0
       1
       1
       3
       2
       1
       4
       3
       2
       1
       0
       1
       1
       2
       2
       2
       0
       1
       1
       0
       0
       0
       2
       1
       0
       1
       2
       5
       1
       1
       2
       1
       3
       0
       1
       0
       2
       3
       3
       0
       0
       0
       4
       2
       0
       1
       0
       3
       2
       0
       0
       4
       1
       1
       0
       0
       2
       2
       5
       6
       1
       1
       1
       4
       0
       2
       2
       0
       2
       0
       0
       3
       3
       3
       1
       1
       3
       2
       0
       0
       0
       4
       2
       1
       0
       2
       2
       0
       1
       4
       1
       0
       1
       2
       2
       0
       1
       1
       1
       1
       0
       1
       2
       1
       1
       2
       2
       0
       0
       2
       1
       0
       1
       0
       1
       2
       2
       2
       2
       2
       2
       2
       2
       0
       1
       0
       1
       1
       0
       1
       0
       1
       1
       1
       2
       3
       2
       0
       3
       2
       0
       2
       1
       0
       0
       1
       1
       4
       0
       1
       0
       2
       1
       3
       1
       2
       1
       5
       4
       1
       1
       1
       3
       2
       0
       2
       0
       3
       0
       2
       1
       3
       1
       1
       1
       1
       0
       2
       0
       1
       2
       1
       1
       2
       0
       1
       2
       0
       1
       1
       2
       1
       2
       2
       0
       1
       3
       1
       3
       0
       1
       0
       1
       6
       2
       3
       0
       1
       1
       1
       2
       2
       0
       1
       1
       4
       1
       0
       2
       0
       0
       2
       1
       1
       1
       4
       0
       4
       1
       3
       1
       2
       0
       2
       0
       3
       1
       3
       0
       1
       2
       2
       3
       0
       3
       2
       1
       0
       1
       1
       2
       2
       0
       2
       0
       0
       0
       0
       0
       0
       0
       0
       0
       0
       0
       0
       0
       0
       0
       0
       0
       0
       0
       0
       0
       0
       0
       0
       0
       0
       0
       0
       0
       0
       0
       0
       0
       0
       0
       0
       0
       0
       0
       0
       0
       0
       0
       0
       0
       0
       0
       0
       0
       0
       0
       0
       0
       0
       0
       0
       0
       0
       0
       0
       0
       0
       0
       0
       0
       0
       0
       0
       0
       0
       0
       0
       0
       0
       0
       0
       0
       0
       0
       0
       0
       0
       0
       0
       0
$ROI:
1
712 830
$PRESETS:
None
0
0
$ENER_FIT:
-23.656767 2.297974
$MCA_CAL:
3
-2.365677E+001 2.297974E+000 2.836717E-005 keV
$SHAPE_CAL:
3
0.000000E+000 0.000000E+000 0.000000E+000
