$SPEC_ID:
Sample014
$SPEC_REM:
DET# 1
DETDESC# DESKTOP-I499GD2 Easy-MCA-2k SN 18191655
AP# Maestro Version 7.01
$DATE_MEA:
03/01/2024 12:26:57
$MEAS_TIM:
120 120
$DATA:
0 2047
       0
       0
       0
       0
       0
       2
       0
       3
     149
      87
      73
      68
      81
      83
      92
      78
      88
      89
      86
     112
      89
      94
      95
      99
      91
      97
     115
     105
     134
     136
     149
     143
     164
     180
     172
     137
     131
     141
     132
     136
     130
     143
     166
     175
     159
     164
     170
     197
     200
     212
     248
     229
     279
     294
     292
     272
     251
     263
     273
     297
     327
     345
     454
     493
     600
     592
     462
     418
     373
     287
     301
     268
     238
     264
     232
     234
     270
     214
     255
     254
     255
     240
     240
     241
     261
     223
     256
     237
     228
     238
     262
     250
     240
     222
     235
     232
     204
     232
     223
     229
     219
     226
     186
     193
     236
     197
     232
     211
     224
     204
     225
     224
     210
     183
     197
     197
     194
     175
     187
     171
     157
     186
     181
     166
     167
     151
     122
     177
     155
     158
     143
     161
     145
     141
     141
     146
     134
     134
     130
     131
     156
     142
     138
     121
     164
     134
     118
     122
     132
     113
     112
      93
     113
     131
     131
     115
     108
     113
     112
     125
     116
     106
     118
      78
     120
     115
     107
     102
      91
     105
     102
      98
      97
      96
     103
     104
      90
      97
      80
     102
      94
      96
      86
      73
      77
      98
      74
      86
      87
      78
      87
      86
      80
      83
      82
      80
      77
      62
      70
      77
      92
      75
      80
      86
      61
      88
      80
      82
      75
      87
      91
      72
      97
     103
      98
      98
     101
     101
     114
     128
     133
     132
     149
     158
     150
     189
     198
     169
     180
     177
     176
     167
     166
     156
     149
     157
     149
     122
     123
     113
      91
      83
      82
      72
      59
      74
      65
      63
      70
      59
      57
      63
      65
      46
      47
      61
      58
      45
      38
      52
      46
      46
      44
      48
      51
      43
      59
      69
      46
      55
      68
      53
      45
      38
      55
      54
      46
      50
      59
      55
      53
      57
      42
      54
      47
      67
      42
      48
      47
      54
      36
      60
      44
      40
      45
      44
      56
      41
      46
      48
      45
      37
      44
      39
      47
      59
      45
      42
      33
      30
      43
      37
      40
      46
      49
      39
      45
      50
      39
      47
      41
      30
      41
      53
      47
      48
      41
      52
      48
      38
      39
      40
      46
      42
      38
      46
      55
      46
      31
      49
      45
      48
      38
      49
      40
      44
      32
      36
      39
      49
      34
      41
      31
      44
      54
      41
      35
      42
      52
      46
      65
      48
      34
      33
      35
      38
      43
      34
      45
      50
      52
      38
      40
      37
      36
      34
      32
      41
      46
      38
      37
      41
      33
      36
      36
      34
      39
      50
      51
      37
      37
      39
      36
      34
      26
      28
      34
      35
      39
      38
      37
      26
      24
      31
      28
      39
      33
      39
      26
      32
      33
      31
      29
      34
      26
      41
      34
      30
      30
      33
      33
      25
      35
      33
      43
      23
      38
      37
      20
      35
      31
      29
      38
      36
      30
      43
      37
      35
      30
      35
      42
      25
      21
      33
      30
      26
      39
      30
      28
      18
      19
      31
      24
      28
      26
      39
      24
      22
      33
      30
      35
      36
      30
      45
      32
      33
      34
      39
      53
      32
      33
      37
      33
      30
      41
      27
      33
      45
      43
      55
      32
      37
      41
      49
      32
      32
      33
      41
      43
      41
      48
      41
      38
      31
      46
      34
      43
      34
      45
      38
      45
      34
      31
      39
      34
      20
      35
      26
      24
      33
      37
      32
      23
      30
      18
      33
      33
      24
      33
      25
      16
      25
      33
      23
      31
      25
      23
      29
      29
      20
      24
      39
      30
      31
      35
      26
      24
      35
      29
      31
      27
      43
      28
      28
      30
      43
      46
      23
      24
      41
      25
      33
      32
      30
      29
      33
      37
      38
      28
      38
      39
      33
      21
      24
      45
      30
      39
      33
      22
      28
      37
      26
      27
      31
      48
      32
      24
      36
      28
      34
      38
      29
      34
      28
      30
      32
      32
      27
      24
      29
      33
      29
      34
      19
      26
      28
      29
      26
      37
      19
      29
      29
      31
      29
      27
      31
      32
      33
      28
      26
      26
      26
      26
      32
      28
      34
      32
      34
      25
      38
      41
      42
      46
      35
      34
      34
      35
      32
      43
      37
      42
      28
      35
      41
      47
      25
      42
      25
      33
      34
      36
      36
      45
      23
      38
      27
      20
      40
      42
      29
      31
      46
      36
      31
      36
      36
      31
      36
      39
      21
      29
      26
      30
      18
      25
      23
      23
      26
      14
      20
      30
      32
      22
      25
      13
      20
      32
      15
      17
      12
      14
      24
      19
      19
      15
      14
      14
      11
      10
      20
      13
      16
      17
      13
      18
      14
      20
       8
      14
      15
       9
      19
      10
      19
      12
      15
      18
      17
      11
      13
       8
      13
      18
      16
      18
      14
       9
      15
      14
      19
      14
      18
      17
      15
      17
      14
      14
      11
      17
      16
      17
      19
      20
      21
      29
      27
      29
      30
      30
      49
      34
      40
      51
      39
      60
      52
      53
      78
      63
      68
      73
      77
      74
      87
      90
      92
     105
     108
      91
     112
      99
     111
     100
     113
     103
      99
     110
     116
      91
     106
     100
      97
      94
      81
      78
      71
      69
      78
      60
      66
      66
      41
      54
      37
      38
      41
      41
      32
      36
      34
      26
      28
      24
      23
      18
      19
      20
      15
      12
      14
      16
      12
      12
      17
      11
      15
      10
      17
      14
       9
      11
       4
       7
      13
       9
       9
       9
       9
       8
      13
      10
       6
       6
      11
      16
       6
       3
      10
      13
      11
       5
      12
      10
       7
       6
      13
       6
       6
       7
       9
       7
       7
       7
      14
       7
       8
      12
      11
       8
      11
       8
       6
       4
       6
      10
       8
       4
      10
       9
       7
       9
      16
       8
       9
      11
       8
       6
       8
      10
      10
       7
       7
       8
      10
       9
      13
       7
      12
       7
      10
      10
       7
       6
       6
       8
      13
       8
      10
       7
       9
      10
      10
      12
       7
      10
       7
       6
       8
       6
       2
       8
       8
      12
       9
       4
      10
       5
       9
       4
       4
       4
      14
       8
       8
       4
       7
       8
       7
       5
      16
       7
       4
       7
       5
      10
       6
       9
      10
       3
       5
       7
       8
       8
       5
       5
       7
      10
       8
       8
       4
      14
      10
      11
       8
       9
      11
       9
       8
       7
      14
       7
       8
       9
      13
       7
       5
       6
       4
       6
      14
      14
       8
       7
       5
      17
      11
       8
      11
       4
      11
      14
      11
       2
      12
      10
       7
      11
       9
      10
      11
       7
       6
       8
       5
       8
       7
       7
       7
       7
      10
       8
       7
      14
       6
       6
      11
       6
      10
       5
      14
       8
       5
       9
       5
       3
       6
       3
       6
       6
       8
       9
       5
       6
       7
      10
       8
      11
      11
       3
       4
       4
       6
       5
      11
      10
       9
       7
       6
       5
       5
       6
       6
       8
       8
       6
       5
       6
       8
       4
       9
       5
      10
       7
       9
       7
       9
       4
       8
       6
       8
       4
       4
       4
       6
      10
       4
       5
       5
       6
       2
       9
       5
      10
       8
       4
       5
       6
       9
       4
       8
       5
       5
       7
       7
       7
       8
       7
       5
      14
       8
      10
      10
       6
       5
       6
      12
       7
       7
      14
      13
       7
       3
      10
       3
       5
       3
      10
       8
       7
       8
       7
       8
       8
       4
       3
       6
       9
       8
      11
       7
       7
       8
       5
      12
       7
       7
       6
       6
       7
      10
       7
       6
      10
       9
      12
       7
      11
       4
       7
       2
       8
       7
       8
       5
       3
       4
       9
       2
       7
       8
       8
       4
       5
       5
       3
       8
       3
      10
       5
       7
       9
       6
       4
       1
      12
       7
      10
       2
       5
      14
       6
       4
      10
       5
       6
       6
       5
       7
       4
       3
      11
       6
       7
       9
       6
      13
       8
       7
       5
       7
       3
       5
       6
      10
       6
       8
       6
       6
       6
       5
       8
       7
       6
       5
       7
      16
       2
       6
       6
       9
       7
       5
      11
      15
       3
      12
       5
      14
       4
       7
       6
      11
       3
       8
       6
       5
      12
       6
      11
       9
       7
      11
      13
       9
       5
       7
      10
      11
       7
       9
       7
       4
      11
      13
       4
      10
       6
       7
       9
       7
       7
      11
      13
       3
       4
       5
       7
      10
       3
       7
       4
       6
       2
       3
       5
       4
       5
       7
       1
       9
       7
       4
       3
       9
       5
       5
       6
       7
       4
       5
       5
       6
       7
       5
       8
       4
       6
       7
       8
       6
       6
       5
       6
      10
      13
       7
       5
       6
       6
       6
       6
       5
       5
       8
       8
       9
       6
       5
       5
       3
       4
       4
       2
       7
       4
       7
       7
       6
       3
       6
       5
       4
       8
       3
      11
       5
       7
       8
       4
       8
       9
       4
       4
       5
       3
       9
      10
       7
       4
       6
       7
       7
       6
       3
       3
       2
       7
       4
       3
      10
       3
       8
       5
       4
       4
       8
       6
       3
       4
       5
       6
       6
       4
       9
       7
       2
       9
      11
       3
       8
       3
       3
       4
       9
       6
       3
       8
       3
       3
       4
       6
       1
       1
       4
       4
      10
       4
       8
       3
       5
       6
       3
       4
       6
       4
      11
       5
       5
       3
       6
       4
       6
       7
       7
       9
       3
       3
       3
       9
       2
       4
       6
       3
       6
       6
       7
       6
       4
       5
       3
       5
       5
       2
       4
      11
       6
       6
       5
       2
       2
       5
       8
       7
       4
       5
       6
       6
       4
       5
       6
       3
       3
       4
       8
       5
       8
      11
       9
       5
       4
       8
       5
       5
      11
       9
       5
       5
      11
       7
       3
       6
       7
       7
       5
       6
       5
       5
       6
       5
       4
       8
       6
       6
       8
       4
       7
       5
      11
       5
       5
      11
       6
       3
       7
       4
       6
       8
       2
       4
       5
       4
      10
       8
       7
      10
       7
       9
       5
       6
       2
       6
       4
       3
       7
       4
      11
       6
      11
       6
       9
       4
       7
       8
       9
       7
       5
       6
       5
       7
       6
       3
       2
       7
       8
       8
       5
       4
      11
       4
       4
       7
       5
       5
       4
       7
       3
       3
       5
       8
       5
       4
       8
       9
       5
       2
       3
       2
       5
       6
       5
       7
       6
       6
       6
       4
       7
       7
       6
       6
       7
       4
       7
       9
       3
      14
      11
       7
      15
       5
       4
      11
       6
       9
       8
       6
       1
       3
       9
       4
      10
       9
       6
       6
       9
       5
       8
      10
       4
       4
       6
       7
       2
      12
       6
      11
       6
       5
      11
      10
       7
       1
       5
       5
       5
       6
       6
      11
       5
       5
       3
       6
       6
       7
       4
      11
       4
       2
       3
       4
       2
       4
       8
       9
       2
       4
       9
       6
       9
       2
      10
       7
       9
       6
       5
       7
       8
       2
       4
       5
       8
       8
       6
       5
       9
       5
       8
       3
       4
       9
       5
       7
      11
       7
       8
       4
       5
       7
       4
       7
       2
       6
       3
      10
       5
       9
       6
       4
       5
       6
       7
       7
       5
       7
       5
      10
      11
       9
      10
      10
       8
       3
       8
       4
       5
       8
       6
       8
       2
       9
      10
       9
       6
       8
       8
       4
       2
       8
       4
       6
       3
       4
       6
      12
       4
       8
       5
       7
       4
      10
       4
       1
       6
       9
       3
       4
       3
       5
       9
       4
       4
       8
       9
      12
       6
       6
       4
       9
       6
      10
       7
       9
       6
      11
      10
       5
      10
       4
      10
       4
       6
       7
       6
       6
       5
       7
       8
       8
       5
       6
       7
       1
       5
       6
       5
      11
       4
       1
       9
       8
       6
       6
      12
      14
       5
       9
       6
       5
       8
       7
       7
      12
       6
       6
       7
       9
       7
       7
       6
       4
       4
       9
      16
      12
      11
       9
       7
      11
       6
      13
       8
       8
       3
       3
       4
       5
       6
       5
       7
       9
       7
       4
       5
       7
       6
       6
       6
      12
       7
      13
       5
       5
       4
       4
       8
      11
       7
       8
       8
       7
       9
      14
       5
       8
       5
       4
       8
       6
       2
       8
       9
       3
      11
       9
       8
      11
       4
       7
      10
       7
      14
      10
       3
       7
       8
       9
       8
       7
      10
       4
       8
       6
       7
       8
       7
       6
       7
      10
       7
      10
       4
       7
       3
       6
       3
      11
       7
      12
      12
       3
       4
       8
       9
       5
       6
       6
       6
       4
       5
       6
       3
       9
       8
       7
       2
       3
       5
       6
       5
       4
      11
      14
       8
       7
       8
       9
       5
      10
      11
      10
       8
       7
       5
      10
       8
       9
       3
      12
       5
      11
       8
       8
      10
       5
       6
       9
       9
       6
       4
       6
       7
       4
       5
       5
       6
       9
      10
       8
       4
       7
      11
       9
       6
      10
       5
       6
       8
       4
       8
       3
       6
       9
       5
       9
       4
       7
       5
       7
       3
       3
       3
       4
       7
       6
       4
       4
       6
       9
      13
       3
       9
       7
       4
       4
       5
       4
       7
       8
       2
       9
       8
      13
       5
       6
       6
       0
       0
       0
       0
       0
       0
       0
       0
       0
       0
       0
       0
       0
       0
       0
       0
       0
       0
       0
       0
       0
       0
       0
       0
       0
       0
       0
       0
       0
       0
       0
       0
       0
       0
       0
       0
       0
       0
       0
       0
       0
       0
       0
       0
       0
       0
       0
       0
       0
       0
       0
       0
       0
       0
       0
       0
       0
       0
       0
       0
       0
       0
       0
       0
       0
       0
       0
       0
       0
       0
       0
       0
       0
       0
       0
       0
       0
       0
       0
       0
       0
       0
       0
       0
$ROI:
2
204 249
712 830
$PRESETS:
Live Time
120
0
$ENER_FIT:
-23.656767 2.297974
$MCA_CAL:
3
-2.365677E+001 2.297974E+000 2.836717E-005 keV
$SHAPE_CAL:
3
0.000000E+000 0.000000E+000 0.000000E+000
