$SPEC_ID:
Sample016
$SPEC_REM:
DET# 1
DETDESC# DESKTOP-I499GD2 Easy-MCA-2k SN 18191655
AP# Maestro Version 7.01
$DATE_MEA:
03/01/2024 12:30:59
$MEAS_TIM:
120 120
$DATA:
0 2047
       0
       0
       0
       0
       0
       2
       3
       6
     112
      60
      65
      70
      76
      87
      79
      84
      74
      85
      85
      91
      93
      70
     101
      81
      88
      95
      89
     112
     110
     138
     133
     153
     160
     164
     158
     154
     147
     109
     125
     139
     123
     126
     160
     166
     169
     179
     179
     189
     215
     216
     259
     257
     263
     256
     282
     317
     308
     276
     282
     286
     317
     381
     431
     480
     582
     537
     499
     457
     344
     282
     280
     255
     233
     253
     250
     239
     216
     259
     230
     220
     233
     238
     236
     221
     252
     254
     228
     256
     244
     210
     213
     270
     239
     227
     229
     232
     218
     226
     194
     213
     196
     179
     224
     182
     193
     203
     205
     203
     213
     205
     205
     209
     205
     175
     190
     201
     207
     178
     168
     162
     170
     187
     168
     152
     147
     149
     162
     161
     159
     155
     149
     160
     138
     142
     147
     157
     150
     145
     132
     127
     129
     159
     136
     112
     120
     134
     138
     124
     124
     114
     120
     129
      99
     118
     119
     124
     129
     109
     108
     109
     112
     107
     116
     123
     117
     107
      89
      93
     101
     102
      86
     101
      91
      96
      86
     104
      86
      91
      89
      78
     104
      80
      87
      85
      69
      87
      90
      70
      78
      88
      78
      77
      82
      78
      72
      88
      71
      74
      83
      75
      78
      74
      92
      62
      83
      58
      74
      66
     103
      83
      71
      81
      75
      94
      70
      84
     102
     128
     118
     134
     137
     127
     159
     162
     155
     164
     192
     208
     191
     173
     192
     181
     183
     169
     160
     153
     123
     115
      89
     106
     101
      97
      85
      75
      64
      72
      56
      57
      68
      64
      46
      63
      43
      52
      63
      47
      61
      55
      64
      56
      52
      52
      45
      47
      58
      56
      49
      59
      50
      55
      65
      62
      54
      45
      57
      30
      49
      49
      65
      40
      43
      52
      50
      42
      47
      51
      50
      47
      47
      49
      44
      44
      32
      52
      50
      42
      45
      43
      48
      47
      50
      50
      37
      44
      51
      41
      48
      38
      34
      36
      53
      37
      51
      39
      45
      34
      58
      46
      47
      46
      26
      47
      36
      28
      33
      39
      34
      45
      29
      37
      42
      48
      30
      37
      37
      42
      42
      45
      44
      38
      46
      44
      45
      33
      48
      54
      42
      50
      38
      46
      53
      39
      37
      45
      41
      40
      35
      38
      35
      38
      39
      44
      36
      43
      38
      50
      41
      40
      33
      33
      38
      44
      50
      36
      36
      30
      33
      32
      43
      35
      33
      39
      45
      40
      28
      31
      36
      24
      46
      40
      28
      31
      35
      38
      27
      39
      29
      32
      30
      34
      35
      35
      25
      34
      33
      36
      35
      22
      41
      35
      35
      34
      35
      47
      27
      38
      39
      29
      38
      28
      33
      28
      29
      33
      40
      30
      33
      39
      27
      25
      40
      38
      30
      32
      22
      34
      31
      31
      35
      31
      28
      29
      35
      24
      34
      35
      28
      33
      28
      30
      34
      33
      22
      26
      30
      24
      40
      29
      29
      25
      36
      38
      35
      28
      35
      34
      28
      25
      24
      38
      35
      24
      26
      33
      47
      32
      39
      36
      30
      37
      41
      52
      34
      49
      34
      41
      44
      34
      40
      38
      42
      30
      31
      39
      36
      30
      35
      29
      35
      32
      29
      39
      36
      30
      22
      26
      32
      22
      17
      26
      28
      28
      39
      22
      25
      40
      27
      34
      26
      34
      22
      21
      31
      36
      31
      28
      24
      25
      28
      23
      24
      28
      26
      41
      31
      27
      30
      28
      35
      40
      30
      24
      30
      42
      38
      40
      39
      31
      33
      29
      39
      39
      39
      34
      37
      39
      38
      40
      31
      30
      33
      23
      35
      28
      31
      33
      38
      33
      36
      39
      29
      29
      25
      25
      31
      27
      38
      29
      33
      34
      34
      20
      31
      21
      30
      28
      29
      24
      25
      30
      32
      29
      29
      25
      20
      29
      38
      32
      25
      32
      21
      22
      33
      23
      32
      31
      27
      25
      38
      40
      27
      38
      40
      26
      27
      26
      30
      30
      35
      30
      37
      38
      31
      23
      40
      39
      38
      35
      31
      40
      41
      26
      33
      31
      39
      38
      34
      38
      42
      38
      41
      44
      36
      34
      40
      36
      42
      26
      27
      32
      38
      37
      29
      35
      32
      33
      24
      20
      48
      25
      20
      24
      32
      24
      20
      19
      25
      22
      19
      23
      18
      37
      22
      17
      17
      22
      18
      18
      17
      13
      16
      15
      16
      16
      19
      21
       8
      17
      13
      19
      17
      23
      16
      19
      19
      11
      10
      14
      19
      18
      11
      12
      12
       8
      14
      13
       9
      17
      12
      15
      13
      11
      12
       7
      17
      14
      15
      11
      10
       5
      18
      13
      13
      15
      11
      14
      15
      14
      20
      30
      17
      18
      15
      22
      20
      22
      25
      27
      35
      39
      24
      58
      40
      41
      45
      57
      59
      40
      74
      65
      62
      69
      76
      74
      87
      96
      84
      90
      85
     119
      84
      92
      95
     106
     104
     110
      87
      86
      93
     103
     108
      94
      75
      80
      77
      75
      65
      91
      66
      64
      71
      52
      52
      43
      41
      36
      32
      25
      32
      38
      24
      23
      21
      23
      25
      20
      19
      21
      14
      12
      11
      13
      16
      15
      14
      17
       9
      14
       9
      10
      13
       8
      13
      11
       7
       9
      11
       8
       9
       6
       7
       8
      13
      11
      10
       8
      14
       6
       5
       6
       8
       4
       5
      13
      17
       9
      16
       9
       6
       8
       4
      11
      12
      16
       7
       9
       8
       8
      10
      15
       8
      10
      10
       6
      10
      12
       7
       7
       7
       7
       4
       6
       7
       6
      12
       5
       9
       8
       9
       8
      14
       9
      12
      11
       8
       2
       8
      11
       7
       9
       7
       6
       6
      14
       8
      10
      12
      10
       6
       6
      17
       4
       5
      11
       4
       8
       6
       8
       8
       9
       7
       8
       4
       9
       8
       3
      13
       7
       9
       7
      13
       4
       6
       9
       7
       6
       9
       8
       8
       8
       8
       5
       5
       8
       5
      10
      12
       9
       6
       5
       8
       4
      13
       7
       6
      10
       7
       6
       5
      10
       7
       7
      12
      11
      10
      12
      17
      10
       4
       7
       9
       5
       6
       6
       5
       7
       8
       3
       6
       5
       5
      11
       6
      12
       6
       6
       6
       9
       8
       3
       9
       8
       8
      12
       7
      10
       8
      10
       8
       8
       3
       9
      10
       4
      10
       7
      10
       7
       4
       5
       9
       5
      11
       6
       7
       7
       8
      13
       6
      11
      11
       9
       9
       7
      10
       4
      10
       7
       8
       4
       7
       8
       7
      12
       3
       7
       8
       3
       5
       8
       9
       7
       9
       5
      11
      10
       8
       7
       7
       7
       6
       4
       4
       9
       5
       8
       6
       5
       8
       3
       8
       8
       6
       8
       4
       6
       6
      10
       8
       2
       3
       8
       8
      11
       7
      11
       8
       4
       4
      11
      10
       5
       9
       3
       4
       3
       8
      11
       7
       5
       3
       9
      12
      11
       6
      15
       6
       4
       3
       5
       6
       9
      10
       4
      11
       2
       6
      11
       7
       9
       3
       5
       5
       7
       9
       5
       6
       8
       5
       6
       8
       7
       3
       7
       6
       7
       3
       5
       3
       7
       2
       1
      10
       6
       4
       9
       6
       5
      10
      12
       2
       8
       7
       5
       6
       5
       7
       8
       5
       9
       4
       6
       7
       4
       9
       3
       4
       4
       4
       9
       5
       7
       6
       3
       7
       3
       7
       8
       4
       7
       3
       6
      10
       3
       7
       5
       9
       7
       5
       3
       6
       7
       6
      11
       3
       4
       8
       6
       1
       3
      14
       8
       2
      11
       3
       4
       4
       2
      11
       4
       4
       7
       6
       5
       4
       9
       8
       3
       9
      12
       6
      14
      10
       3
       5
       7
       4
       6
       7
      12
       7
      10
       2
       9
       4
       5
      11
      10
       5
       5
       5
       7
      15
       9
       5
       5
       6
       6
      11
       7
      14
       3
      10
       5
       3
       9
       4
       2
       6
       3
       7
       3
       7
       5
       7
       6
       7
       3
       6
       4
       4
       6
       4
      10
       6
       6
       2
       5
       8
       5
       5
       2
      10
       7
       9
       3
       8
       5
       3
       5
       3
       6
       5
      14
       6
       3
       5
       6
       8
       9
       3
       3
       2
       5
       5
       8
       7
       4
       3
       1
       4
       3
       4
       5
       8
       6
       8
       3
       6
       8
       5
       5
       6
       9
      10
       8
       3
       7
       5
       2
       5
       8
       6
       4
       4
       4
       4
       8
      10
       8
       6
       5
       5
      10
       7
       6
       5
       5
       6
       5
       5
       4
      10
       6
       3
       7
       4
       3
       1
       8
       5
       3
       6
       7
       9
       5
       9
       9
       7
       5
       7
       5
       4
       8
       4
       7
       7
       3
       8
       8
       3
       6
       8
       6
       2
       9
       3
       8
       3
       6
       6
       6
       7
       3
       7
       1
      10
       2
       6
       3
       4
       5
       8
       4
       6
       6
       4
       7
       9
       5
       6
       5
       5
       8
       8
       6
       8
       9
       5
       4
       4
       3
       7
       2
       7
       2
      10
       5
       7
       5
       5
       8
       3
       6
       4
       3
       6
      11
      11
       5
       5
       3
       7
       2
       8
       1
       5
       7
       2
      11
       4
       7
       5
       6
       7
       7
       7
       2
       3
       2
       4
      10
       7
      12
       5
       5
       9
       5
       2
       6
       6
       2
       5
       8
       2
       6
       7
       4
       3
       4
       4
       8
       6
       5
       4
       6
       7
       5
       5
      10
       3
       4
       6
       8
       4
       4
       6
       7
       5
      11
       6
       7
       6
       1
       8
       4
       4
       7
       5
       3
       7
       6
       7
       3
       5
       5
       5
       7
       9
       9
       6
       7
      12
       8
       7
       7
       6
       4
       5
       8
       5
       8
       8
       6
       6
       4
       6
       2
       5
       7
       8
       6
      10
       0
       9
       6
       2
       3
       7
       9
       7
       5
       5
       2
       7
       6
       7
       5
       5
       3
       4
       7
       7
       6
      12
       6
       8
       8
       3
       3
       8
       3
       4
       6
       9
       7
       5
       6
       8
       3
       9
       7
       7
       5
       7
       6
       8
       7
       6
       6
       6
       5
       5
       3
       5
       7
       7
       9
       9
       7
       5
       6
       8
      11
       3
       7
       7
       6
       6
       6
       7
       5
      10
       5
       4
       6
      10
       7
       7
       7
       1
       3
       9
      10
      13
       1
       2
       5
       8
       5
      14
       4
       7
       3
       3
       3
       8
      10
       3
       5
       4
       7
       7
      11
       3
       6
       8
       2
       6
      10
       5
       5
       7
       2
       4
       6
       4
       2
       6
       8
       8
       9
      11
       8
       2
      10
       7
       6
       2
       4
       7
       8
       4
       6
       4
      10
       8
       8
       5
       2
       5
       8
       7
      10
       8
       3
      10
       9
       9
       6
       4
       7
       9
       2
       6
       4
       4
      10
       8
       5
       7
      12
       6
       4
       8
       8
      11
       8
       7
       6
      10
       8
       6
       8
       5
       5
       5
       9
       8
       2
       6
       3
       3
      11
       8
       8
       8
       9
      11
       6
       5
       7
       7
       8
       5
       5
       6
       8
       6
       9
       8
       5
       8
       7
       6
       5
       5
       6
       8
       5
       5
       6
      11
       9
       8
       6
       5
       5
       5
       7
       4
      12
       5
      11
       5
      10
       5
      11
       3
       5
       4
       3
       7
       4
       5
      10
      10
       7
      15
      13
       5
       2
       6
       6
       4
       5
       7
       5
       6
       7
       3
       5
       6
      14
       9
       5
       5
       8
       9
       2
      14
      11
      13
      11
       9
       8
       4
       6
       2
      13
      12
       6
       9
       4
      13
       5
       9
      10
      14
      10
       6
       6
       8
       8
      13
       5
       7
       6
      11
       9
       8
       8
       8
      13
       6
       2
       9
       5
       6
       7
       8
       9
       8
       4
       7
      13
       9
       6
       7
       5
       6
       7
       4
       9
       9
       4
       6
       4
       7
       6
       4
       3
       9
       9
      11
       6
       5
       3
      12
       5
       9
       6
       4
       7
       3
       7
       6
       5
      13
       5
       7
       5
       3
       5
      12
       5
       8
       9
       6
      11
       5
       7
       4
      10
       6
       9
       6
       4
       6
       5
       5
       7
       5
       7
       5
       8
       7
       4
       5
       7
       4
       6
       9
       4
       6
       9
       4
       2
      11
       7
       5
       6
       5
       4
       7
       9
       9
      10
       6
       6
       5
      10
       9
       5
       6
       7
       4
       5
       5
       3
       8
       6
       4
       2
      11
       6
       6
       6
       7
       6
       8
       9
       4
       7
       4
       4
       8
      10
       7
       7
       4
       6
       4
       2
       4
      10
       7
      10
       7
       6
       5
       3
       5
      11
       6
       8
       5
       4
       9
       6
       9
       7
       4
       7
       9
       3
       5
       6
       9
       9
       5
       6
       5
       2
       0
       0
       0
       0
       0
       0
       0
       0
       0
       0
       0
       0
       0
       0
       0
       0
       0
       0
       0
       0
       0
       0
       0
       0
       0
       0
       0
       0
       0
       0
       0
       0
       0
       0
       0
       0
       0
       0
       0
       0
       0
       0
       0
       0
       0
       0
       0
       0
       0
       0
       0
       0
       0
       0
       0
       0
       0
       0
       0
       0
       0
       0
       0
       0
       0
       0
       0
       0
       0
       0
       0
       0
       0
       0
       0
       0
       0
       0
       0
       0
       0
       0
       0
       0
$ROI:
2
204 249
712 830
$PRESETS:
Live Time
120
0
$ENER_FIT:
-23.656767 2.297974
$MCA_CAL:
3
-2.365677E+001 2.297974E+000 2.836717E-005 keV
$SHAPE_CAL:
3
0.000000E+000 0.000000E+000 0.000000E+000
