$SPEC_ID:
Sample017
$SPEC_REM:
DET# 1
DETDESC# DESKTOP-I499GD2 Easy-MCA-2k SN 18191655
AP# Maestro Version 7.01
$DATE_MEA:
03/01/2024 12:33:00
$MEAS_TIM:
120 120
$DATA:
0 2047
       0
       0
       1
       0
       0
       0
       1
       2
     117
      70
      58
      54
      70
      64
      84
      61
      87
      73
      63
      78
      96
      87
      79
      87
      85
     105
      95
      81
     118
     132
     139
     119
     160
     166
     152
     122
     118
     120
     118
     120
     145
     133
     147
     144
     176
     152
     141
     226
     215
     206
     197
     252
     260
     276
     262
     250
     233
     245
     276
     275
     314
     401
     443
     475
     561
     571
     452
     380
     345
     257
     268
     244
     242
     204
     221
     237
     229
     210
     236
     218
     217
     216
     210
     266
     217
     223
     219
     228
     214
     208
     216
     237
     233
     232
     196
     207
     205
     215
     211
     213
     199
     180
     197
     206
     178
     197
     191
     186
     180
     164
     160
     190
     199
     186
     184
     177
     162
     151
     155
     148
     150
     164
     149
     156
     149
     136
     143
     117
     143
     145
     151
     134
     135
     133
     128
     122
     126
     141
     132
     142
     107
     126
     115
     126
     115
     128
     101
     104
     116
     101
      97
     112
     108
     122
     114
      99
      82
      94
      92
      98
      81
     105
     100
      81
     101
      87
      84
     103
     105
      86
      88
     102
      80
      90
      74
      96
      76
      74
      76
      78
      79
      78
      74
      70
      88
      78
      82
      70
      74
      68
      70
      80
      85
      75
      81
      71
      80
      57
      76
      80
      64
      58
      70
      50
      65
      69
      62
      69
      78
      88
      75
      71
      79
      85
      79
      90
     101
      89
      99
     113
     115
     114
     127
     146
     140
     139
     165
     176
     174
     175
     182
     154
     148
     126
     137
     120
     114
     122
      97
      84
      92
      70
      68
      80
      55
      55
      48
      62
      45
      50
      36
      55
      56
      67
      54
      50
      38
      65
      47
      49
      49
      41
      44
      46
      51
      39
      46
      53
      35
      49
      44
      46
      53
      35
      51
      44
      43
      53
      51
      51
      54
      43
      42
      37
      48
      59
      45
      33
      51
      44
      46
      38
      46
      40
      48
      32
      33
      37
      37
      32
      39
      33
      37
      34
      32
      43
      35
      28
      39
      43
      29
      35
      39
      30
      33
      47
      30
      33
      37
      54
      51
      35
      41
      33
      35
      46
      41
      39
      35
      46
      38
      38
      43
      36
      26
      36
      35
      36
      41
      37
      26
      34
      44
      49
      27
      38
      24
      45
      57
      36
      38
      31
      38
      27
      31
      28
      39
      41
      31
      24
      40
      47
      44
      53
      39
      50
      32
      38
      38
      48
      33
      41
      28
      38
      45
      34
      28
      41
      45
      33
      26
      32
      24
      23
      34
      25
      34
      39
      32
      24
      30
      32
      37
      27
      24
      35
      29
      26
      31
      28
      31
      33
      24
      30
      42
      26
      32
      32
      30
      25
      35
      28
      32
      27
      33
      35
      31
      36
      18
      31
      28
      27
      23
      17
      42
      29
      28
      38
      24
      20
      25
      30
      27
      22
      28
      29
      27
      34
      33
      30
      24
      27
      34
      27
      27
      29
      28
      23
      35
      33
      23
      31
      26
      25
      32
      23
      27
      26
      27
      31
      30
      17
      31
      30
      45
      28
      36
      27
      24
      33
      31
      33
      28
      28
      27
      35
      28
      27
      32
      34
      33
      29
      45
      30
      39
      43
      38
      41
      32
      37
      38
      31
      42
      29
      35
      42
      44
      35
      31
      32
      29
      29
      36
      31
      15
      21
      16
      31
      13
      38
      27
      25
      24
      28
      28
      19
      22
      20
      33
      26
      29
      25
      24
      36
      21
      27
      20
      28
      30
      22
      27
      28
      27
      26
      28
      34
      29
      32
      23
      34
      25
      25
      23
      31
      22
      30
      31
      23
      34
      27
      32
      34
      25
      26
      40
      27
      27
      44
      28
      32
      37
      26
      30
      27
      34
      22
      25
      31
      34
      33
      28
      31
      26
      25
      36
      29
      32
      25
      22
      25
      19
      25
      35
      27
      24
      24
      22
      31
      23
      32
      29
      26
      30
      24
      28
      24
      23
      20
      26
      28
      25
      31
      32
      27
      34
      26
      27
      30
      19
      22
      27
      23
      24
      35
      27
      16
      29
      23
      40
      39
      37
      27
      34
      40
      24
      36
      37
      25
      27
      26
      27
      38
      38
      36
      28
      36
      33
      32
      26
      39
      28
      31
      32
      26
      34
      27
      30
      28
      22
      30
      20
      27
      28
      22
      28
      19
      28
      19
      25
      30
      25
      24
      19
      22
      21
      17
      27
      21
      23
      14
      22
      22
      14
      17
      20
      22
      12
      18
      15
      23
      12
      17
      18
      15
      12
      16
      11
      11
      16
      16
      15
      16
      16
      10
      17
      15
      15
      17
      14
       9
       9
      15
      10
      12
      11
      12
      14
      16
      14
      12
      11
       5
      17
      10
       5
      19
      13
      13
       9
      14
       7
      11
      10
      11
      17
      15
      12
      12
      17
      15
      19
      13
      13
      18
      21
      23
      18
      27
      31
      28
      42
      42
      41
      45
      45
      31
      48
      57
      60
      67
      80
      58
      62
      65
      92
      94
      98
      72
      85
      86
      82
      84
      89
     105
      86
      88
      92
     104
      95
      92
      82
      89
      62
      73
      58
      69
      68
      48
      70
      59
      38
      54
      54
      48
      35
      31
      30
      30
      27
      19
      29
      20
      18
      19
      15
      13
      15
      13
      15
      14
       9
      11
      11
       6
      12
      12
       8
       9
       9
       6
       9
       9
       6
       5
       7
       4
       2
       9
       9
      10
       3
      10
       7
       8
       9
       2
       6
       8
       6
       2
      11
      11
       1
      12
       5
       8
      15
       6
       6
       8
       5
      12
       2
      11
      11
       7
      11
       5
       6
       7
       7
       6
      11
       9
      11
       7
       5
       6
       7
       8
       7
       7
       6
      10
       7
       7
       8
      11
       7
       9
      10
      11
       4
       4
       6
       1
       6
       5
       9
       6
       7
       6
      12
      10
       5
       6
       4
       4
       3
       9
       6
      11
       8
       9
       8
       5
       9
       8
       7
       8
      10
      14
       3
       7
      10
      12
       5
      10
       6
       4
       7
       8
       5
       6
      11
       3
       5
       4
       6
       6
       8
       6
      12
       3
       6
       8
       6
      11
       7
       6
      10
       4
       5
      10
       4
       8
       7
       7
       5
       7
      11
       7
      10
       3
       7
       5
       7
       8
       9
       2
       6
      12
       6
      10
       8
       8
      10
       3
       6
       8
       7
       9
       6
       6
       8
      12
      12
       6
       9
       5
       8
      12
       6
       4
       7
       5
       7
       4
      15
       8
       5
       8
       8
      11
       7
       9
       7
       2
       8
       9
       9
       6
       6
       5
       8
       8
      10
       9
       2
       7
       2
      10
       2
       9
       7
       6
       9
      10
       4
       6
       8
       4
       6
       7
       4
       6
       3
      10
       3
      10
       7
       7
       4
       7
       5
       9
       3
       6
       4
       4
       4
       7
       5
       9
       5
       8
       2
       4
       5
       3
       8
      10
       7
       3
       7
       8
       6
       4
       7
       9
       9
       7
       8
       8
       0
       3
       5
       3
       5
       2
       5
       9
      10
       5
       3
       4
       7
       7
       7
       4
       9
       7
       9
      10
       3
       6
      12
       3
       6
       4
       5
       6
       7
       7
       4
      11
       9
       6
       6
       8
       8
       8
       4
      11
       3
      12
       7
       6
      10
       7
      10
       6
       7
       3
       4
       7
       4
       9
       5
       3
       9
       7
       7
       7
       9
       9
       8
      10
       8
       4
       6
       5
       5
       6
       4
       6
       9
       8
       8
       5
       7
      10
       5
      10
       4
       7
       4
       9
       3
       7
       6
       7
       5
       9
       6
       5
       6
       5
       6
       2
       4
      10
       6
       5
       6
       7
       8
       7
       6
       8
       4
       4
       2
       3
       9
       6
       2
       4
       5
       5
       6
       7
       5
       7
       6
       4
       4
       8
       7
       3
       9
      15
       8
      11
      12
       8
       6
       1
       4
      10
       6
       4
       9
       5
      11
       7
       7
       7
       3
       3
       5
      12
       5
       6
      12
       8
      13
       4
       7
       8
      12
       6
       5
      10
       3
       3
       5
       4
       4
      10
       9
       8
       6
       5
       3
       4
       7
       9
       5
       9
       7
       3
       2
       6
       5
       4
       7
       4
       4
       4
       6
       6
       5
       4
       3
       7
       5
       4
       5
       7
       5
       8
       6
       6
       5
       5
      11
       3
       5
       2
       1
       2
       6
       5
       4
       6
       4
       6
       3
       5
       3
       5
       8
       9
       4
       6
       9
       5
      10
       4
       6
       3
       1
       7
      11
       4
       5
       2
       7
       7
       6
       4
       5
       5
       3
       4
       7
       9
       8
       4
       4
       4
      14
       5
       5
       2
       4
       6
       8
       5
       4
       8
       6
       4
       4
       5
       4
       4
       5
       5
       3
      10
       6
       4
       8
       9
       0
       6
       6
       9
       4
       4
       5
       4
       8
       4
       2
       3
       7
       5
       2
       8
       5
       7
       9
      10
       5
       4
       7
       2
       4
       0
       4
       6
       3
       4
       8
       4
       5
       4
       8
       6
       5
       8
       3
       4
       2
       6
       3
       7
       5
       8
       2
       3
       6
       4
       4
       3
       3
       6
      11
       5
       6
       6
       1
       7
       7
       7
       3
       2
       5
       5
       8
       7
       6
       2
       4
       2
       3
       4
       5
       6
       7
       1
       1
       1
       7
       8
       6
       3
       6
       7
       3
       2
       5
       3
       4
       8
       7
       7
       4
       1
       2
       2
       2
      11
       3
       7
       2
       2
       4
       3
       1
       6
       2
       3
       3
       6
       2
       5
       6
       8
       5
       4
       4
       3
       7
       9
       3
       5
       3
       7
       6
       6
       3
       4
       9
       6
       5
       6
       9
       8
       8
       3
       7
       3
       4
       4
       6
       4
       6
       7
       6
      14
       5
       5
       2
       0
       6
       2
       5
       6
       6
      11
       5
       3
       8
       3
       5
       3
       5
       8
       5
       2
       4
       9
       5
       3
       7
       1
      10
       5
       3
       5
       6
       5
       5
       7
      13
       4
      11
       3
       6
       6
       6
       4
       7
       4
       4
       4
       4
       8
       4
       7
       7
       5
       2
       6
       2
       6
       5
       0
       2
       8
       5
       1
       5
       6
       9
       8
       8
      11
       6
       7
       4
       3
       7
       6
       7
       6
       6
       4
       4
       6
       8
       4
       5
      10
       5
       9
       2
      10
       8
       7
       5
       7
       5
       3
       8
       7
       5
       5
      10
       4
       4
       5
       2
       9
      10
       4
       9
       7
       4
       5
       9
       4
       4
       7
       5
       9
       6
       8
       2
       6
       4
       3
       4
       3
       5
       4
       9
       9
       7
       7
       4
       8
      11
       9
       4
       5
       1
       4
       3
       5
       4
       7
       0
       7
       3
       3
       3
       4
       3
       4
       6
       6
       5
       5
       5
       4
       1
       9
       4
       4
       7
       6
       5
       4
       4
       3
       4
       5
       4
       7
       6
       6
       7
       7
       7
       6
       5
       8
       6
       6
       7
       5
       6
       5
       5
       7
       1
       3
       7
       2
       5
       5
       5
       6
       9
       9
       8
       4
       5
       4
       8
       3
       5
       4
       6
       6
       3
       0
       4
       7
       6
       9
       2
       8
       8
       3
       7
       4
       7
       3
       4
       4
       3
       8
       9
       6
       5
       7
       9
       8
       4
       6
       4
       5
       9
       7
       3
       9
       3
       6
       7
       5
       7
       9
       6
       4
       5
       6
      11
       7
       6
       3
       7
       4
       4
       8
       2
       6
       4
       5
       9
       7
       8
       3
       2
       6
       5
       6
       4
       8
      11
       4
       6
       5
      11
       7
       4
       4
       7
       7
       6
       3
      10
       7
       7
       9
       5
       9
       2
       4
      12
       5
       3
       2
       3
       7
      11
       9
       8
       9
       5
      13
       5
       3
      10
       8
       7
       6
       7
       4
       7
       6
       6
       6
       4
       8
       7
      13
      11
       5
       5
       3
       5
       3
       6
       6
       4
       6
       8
       7
       7
       7
      11
       3
       7
       9
       7
       4
       7
      10
       7
       9
       1
       8
       3
       3
       7
       9
       6
       7
       6
       6
       3
       3
       1
       6
      11
       8
       6
       3
       5
       3
       2
       5
       4
       3
       3
       5
       8
       4
       6
       7
       7
       6
       6
       5
       2
       8
       4
       4
       7
       7
       9
       7
       5
       7
       9
       6
       2
       7
       5
       9
       6
       4
       7
       8
       7
       5
       5
      10
       3
       3
       3
       5
      11
       9
       4
      10
       2
       5
      11
       5
       4
       9
       9
       7
       2
       6
       8
       5
       4
       3
       7
       9
       6
       3
       8
       4
       4
       5
       8
       8
       6
      12
       4
       7
       5
       5
       3
       9
       5
       5
       5
       2
       5
       8
       5
       4
       5
       4
      12
       7
       3
       4
       7
       7
       5
       4
       4
       6
       6
       5
       5
       5
       2
       5
       4
       4
       9
       8
       4
       4
       8
       5
       3
       6
       3
      10
       7
       5
       2
      10
       5
       3
       4
       4
       5
       7
       8
       2
       0
       0
       0
       0
       0
       0
       0
       0
       0
       0
       0
       0
       0
       0
       0
       0
       0
       0
       0
       0
       0
       0
       0
       0
       0
       0
       0
       0
       0
       0
       0
       0
       0
       0
       0
       0
       0
       0
       0
       0
       0
       0
       0
       0
       0
       0
       0
       0
       0
       0
       0
       0
       0
       0
       0
       0
       0
       0
       0
       0
       0
       0
       0
       0
       0
       0
       0
       0
       0
       0
       0
       0
       0
       0
       0
       0
       0
       0
       0
       0
       0
       0
       0
       0
$ROI:
2
204 249
712 830
$PRESETS:
Live Time
120
0
$ENER_FIT:
-23.656767 2.297974
$MCA_CAL:
3
-2.365677E+001 2.297974E+000 2.836717E-005 keV
$SHAPE_CAL:
3
0.000000E+000 0.000000E+000 0.000000E+000
