$SPEC_ID:
Sample017
$SPEC_REM:
DET# 1
DETDESC# DESKTOP-I499GD2 Easy-MCA-2k SN 18191655
AP# Maestro Version 7.01
$DATE_MEA:
03/01/2024 11:53:46
$MEAS_TIM:
120 120
$DATA:
0 2047
       0
       0
       0
       0
       0
       0
       1
       1
      71
      62
      50
      49
      60
      65
      70
      68
      81
      59
      77
      68
      68
      77
      65
      67
      69
      79
      70
      75
      79
     103
     117
     105
     117
     139
     141
     107
     100
      88
      94
      90
     103
     113
     121
     128
     149
     150
     180
     155
     157
     209
     203
     243
     250
     289
     309
     233
     247
     223
     235
     252
     281
     338
     375
     443
     493
     518
     447
     381
     286
     282
     203
     232
     231
     207
     206
     170
     174
     200
     186
     202
     196
     192
     213
     195
     192
     167
     220
     207
     222
     191
     186
     214
     187
     203
     181
     184
     176
     154
     156
     166
     160
     155
     157
     171
     146
     164
     166
     164
     164
     154
     124
     157
     143
     133
     167
     136
     133
     153
     146
     118
     122
     110
     124
     110
     110
     129
      98
     110
     132
     110
     126
     109
     112
     107
     111
     107
     107
      97
      92
     114
     102
     112
      86
     105
     101
      97
      74
      92
      92
      97
      90
      76
      82
      80
      96
      91
      95
      89
      69
      84
      84
      86
      89
      76
      74
      83
      67
      55
      76
      76
      67
      66
      88
      57
      65
      67
      52
      69
      59
      55
      82
      58
      62
      59
      58
      59
      57
      55
      56
      51
      42
      62
      58
      75
      51
      55
      63
      63
      43
      45
      52
      59
      63
      53
      57
      51
      52
      42
      41
      40
      43
      50
      50
      71
      74
      67
      66
      69
      88
      92
      89
      90
     115
     110
     110
     118
     109
     136
     129
     113
     114
     108
     104
     125
     104
     116
      74
      74
      82
      76
      66
      57
      38
      45
      41
      41
      52
      40
      37
      40
      47
      31
      35
      34
      40
      35
      32
      37
      45
      35
      44
      36
      35
      48
      32
      37
      48
      37
      42
      31
      37
      39
      43
      45
      42
      30
      34
      42
      32
      25
      27
      28
      33
      42
      20
      39
      30
      29
      34
      28
      31
      31
      36
      35
      39
      30
      25
      20
      30
      32
      31
      27
      33
      31
      31
      32
      29
      38
      31
      29
      36
      25
      29
      20
      35
      27
      34
      25
      32
      30
      41
      30
      36
      27
      23
      32
      30
      30
      26
      23
      27
      25
      32
      22
      33
      31
      23
      32
      29
      21
      36
      29
      28
      27
      23
      30
      23
      33
      31
      18
      41
      45
      27
      29
      32
      27
      38
      31
      30
      24
      24
      32
      15
      25
      27
      31
      24
      27
      25
      29
      25
      24
      28
      32
      24
      27
      22
      28
      30
      26
      32
      30
      30
      34
      21
      25
      28
      17
      15
      21
      26
      31
      22
      22
      12
      24
      30
      19
      23
      26
      17
      19
      30
      29
      27
      18
      15
      23
      25
      19
      20
      20
      21
      25
      25
      22
      26
      21
      23
      25
      20
      23
      14
      23
      14
      15
      16
      23
      15
      20
      26
      14
      23
      27
       8
      20
      13
      22
      20
      16
      15
      16
      22
      23
      18
      24
      21
      23
      18
      11
      20
      25
      24
      22
      24
      23
      17
      17
      32
      20
      14
      21
      19
      18
      19
      22
      20
      17
      25
      23
      12
      23
      28
      23
      15
      29
      31
      18
      29
      25
      36
      32
      35
      22
      26
      29
      23
      30
      24
      32
      22
      28
      23
      17
      38
      37
      30
      26
      22
      19
      27
      21
      24
      27
      22
      24
      21
      22
      21
      15
      17
      26
      34
      18
      16
      23
      18
      21
      18
      16
      13
      21
      17
      22
      20
      23
      19
      17
      11
      10
      11
      15
      26
      11
      13
      24
      27
      17
      19
      11
      29
      21
      21
      17
      19
      23
      20
      21
      19
      18
      16
      26
      26
      19
      25
      23
      18
      22
      18
      24
      22
      24
      23
      22
      17
      25
      18
      18
      16
      23
      18
      18
      22
      13
      18
       7
      15
      23
      14
      18
      12
      18
      19
      14
      12
      23
       9
      20
      20
      16
      15
      22
      24
      16
      14
      14
      15
      17
      18
      19
      18
      12
      12
      12
      21
      20
      24
      16
      12
      21
      21
      25
      18
      27
      15
      14
      13
      17
      20
      21
      18
      32
      26
      32
      15
      23
      23
      19
      16
      26
      19
      31
      21
      31
      22
      26
      22
      20
      22
      16
      21
      19
      16
      15
      25
      23
      25
      15
      25
      22
      22
      24
      18
      26
      11
      22
      16
      19
      21
      19
      14
      17
       8
      16
      12
      18
       7
      10
      13
       4
      10
      15
      10
       7
      11
       9
       6
      13
      12
      10
       8
      12
      13
      10
      11
       6
      10
       6
       8
      11
      10
       6
      13
       5
       8
       6
      11
      12
       9
      11
      14
       6
       5
       8
      10
       9
       9
       8
      10
       8
       6
       8
      12
       9
       5
       6
       4
       9
      11
       8
       5
       9
      11
       8
       9
       6
       7
       5
      10
       7
      14
       9
      13
      11
      10
      20
      12
      23
      18
      26
      25
      16
      34
      25
      26
      29
      40
      36
      36
      46
      34
      36
      37
      53
      61
      52
      67
      55
      61
      52
      66
      65
      68
      61
      61
      66
      68
      49
      70
      64
      48
      55
      42
      56
      39
      43
      44
      37
      33
      37
      22
      31
      31
      21
      17
      34
      17
      24
      19
      11
      14
      14
      18
      15
       8
      11
       8
       6
       6
       8
      10
       4
       6
       9
       6
       9
      13
       7
       5
       7
       7
       7
       3
       5
       4
       5
       4
       2
       8
       4
       4
       6
       1
       6
       4
       3
       4
      11
       5
       5
       1
       4
       8
       4
       2
       8
       6
       5
       5
       9
       2
       7
       6
       1
       6
       5
       5
       5
       6
       8
       6
       6
       3
       8
       4
       4
       7
       4
       6
       8
       6
       4
       8
       7
       5
       3
       5
       5
       5
       4
       4
       5
       3
       7
       3
       3
       4
       8
       6
       8
       4
       5
       7
      10
       1
       5
       2
       5
       4
       5
       2
       6
       2
       5
       5
       8
       4
       5
       9
       8
       2
       5
       7
       2
      12
      11
       3
       6
       6
      10
       6
       3
       5
       6
       4
       3
       9
       8
       2
       2
       7
       2
       5
       6
       6
       2
       8
       3
       7
       6
       8
       7
       5
       5
       3
       3
       4
       4
       5
       4
       6
       4
       7
       6
       4
       8
       4
       1
       0
       6
       4
       7
       3
       5
       5
       4
       5
       5
       9
       2
       6
       4
       3
       5
       1
       4
       6
       8
       8
       5
       8
       5
       4
       8
       5
       8
       3
       2
       6
       4
       4
       7
       5
       4
       5
       2
       7
       6
       4
       7
       2
       6
       9
       8
       5
       7
       5
       3
       4
       4
       9
       1
       8
       4
       5
       4
       4
       4
       5
      12
       8
       7
       6
       5
       8
       4
       5
       4
       7
       5
       4
       3
       4
       5
       5
       6
       4
       5
       2
       9
       4
       5
       3
       5
       4
       2
       4
       6
       6
       3
       8
       2
       4
       7
       5
       2
       5
       3
       5
       5
       6
       4
       6
       2
       3
       4
       7
       1
       7
       5
       3
       5
       4
       7
       3
       5
       3
       3
       2
       5
       6
       4
       2
       4
      10
       4
       1
       9
       5
       1
       3
       2
       4
       4
       4
       5
       5
       2
       8
       3
       4
       1
       5
       1
       5
       2
       3
       6
       3
       4
       9
       4
       3
       1
       7
       5
       7
       3
       3
       3
       3
       6
       2
       4
       5
       4
       5
       5
       5
       8
       3
       6
       2
       7
       8
       7
       3
       7
       1
       3
       6
       3
       4
       4
       6
       4
       9
       3
       6
       4
       2
       4
       1
       4
       5
       3
       3
       4
       3
       4
       3
       2
       4
       3
       2
       5
       5
      10
       5
       1
       5
       1
       6
       2
       5
       4
       7
       3
       4
       9
       5
       4
       7
       5
       2
       4
       3
       6
       4
       4
       1
       5
       8
       3
       4
       5
       2
       3
       5
       4
       5
       5
       4
       3
       6
       3
       8
       6
       0
       5
       5
       3
       8
       7
       6
       2
       5
       3
       4
       5
       5
       4
       5
       7
       5
       6
       1
       4
       4
       6
       5
       3
       4
       4
       5
       5
       4
       6
       8
       5
       6
       4
       6
       4
       5
       5
       5
       2
       7
       6
       5
       4
       4
       3
       3
       4
       2
       2
       5
       2
       0
       6
       3
       4
       1
       6
       7
       2
       6
       3
       5
       4
       3
       7
       2
       4
       2
       6
       6
       4
       2
       1
       8
       4
       5
       5
       2
       5
       2
       5
       5
       6
       3
       3
       7
       7
       5
       4
       1
       3
       1
       5
       0
       6
       3
       1
       2
       1
       1
       4
       4
       4
       4
       1
       4
       6
       5
       2
       2
       5
       6
       4
       3
       3
       3
       3
       0
       7
       3
       3
       2
       1
       3
       4
       3
       6
       7
       5
       4
       1
       3
       3
       5
       3
       3
       4
       4
       7
       3
       2
       6
       2
       6
       2
       3
       3
       2
       5
       1
       6
       1
       3
       4
       1
       5
       4
       1
       2
       4
       5
       3
       3
       5
       1
       5
       5
       0
       9
       2
       1
       1
       3
       7
       9
       2
       3
       6
       1
       3
       5
       6
       6
       4
       4
       2
       3
       5
       7
       6
       1
       4
       2
       1
       4
       1
       4
       2
       5
       3
       5
       4
       0
       3
       5
       2
       3
       3
       2
       5
       4
       5
       2
       2
       3
       7
       2
       6
       1
       4
       2
       5
       4
       2
       1
       3
       1
       1
       0
       6
       3
       9
       2
       2
       2
       2
       7
       2
       3
       2
       3
       4
       2
       3
       4
       2
       3
       7
       2
       4
       5
       5
       2
       2
       1
       5
       3
       2
       6
       5
       4
       9
       5
       5
       2
       2
       2
       6
       4
       4
       6
       1
       0
       1
       3
       6
       7
       2
       4
       0
       1
       1
       1
       2
       5
       3
       3
       4
       0
       2
       5
       6
       5
       2
       3
       4
       7
       3
       9
       4
       4
       4
       1
       3
       5
       7
       7
       3
       6
       1
       2
       3
       1
       1
       3
       3
       3
       5
       2
       4
       5
       5
       3
       5
       5
       3
       3
       7
       3
       3
       4
       1
       7
       4
       2
       3
       7
       2
       3
       1
       3
       4
       3
       2
       2
       4
       3
       2
       3
       3
       4
       2
       3
       5
       4
       1
       7
       6
       3
       3
       7
       4
       3
       4
       0
       4
       6
       3
       3
       8
       6
       4
       1
       1
       3
       6
       5
       4
       6
       9
       2
       5
       3
       7
       3
       1
       1
       1
       2
      10
       3
       3
       1
       1
       7
       6
       5
       2
       3
       6
       5
       3
       2
       2
       5
       3
       4
       2
       5
       5
       3
       4
       5
       3
       2
       7
       4
       3
       0
       2
       8
       2
       5
       3
       7
       2
       5
       1
       5
       3
       2
       5
       5
       6
       4
       2
       3
       2
       7
       5
       0
       4
       5
       2
       5
       2
       2
       5
       7
       1
       6
       7
       2
       5
       1
       2
       1
       8
       4
       6
       1
       4
       1
       6
       6
       5
       1
       6
       8
       8
       4
       4
       3
       1
       4
       3
       2
       6
       4
       3
       4
       7
       3
       1
       1
      10
       4
       7
       3
       4
       2
       5
       8
       3
       5
       7
       2
       6
       3
       5
       8
       6
       5
       6
       5
       1
       5
       6
       7
       5
       8
       5
       8
       4
       1
       7
       4
       7
       7
       2
       4
       6
       8
       3
       5
       4
       9
       5
       7
       0
       5
       4
       5
       5
       9
       4
       4
       6
       6
       3
       3
       3
       5
       2
       3
       1
       4
       6
       3
       8
       5
       5
       4
       2
       3
       5
       5
       5
       3
       4
       8
       2
       2
       2
       6
       3
       8
       5
       1
       8
       3
       5
       6
       4
       5
       6
       8
       5
       7
       7
       5
       4
       2
       1
       7
       7
       3
       1
       2
       9
       5
       5
       4
       1
       1
       4
       8
       5
       5
       5
       7
       8
       3
       7
       4
       3
       6
       6
      10
       1
       6
       7
       4
       6
       3
       5
       5
       3
       0
       8
       2
       5
       2
       5
       5
       6
       3
       3
       7
       2
       5
       2
       3
       4
       4
       4
       4
       3
       0
       4
       5
       5
       7
       5
       1
       3
       9
       4
       6
       6
       2
       3
       1
       3
       6
       4
       6
       7
       1
       2
       2
       3
       1
       0
       1
       5
       7
       1
       6
       3
       4
       5
       5
       1
       2
       6
       7
       7
       4
       4
       4
       9
       4
       9
       4
       1
       3
       1
       4
       4
       3
       4
       5
       3
       7
       5
       3
       5
       4
       0
       3
       4
       4
       3
       5
       5
       6
       6
       4
       2
       5
       7
       6
       5
       4
       2
       5
       5
       3
       3
       4
       2
       2
       6
       4
       5
       5
       5
       6
       9
       1
       4
       7
       3
       6
       4
       6
       2
       3
       4
       9
       5
       5
       4
       3
       3
       4
       4
       6
       7
       3
       5
       1
       6
       5
       0
       4
       7
       3
       9
       9
       2
       4
       5
       3
       0
       0
       0
       0
       0
       0
       0
       0
       0
       0
       0
       0
       0
       0
       0
       0
       0
       0
       0
       0
       0
       0
       0
       0
       0
       0
       0
       0
       0
       0
       0
       0
       0
       0
       0
       0
       0
       0
       0
       0
       0
       0
       0
       0
       0
       0
       0
       0
       0
       0
       0
       0
       0
       0
       0
       0
       0
       0
       0
       0
       0
       0
       0
       0
       0
       0
       0
       0
       0
       0
       0
       0
       0
       0
       0
       0
       0
       0
       0
       0
       0
       0
       0
       0
$ROI:
2
204 249
712 830
$PRESETS:
Live Time
120
0
$ENER_FIT:
-23.656767 2.297974
$MCA_CAL:
3
-2.365677E+001 2.297974E+000 2.836717E-005 keV
$SHAPE_CAL:
3
0.000000E+000 0.000000E+000 0.000000E+000
