$SPEC_ID:
Sample015
$SPEC_REM:
DET# 1
DETDESC# DESKTOP-I499GD2 Easy-MCA-2k SN 18191655
AP# Maestro Version 7.01
$DATE_MEA:
03/01/2024 11:49:44
$MEAS_TIM:
120 120
$DATA:
0 2047
       0
       0
       0
       0
       0
       0
       1
       0
      90
      64
      59
      61
      45
      58
      70
      56
      60
      60
      63
      61
      78
      62
      68
      77
      60
      65
      69
      96
      93
     117
     114
     112
     128
     146
     132
     121
     106
     114
      97
     121
      99
     126
     123
     131
     154
     182
     195
     146
     187
     196
     198
     233
     244
     254
     270
     259
     253
     236
     254
     274
     278
     313
     412
     472
     532
     567
     473
     360
     320
     278
     220
     215
     208
     201
     195
     196
     177
     228
     207
     180
     201
     208
     201
     226
     199
     221
     198
     218
     178
     201
     192
     227
     236
     206
     189
     211
     213
     180
     182
     193
     168
     170
     157
     154
     167
     162
     168
     175
     169
     180
     131
     127
     158
     158
     144
     138
     155
     156
     112
     153
     136
     107
     131
     107
     138
     135
     138
      92
     107
     146
     119
     125
     120
     110
     132
     111
     118
     116
     102
     107
      98
     109
      97
      97
      99
     103
     104
     103
     103
      87
      88
      78
     106
     112
      77
      89
      85
      89
      61
      78
      98
      76
      72
      80
      79
      79
      75
      78
      71
      79
      84
      78
      67
      60
      77
      83
      72
      74
      55
      60
      81
      77
      69
      60
      48
      65
      49
      62
      66
      59
      59
      64
      62
      62
      56
      55
      53
      56
      62
      62
      55
      49
      46
      55
      62
      49
      75
      52
      64
      46
      47
      66
      60
      66
      72
      84
      76
      74
      77
      80
      96
     107
      97
      98
     129
     109
     134
     134
     126
     129
     131
     107
     108
     137
     105
     106
     111
      93
      86
      70
      58
      60
      62
      45
      50
      42
      53
      36
      42
      30
      45
      32
      48
      48
      32
      41
      42
      51
      38
      42
      43
      38
      48
      36
      36
      23
      34
      37
      41
      32
      45
      48
      45
      44
      45
      46
      43
      33
      39
      36
      51
      29
      34
      38
      39
      42
      31
      35
      31
      36
      29
      42
      28
      38
      31
      23
      35
      38
      27
      46
      29
      37
      33
      28
      37
      28
      32
      26
      39
      29
      26
      33
      39
      27
      29
      29
      31
      42
      29
      32
      26
      39
      48
      35
      31
      32
      37
      45
      32
      26
      27
      24
      26
      30
      32
      34
      35
      36
      29
      41
      32
      35
      30
      31
      25
      33
      31
      29
      19
      32
      22
      32
      24
      32
      30
      33
      28
      31
      22
      34
      25
      26
      35
      29
      32
      36
      22
      38
      28
      26
      30
      35
      25
      24
      26
      29
      25
      31
      28
      24
      23
      27
      33
      28
      22
      27
      27
      20
      30
      29
      27
      21
      25
      26
      28
      23
      27
      22
      26
      20
      21
      19
      17
      26
      22
      20
      23
      22
      25
      26
      18
      23
      24
      17
      26
      20
      24
      26
      21
      27
      20
      14
      25
      19
      22
      24
      24
      18
      22
      23
      25
      20
      22
      20
      18
      24
      27
      24
      19
      25
      19
      21
      15
      24
      20
      21
      25
      22
      19
      20
      24
      21
      11
      22
      23
      19
      11
      22
      32
      13
      19
      26
      23
      22
      12
      23
      26
      16
      28
      33
      21
      23
      21
      29
      31
      33
      28
      33
      31
      28
      38
      41
      25
      30
      36
      39
      36
      28
      34
      29
      23
      42
      28
      31
      32
      34
      35
      28
      26
      28
      25
      20
      11
      21
      25
      19
      16
      25
      16
      22
      27
      27
      12
      14
      15
      27
      26
      21
      19
      24
      33
      18
      16
      15
      21
      17
      21
      25
      17
      19
      20
      28
      24
      29
      22
      15
      29
      29
      23
      23
      18
      23
      20
      26
      17
      14
      22
      26
      24
      16
      25
      21
      17
      24
      15
      24
      22
      24
      28
      25
      28
      23
      23
      19
      23
      27
      18
      19
      21
      19
      12
      18
      16
      27
      21
      19
      27
      20
      22
      26
      21
      22
      18
      18
      14
      21
      25
      18
      15
      21
      11
      24
      29
      17
      15
      18
      12
      25
      19
      20
      23
      15
      17
      30
      23
      20
      22
      25
      22
      19
      22
      31
      18
      25
      24
      26
      19
      24
      18
      34
      25
      30
      13
      27
      28
      14
      30
      27
      24
      28
      25
      27
      26
      29
      15
      23
      32
      25
      29
      30
      25
      20
      24
      22
      21
      23
      26
      20
      21
      19
      17
      15
      21
      16
      19
      20
      27
      13
      16
      17
      22
      12
      12
      17
      16
      20
       8
      21
      14
      22
      19
      12
      17
      15
      19
      12
      16
      12
       9
      12
      12
       6
      17
      10
      11
       3
      12
      14
       8
      14
      15
       9
      11
       8
       9
      11
       9
      11
       7
       9
       6
      11
       7
       5
      10
      14
       9
       9
      10
      10
       9
       7
      15
      13
       7
      11
       9
       2
      10
       6
       6
       7
       9
       6
       7
       9
       6
      12
       6
       9
       9
      11
      12
      11
      13
      19
      14
      24
      16
      24
      29
      27
      29
      37
      34
      44
      37
      43
      40
      57
      42
      49
      52
      61
      67
      48
      56
      69
      60
      67
      68
      60
      70
      75
      74
      82
      74
      71
      56
      51
      64
      75
      52
      45
      59
      54
      40
      41
      44
      52
      35
      31
      38
      25
      25
      24
      26
      26
      19
      14
      23
      15
      13
      10
       6
       9
      11
       9
       5
       7
       8
       7
      11
       4
       7
       5
      11
       9
       9
       8
       7
       4
       7
       8
       6
       9
       6
       5
       3
       5
       6
       3
       2
       2
       9
       3
       6
       6
       1
       6
       5
       4
       6
       5
       5
       1
       5
       6
       5
       4
       8
       6
       3
       7
       4
      11
       6
       7
       9
       3
       5
       7
       2
       5
       8
       6
       3
       2
      10
       3
       7
       8
       4
      10
       7
       9
       3
       5
       4
       8
       7
      10
       7
       3
       5
       6
       9
      11
       8
       6
       4
       8
       3
       4
       6
       3
       8
       3
       5
       3
       5
       8
       4
       7
       5
       7
       8
       5
       1
       6
       8
       2
       4
       5
       3
       4
       2
       5
      12
       9
       5
       7
       4
      11
      11
       6
       6
       4
       7
       5
       7
       8
       3
       9
       4
      10
       2
       5
       4
       6
       5
       5
       5
       5
       6
       7
       4
       5
       5
       5
       3
       6
       4
       6
       5
       4
       3
       7
       7
       4
       4
       5
       7
       7
       3
       3
       3
       8
       7
       5
       3
       7
       5
       5
       7
       9
       4
       4
       7
       8
       5
       7
       6
      10
       6
       7
       2
       7
       6
       8
       7
       4
       7
       3
       7
       6
       8
       7
       3
       8
       7
      15
       7
       2
       2
      10
       6
       7
       1
       7
       9
       4
       2
       1
       9
       7
       4
       5
       4
       6
       8
       2
       5
       2
       4
       5
       7
       2
       1
       5
       5
       6
       7
       7
       6
       4
       7
       5
       6
       5
       9
       4
       4
      10
       4
       3
       7
       8
       3
       7
       4
       3
       1
       8
       7
       6
       2
       5
       7
       4
       6
       6
       4
       3
       6
       5
       2
       4
       8
       4
       5
       1
       7
       3
       6
       4
       9
       1
       4
       8
       3
       6
       2
       5
       4
       6
       4
       2
       5
       4
       4
       3
       5
       4
       9
       6
       4
       0
       9
       3
       3
       2
       5
       5
       6
       7
       3
       4
       6
       4
       9
       4
       5
       3
       8
       3
       6
       8
       7
       2
       8
       8
       3
       3
       4
       5
       3
       4
       6
       5
       4
      11
       6
       3
       6
       5
       6
       4
       5
       4
       3
       4
       1
       8
       2
       3
       4
       4
       5
       4
       3
       5
       3
       5
       5
       3
       4
       7
       7
       4
       4
       3
       4
       4
       2
       7
       8
       5
       4
       3
       4
       5
       6
       7
       5
       3
       5
       3
       3
       3
       6
       4
       1
       4
       3
       3
       4
       6
       7
       3
       2
       5
       5
       5
       5
       6
       3
       7
       9
       6
       4
       7
       7
       7
       4
       5
       5
       8
       5
       3
       8
       3
       7
       3
       9
       7
       5
       4
       6
       5
       6
       5
       4
       8
       4
       2
       3
       6
       2
       3
       5
       5
       7
       2
       9
       5
       5
       4
       3
       5
       5
       3
       5
       9
       3
       4
       0
       5
       3
       6
       6
       2
       5
       6
       5
       4
       1
       5
       6
       2
       4
       6
       3
       3
       7
       4
       1
       2
       4
       7
       1
       5
       4
       3
       2
       2
       4
       4
       2
       5
       1
       3
       3
       6
       1
       4
       8
       7
       5
       5
       5
       1
       3
       7
       4
       6
       5
       8
       2
       3
       7
       4
       3
       5
       5
       7
       6
       6
       2
       7
       6
       5
       4
       3
       1
       3
       5
       7
       6
       4
       3
       3
       4
       4
       2
       3
       4
       2
       2
       4
       4
       2
       3
       6
       2
       4
       2
       5
       6
       3
       7
       1
       3
       3
       7
       0
       2
       2
       2
       5
       3
       5
       2
       4
       3
       1
       5
       4
       4
       3
       6
       3
       2
       1
       5
       3
       6
       5
       3
       3
       3
       1
       2
       1
       4
       4
       2
       1
       4
       5
       3
       1
       3
       1
       2
       2
      10
       4
       4
       2
       4
       1
       3
       3
       2
       4
       4
       2
       3
       4
       5
       6
       8
       6
       2
       4
       5
       5
       8
       2
       1
       6
       7
       3
       2
       5
       4
       4
       3
       3
       7
       5
       5
       3
       3
       7
       5
       7
       3
       4
       4
       6
       6
       3
       8
       2
       3
       6
       4
       7
       4
       1
       1
       5
       1
       5
       2
       4
       4
       5
       5
       5
       2
       5
       1
       4
       4
       4
       2
       6
       2
       3
       3
       2
       3
       4
       5
       3
       3
       4
       4
       4
       2
       7
       3
       2
       3
       3
       4
       1
       4
       7
       3
       2
       3
       4
       8
       3
       4
       5
       6
       8
       2
       5
       7
       3
       2
       7
       6
      10
       1
       5
       3
       4
       5
       5
       6
       4
       1
       6
       5
       4
       9
       1
       4
       4
       5
       1
       6
       1
       5
       6
       7
       5
       1
       7
       3
       3
       0
       5
       4
       7
       6
       6
       2
       4
       7
       4
       7
       5
       6
       4
       7
       9
       5
       3
       6
       3
       4
       7
       6
       1
       6
       4
       7
       4
       4
       1
       3
       8
       5
       7
       5
       0
       8
       5
       3
       2
       8
       5
       3
       4
       4
       8
       3
       3
       4
       7
       5
       6
       4
       6
       3
       8
       5
       8
       7
       5
       1
       4
       3
       2
       2
       3
       2
       3
       2
       2
       4
       5
       6
       6
       1
       5
       2
       5
       3
       3
       3
       4
       4
       7
       2
       3
       1
       6
       2
       3
       3
       4
       4
       5
       5
       6
       2
       7
       2
       6
       2
       4
       1
       2
       0
       1
       4
       5
       3
       5
       3
       3
       4
       8
       4
       2
       5
       6
       4
       5
       5
       3
       3
       7
       3
       4
       4
       6
       3
       9
       8
       4
       5
       5
       5
       4
       7
       7
       4
       3
       6
       5
       4
       5
       4
       7
       7
       5
       1
       7
      10
       5
       8
       1
       3
       6
       7
       5
       4
       0
       4
       2
       3
       3
       4
       6
       1
       4
       8
       4
       1
       2
       7
       8
       3
       7
       6
       5
       6
       2
       6
       3
       5
       1
       7
       4
       4
       2
       4
       7
       2
       4
       4
       5
       8
       5
       3
       7
       4
       5
       5
       2
       3
       5
       4
       5
       9
       2
       4
       4
       4
       0
       6
       7
       4
       6
       2
       6
       9
       8
      10
       7
       1
       4
       1
      10
       5
       5
       6
       2
       4
       4
       4
       1
       7
       5
       3
       4
       5
       6
       9
      10
       7
       6
       5
       3
       8
       5
       7
       3
       5
       3
       5
       3
       3
      10
       6
       4
       4
       9
       3
       3
       4
       3
       5
       6
       6
       5
       6
       4
       3
       5
       4
       4
       7
       7
       3
       3
       8
       4
       4
       4
       1
       6
       6
       4
       8
       2
       4
       6
       6
       3
       9
       5
       4
       6
       5
       7
       5
       2
       5
       2
       4
       7
       6
       0
       6
       4
       3
       3
       5
       3
       2
       6
       2
       9
       4
       0
       2
       4
       2
       3
       4
       6
       6
       2
       5
       5
       1
       6
       7
       4
       1
       6
       5
       9
       4
       6
       2
       4
       1
       7
       5
       3
       7
       2
       7
       7
       2
       2
       3
       5
       5
       5
       2
       6
       3
       2
       5
       5
       2
       2
       3
       2
       7
       4
       7
       0
       9
       3
       5
       2
       2
       7
       3
       7
       8
       4
       3
       1
       7
       5
       3
       9
       4
       4
       3
       2
       3
       6
       4
       6
       3
       5
       9
       4
       3
       5
      11
       3
       4
       9
       6
       6
       4
       1
       5
       5
       5
       4
       7
       7
       5
       2
       6
       4
       3
       4
       3
       2
       3
       1
       2
       6
       3
       9
       4
       2
       5
       4
       4
       4
       4
       6
       6
       5
       7
       1
       3
       4
       5
       7
       3
       5
       8
       3
       0
       0
       0
       0
       0
       0
       0
       0
       0
       0
       0
       0
       0
       0
       0
       0
       0
       0
       0
       0
       0
       0
       0
       0
       0
       0
       0
       0
       0
       0
       0
       0
       0
       0
       0
       0
       0
       0
       0
       0
       0
       0
       0
       0
       0
       0
       0
       0
       0
       0
       0
       0
       0
       0
       0
       0
       0
       0
       0
       0
       0
       0
       0
       0
       0
       0
       0
       0
       0
       0
       0
       0
       0
       0
       0
       0
       0
       0
       0
       0
       0
       0
       0
       0
$ROI:
1
712 830
$PRESETS:
Live Time
120
0
$ENER_FIT:
-23.656767 2.297974
$MCA_CAL:
3
-2.365677E+001 2.297974E+000 2.836717E-005 keV
$SHAPE_CAL:
3
0.000000E+000 0.000000E+000 0.000000E+000
