$SPEC_ID:
Sample023
$SPEC_REM:
DET# 1
DETDESC# DESKTOP-I499GD2 Easy-MCA-2k SN 18191655
AP# Maestro Version 7.01
$DATE_MEA:
03/01/2024 12:45:04
$MEAS_TIM:
120 120
$DATA:
0 2047
       0
       0
       0
       0
       0
       1
       1
       2
     125
      77
      77
      87
      59
      68
      95
      77
      86
      83
      74
      82
      91
      74
      76
      63
      85
      92
      98
     102
     118
     118
     141
     135
     131
     170
     179
     144
     121
     121
     113
     138
     133
     146
     159
     167
     180
     160
     195
     218
     178
     214
     235
     250
     256
     271
     255
     260
     230
     248
     252
     262
     319
     369
     412
     521
     532
     530
     514
     388
     326
     301
     231
     242
     237
     266
     227
     255
     234
     234
     206
     231
     235
     219
     217
     239
     222
     223
     251
     206
     209
     252
     253
     221
     234
     266
     229
     230
     203
     211
     222
     193
     192
     194
     187
     171
     204
     197
     183
     214
     197
     190
     196
     203
     192
     165
     163
     170
     182
     175
     164
     172
     146
     166
     154
     147
     155
     148
     173
     164
     166
     138
     113
     140
     139
     148
     147
     122
     139
     159
     144
     120
     108
     127
     120
     136
     116
      95
     130
     110
      98
     111
      96
     112
      96
      90
     115
     107
     112
     102
     121
      88
      99
      75
     102
     118
      83
      74
     100
      91
      92
      89
      95
      74
      94
      84
      87
      75
      84
      87
      88
      66
      86
      98
      67
      80
      83
      80
      82
      71
      78
      73
      83
      70
      65
      60
      76
      75
      82
      72
      78
      90
      63
      72
      76
      79
      78
      75
      77
      55
      68
      65
      65
      84
      70
      73
      94
      92
      87
     121
     106
     109
     115
     123
     153
     148
     144
     170
     163
     172
     162
     141
     183
     193
     162
     145
     135
     137
     124
     106
     104
      91
      88
      94
      72
      78
      57
      59
      51
      55
      43
      43
      39
      52
      61
      51
      43
      53
      45
      47
      54
      57
      53
      58
      54
      52
      50
      45
      46
      42
      52
      57
      59
      47
      54
      46
      46
      42
      44
      53
      52
      48
      41
      48
      38
      47
      42
      48
      48
      42
      43
      40
      51
      41
      42
      33
      44
      43
      31
      28
      34
      41
      42
      42
      39
      41
      46
      44
      49
      40
      44
      41
      49
      36
      31
      33
      43
      38
      31
      37
      37
      46
      30
      30
      41
      39
      32
      40
      39
      41
      55
      41
      39
      38
      49
      41
      40
      39
      42
      34
      34
      40
      42
      21
      29
      38
      38
      35
      44
      27
      44
      35
      38
      31
      41
      39
      29
      33
      31
      34
      42
      38
      34
      35
      40
      47
      43
      36
      37
      33
      32
      37
      33
      34
      50
      36
      32
      36
      35
      34
      47
      32
      40
      33
      35
      32
      25
      31
      34
      29
      30
      24
      37
      30
      27
      24
      35
      34
      35
      36
      27
      34
      40
      31
      30
      36
      35
      34
      34
      30
      21
      37
      30
      28
      28
      31
      21
      33
      25
      31
      28
      31
      22
      28
      30
      32
      33
      39
      19
      31
      29
      37
      22
      23
      31
      27
      29
      45
      30
      38
      28
      30
      33
      32
      39
      27
      21
      31
      38
      35
      29
      18
      36
      26
      26
      28
      31
      26
      32
      30
      20
      20
      26
      22
      40
      31
      39
      29
      29
      37
      32
      41
      33
      44
      25
      27
      28
      44
      32
      26
      25
      31
      32
      33
      24
      37
      42
      38
      38
      36
      40
      43
      36
      46
      42
      37
      27
      34
      34
      48
      29
      24
      32
      23
      25
      31
      28
      30
      30
      37
      26
      27
      23
      24
      34
      25
      32
      32
      29
      28
      29
      21
      35
      32
      25
      24
      28
      23
      17
      23
      20
      30
      27
      29
      17
      22
      25
      27
      44
      31
      30
      25
      28
      28
      39
      22
      36
      33
      42
      31
      31
      29
      32
      25
      27
      33
      30
      38
      36
      38
      29
      28
      31
      21
      37
      34
      28
      20
      33
      24
      27
      33
      23
      19
      30
      29
      38
      27
      24
      31
      27
      22
      24
      26
      34
      28
      31
      23
      28
      30
      21
      21
      37
      23
      26
      25
      26
      25
      23
      32
      31
      25
      33
      26
      36
      27
      32
      33
      30
      32
      25
      32
      29
      28
      26
      27
      24
      35
      34
      35
      37
      29
      34
      35
      32
      36
      23
      42
      28
      30
      42
      39
      41
      28
      43
      38
      40
      33
      34
      35
      26
      36
      40
      28
      39
      36
      26
      30
      37
      21
      26
      32
      29
      27
      30
      24
      21
      18
      37
      31
      22
      30
      24
      26
      32
      23
      18
      26
      20
      23
      17
      18
      20
      21
      17
      25
      18
      17
      13
      19
      21
      18
      18
      16
      16
      18
      14
      18
      16
      17
      16
      14
      13
      13
      12
      10
      13
      18
      16
      11
      12
      10
      16
      12
      15
      15
      16
      15
      18
      15
       8
       9
      12
       9
       9
       8
      16
       9
      12
      14
      15
      11
       8
      13
      15
      14
       8
      10
       5
      16
      18
      17
      14
      21
      12
      24
      17
      18
      19
      30
      26
      19
      24
      35
      24
      43
      37
      36
      55
      41
      55
      63
      62
      80
      81
      90
      67
      83
      77
      66
     112
      94
     102
      70
      83
      88
     110
      88
     102
      92
      91
      83
      82
      80
      79
      78
      86
      65
      60
      66
      62
      50
      54
      55
      49
      54
      31
      41
      44
      36
      30
      23
      28
      26
      20
      20
      22
      21
      18
      10
      16
      18
       9
       9
      17
      10
      11
       6
      10
      13
      10
      16
       8
       9
       5
      11
       7
       4
       7
       8
       6
       8
       6
       6
      12
       7
      10
      12
      12
       9
       5
       4
       9
      11
      11
      13
       9
       4
       4
       7
       9
       7
      12
       7
       6
       9
       8
       4
       3
       9
      12
       6
       9
       5
       9
      10
       9
       7
       6
       7
      13
       2
      10
       9
      12
       7
       6
       7
       5
      12
       8
       8
       8
       7
       5
      11
       3
       9
      10
       9
      12
      11
       4
       8
       6
       9
       7
       6
      12
       7
       5
       5
       5
       8
       9
       5
       7
       6
       6
       8
       6
       8
       8
      15
       7
       8
       7
       6
       7
       5
       9
       6
       7
       5
      10
       5
       9
       4
       6
       5
       9
       7
       7
       5
       8
       5
       7
       8
       6
       6
       7
       6
      12
       6
       7
       6
       4
       7
       5
      10
      10
       6
      10
       5
       6
       1
       8
       9
       5
       7
       2
       5
       5
       4
       6
       7
       4
       5
       3
       8
      12
       8
       7
       7
       9
       6
       6
       5
       4
       4
      11
       4
       4
       9
       7
       3
       7
       7
       8
      10
       8
       1
      13
       8
       5
      10
       8
      11
       7
       7
       4
       6
       8
      11
       9
       7
       6
       5
       7
       6
       6
      10
       7
      11
      12
       9
       7
       5
      12
       7
       6
       6
       8
      13
       5
      12
      12
       7
      13
      11
       4
      12
       7
       5
       5
       4
       7
       8
      13
       8
       9
       4
       6
       8
       5
       4
       8
       7
       2
      12
       9
       6
       6
       4
       3
       5
      12
       4
       6
       8
       7
       6
      13
       7
       9
       5
       6
       5
       5
       4
       7
       7
       4
       5
       8
       7
       6
      10
       8
       4
       6
       7
       4
       4
       6
       4
       3
       5
       6
       5
      11
       5
      13
       6
       4
      10
       3
       8
       6
      11
       7
       8
       3
       7
       6
       6
       9
       4
       6
       6
       7
       9
       4
       9
       7
       6
       4
       2
       8
       5
       8
       7
       6
       6
       6
       3
      11
       6
       8
       8
       6
       5
       5
       5
       6
       7
       6
       8
       4
       6
       5
       5
       7
       8
       5
       8
       8
      10
       7
       8
      11
       6
      11
       6
       5
       5
       6
       2
       3
       9
       7
       8
       6
       6
       5
       7
       7
       3
       6
       7
       8
       5
       7
       9
       7
       3
       3
       3
       4
       6
       6
       6
       6
       4
       6
       5
       6
       4
       4
      11
       6
       7
       9
       7
       7
       7
       8
       6
       7
       8
       7
       3
       7
       8
      10
       7
       8
       5
      11
       5
       8
       6
       7
       4
      13
       6
       3
       5
      10
       8
      10
       6
       4
       5
       6
       8
       8
       5
       5
       7
       7
      10
       3
       5
       7
       9
       3
       6
       4
       6
       7
       6
       6
       5
       6
       3
       5
       9
       3
       5
       6
       9
       5
       8
      10
       9
       8
       3
      11
       7
       5
       7
       3
       6
       6
       5
       7
       2
       8
       8
       4
       3
       4
       4
       7
       6
       3
       6
       0
       3
       6
       4
       1
       7
       6
       5
       7
       5
       2
       4
       3
       6
       3
       4
       6
       5
       5
       5
       7
       4
       2
       5
       8
       8
       4
       3
       3
       6
       6
       6
       9
       5
       1
       5
       3
       5
       4
       3
       5
       3
       6
       7
       5
       5
       6
       2
       8
       3
       4
       8
       6
       7
       7
       3
       9
       5
       7
       5
       7
       4
       5
       3
       3
       7
      12
       4
       4
       4
       7
       6
       7
       4
       1
       3
       7
       6
       3
       5
       6
       1
       5
       4
       6
       3
       5
       5
       6
       3
       7
       6
       9
       4
       4
       3
       6
       4
       9
       6
       9
       7
       6
       8
       2
       4
       4
       3
       2
       6
      11
       0
       3
       5
       8
       2
       5
       2
       5
       4
       3
       4
       7
       5
       3
       9
       5
       7
       3
       9
       4
       4
       1
       6
       8
       5
       3
       4
       1
       6
       6
       3
       4
       4
       1
       8
       5
       6
       4
       5
      10
       5
       5
       4
       7
       6
       9
       4
       2
       3
       3
       5
       1
       0
       4
       5
       5
       4
       5
       3
       3
       5
       5
       3
       5
       6
       2
       5
       7
       9
       7
       5
       4
       5
       6
       3
       2
       5
       3
       7
       8
       5
       3
       3
       3
       3
       6
       6
       5
       4
       8
       3
       4
       5
      11
       3
       5
      10
       9
       5
       8
       4
       5
       7
       5
       6
       7
       4
       3
       4
       9
       2
       3
       4
      10
       9
       4
       7
       4
       6
       6
       7
       2
       6
      10
       8
       6
       8
       4
       3
       6
       3
       3
       5
       3
       6
       4
       6
       6
       4
       6
       4
       4
      10
      13
       8
       7
       2
       1
       7
       7
       8
       7
       1
       7
       7
       6
       6
       2
       7
       6
       9
       4
      10
       7
       8
       7
       5
       6
       3
       4
       9
       3
       8
       9
       7
       4
       4
       4
      11
       4
       8
       3
       6
       6
       7
       6
       9
       9
      10
       5
       7
       6
       8
      12
       6
       7
       5
       4
       6
       7
       8
       6
       3
       8
       5
       6
       8
      10
       3
       7
       6
       6
       9
       5
       4
       4
       9
       3
       3
       4
       6
       4
       1
      11
       5
       2
       8
       3
       3
       4
       4
       4
       6
       9
       6
       0
       9
       5
       4
       5
       2
      11
       4
       4
       4
       3
       6
       4
       4
       5
       5
       6
       2
       3
       8
       4
       7
       3
      10
       8
       5
       7
       5
       8
       4
       2
       5
       6
       9
       5
       5
       4
       5
       5
       5
       3
       5
       9
       8
       5
       3
      10
       4
       9
       9
       5
       6
       3
       9
       8
       5
       9
      10
       9
       9
       4
       8
       5
       2
       3
       7
       9
       3
       6
       3
       7
      13
       5
       9
       9
       2
       6
       5
      10
       9
       6
       4
       6
       7
       5
       6
       9
       9
       6
       6
       4
       7
       6
       4
       3
       5
       5
       5
       6
       3
       8
       3
       2
       3
       4
       4
       6
       5
       4
       6
       8
       5
       7
      10
       7
       4
       9
       4
       4
      10
       9
       7
       5
       5
       4
       3
       7
       9
       5
       3
       4
       7
       7
      11
       9
       6
       4
       4
       5
       3
      11
      12
       4
       3
      10
      10
       5
       5
       5
       5
      11
       6
       6
      10
       6
       1
       9
       8
       6
      11
       6
       6
       2
       6
       5
       8
       7
      15
      11
       6
       6
       7
       3
      16
       4
       3
       5
       4
       6
       7
       8
       6
       4
       5
       7
       5
      12
       4
       3
       7
      13
       2
       5
      10
       8
       3
       6
       3
       6
       2
       8
      10
       7
      12
       6
       5
       6
       5
       6
       8
       5
       3
       5
       4
       4
       5
       7
       3
       7
       7
       7
       6
       5
       5
       7
      10
       4
       7
       7
       4
       4
       5
       6
       5
       4
      10
       5
       9
       2
       3
       5
       7
       1
       8
       5
       4
       3
       5
       6
       2
       5
      10
      11
       9
       3
       6
       6
       5
       7
       6
       3
       7
       5
       4
       9
       4
      10
      11
       7
       7
       4
       3
       4
       7
       5
       6
       6
       2
       1
      10
       1
       7
       7
       8
       4
       8
       7
       7
       4
       4
      10
       3
       5
       4
       7
       4
       9
       5
       6
       6
       3
       8
       5
       7
       5
       5
       5
       5
       5
       3
       9
       5
       4
       6
       4
       8
       5
       6
       5
       7
       5
       4
       6
       7
      12
       5
       8
       7
       3
       5
       6
       2
       8
       7
       3
       7
       5
       8
       6
       3
       3
       6
       7
       6
       5
       4
       8
       7
       8
       9
      10
       4
       0
       0
       0
       0
       0
       0
       0
       0
       0
       0
       0
       0
       0
       0
       0
       0
       0
       0
       0
       0
       0
       0
       0
       0
       0
       0
       0
       0
       0
       1
       0
       0
       0
       0
       0
       0
       0
       0
       0
       0
       0
       0
       0
       0
       0
       0
       0
       0
       0
       0
       0
       0
       0
       0
       0
       0
       0
       0
       0
       0
       0
       0
       0
       0
       0
       0
       0
       0
       0
       0
       0
       0
       0
       0
       0
       0
       0
       0
       0
       0
       0
       0
       0
       0
$ROI:
2
204 249
712 830
$PRESETS:
Live Time
120
0
$ENER_FIT:
-23.656767 2.297974
$MCA_CAL:
3
-2.365677E+001 2.297974E+000 2.836717E-005 keV
$SHAPE_CAL:
3
0.000000E+000 0.000000E+000 0.000000E+000
