$SPEC_ID:
Sample000
$SPEC_REM:
DET# 1
DETDESC# DESKTOP-I499GD2 Easy-MCA-2k SN 18191655
AP# Maestro Version 7.01
$DATE_MEA:
03/01/2024 11:19:32
$MEAS_TIM:
120 120
$DATA:
0 2047
       0
       0
       0
       0
       0
       2
       1
       0
     116
      89
      75
      70
      69
      76
      79
      75
      83
     101
      87
      87
      82
      95
      84
      95
      96
      89
      84
     106
     134
     154
     136
     124
     160
     143
     133
     118
     118
     109
     114
     131
     160
     162
     148
     169
     165
     206
     178
     206
     225
     226
     284
     285
     286
     305
     293
     297
     288
     295
     295
     287
     329
     390
     498
     564
     615
     568
     520
     447
     385
     287
     260
     222
     253
     263
     211
     256
     220
     234
     246
     255
     234
     215
     215
     216
     221
     236
     253
     240
     262
     255
     247
     262
     240
     241
     220
     215
     215
     230
     189
     183
     198
     187
     198
     225
     207
     219
     177
     163
     200
     180
     190
     196
     162
     186
     189
     203
     192
     173
     181
     158
     172
     181
     177
     162
     147
     155
     149
     169
     147
     138
     164
     140
     145
     133
     146
     161
     138
     149
     141
     136
     127
     126
     110
     147
     122
     142
     124
     125
     114
     109
     105
     107
     119
      94
     103
     123
     130
     100
     105
     114
     101
      97
     103
     104
      81
     116
      84
     113
      77
      70
      83
      95
      84
      93
      76
     100
      83
      98
      77
      98
      77
      83
      90
      89
      77
      79
      85
      87
      78
      91
      77
      81
      75
      72
      81
      68
      76
      71
      69
      72
      69
      70
      78
      58
      70
      71
      82
      70
      76
      87
      80
      64
      71
      74
      81
      85
      98
     113
     109
     105
     102
     122
     137
     138
     177
     177
     131
     204
     171
     199
     175
     149
     154
     149
     154
     139
     129
     119
     117
      86
      96
      92
      79
      78
      62
      60
      48
      50
      72
      57
      58
      46
      53
      50
      46
      52
      55
      51
      54
      51
      55
      55
      59
      58
      43
      47
      48
      52
      55
      52
      54
      56
      55
      52
      49
      55
      38
      49
      44
      43
      40
      54
      45
      50
      52
      41
      40
      45
      55
      44
      50
      49
      45
      33
      57
      54
      54
      46
      46
      41
      46
      34
      44
      34
      38
      43
      46
      49
      44
      39
      42
      35
      37
      40
      43
      35
      54
      50
      41
      42
      47
      44
      34
      37
      42
      34
      45
      48
      43
      51
      42
      40
      55
      39
      47
      42
      34
      33
      29
      44
      43
      50
      47
      48
      35
      31
      52
      41
      34
      41
      38
      56
      39
      39
      46
      31
      36
      49
      39
      53
      42
      34
      36
      34
      47
      34
      37
      38
      37
      35
      34
      40
      36
      37
      45
      33
      34
      38
      44
      31
      39
      45
      41
      35
      35
      39
      37
      28
      36
      35
      33
      30
      41
      37
      37
      33
      36
      31
      37
      37
      42
      31
      27
      31
      33
      25
      23
      34
      28
      47
      37
      33
      38
      29
      40
      35
      38
      30
      24
      35
      27
      28
      29
      29
      26
      28
      24
      28
      34
      27
      22
      33
      29
      21
      26
      37
      33
      28
      22
      32
      39
      23
      22
      27
      27
      29
      29
      40
      25
      32
      32
      24
      33
      36
      22
      21
      27
      27
      16
      34
      32
      23
      23
      32
      35
      32
      38
      35
      26
      25
      21
      26
      40
      34
      31
      24
      35
      35
      30
      37
      26
      30
      35
      31
      41
      36
      43
      44
      39
      31
      37
      38
      38
      40
      37
      39
      34
      31
      47
      36
      30
      35
      37
      35
      32
      28
      26
      30
      33
      22
      30
      26
      38
      23
      29
      34
      32
      24
      29
      25
      31
      29
      30
      30
      33
      35
      27
      30
      28
      28
      34
      24
      16
      21
      31
      26
      26
      37
      34
      23
      30
      37
      31
      20
      37
      34
      31
      35
      29
      22
      30
      36
      35
      42
      29
      30
      28
      37
      47
      37
      36
      35
      38
      38
      26
      30
      38
      31
      35
      32
      27
      32
      24
      26
      24
      35
      27
      30
      31
      33
      23
      35
      23
      18
      29
      23
      24
      37
      25
      26
      29
      27
      38
      37
      30
      24
      29
      39
      45
      31
      32
      33
      25
      25
      24
      28
      39
      31
      32
      26
      23
      32
      36
      27
      23
      25
      25
      21
      31
      22
      42
      34
      24
      37
      32
      44
      29
      40
      38
      30
      37
      39
      33
      39
      29
      38
      37
      28
      23
      30
      23
      34
      41
      36
      39
      32
      37
      33
      33
      28
      30
      32
      29
      34
      32
      27
      26
      24
      27
      28
      25
      28
      23
      23
      14
      19
      16
      18
      29
      24
      20
      17
      18
      19
      13
      22
      27
      17
      11
      18
      18
      16
      12
      15
      13
      17
      18
      27
      14
      14
      13
      16
      16
      13
      21
      13
      12
      15
       8
      16
      12
      16
      13
      11
       9
       7
       9
      13
      14
      11
      15
      19
      18
      15
      10
      16
      10
      15
      17
       8
      15
      19
       8
      16
      16
      12
      14
      14
      20
      23
      21
      27
      21
      25
      22
      14
      20
      30
      25
      49
      27
      46
      30
      41
      44
      52
      56
      72
      58
      80
      83
      70
      71
     103
      92
      71
     100
      81
     124
      85
      95
      99
     106
      86
      89
     102
     111
      89
     108
     107
      92
      84
      79
      76
      92
      73
      80
      64
      56
      69
      51
      70
      49
      48
      41
      26
      35
      46
      41
      24
      21
      23
      28
      29
      14
      21
      24
      17
      10
      16
      13
      12
      13
      18
      16
       6
      13
       9
       5
       7
      14
      11
       6
       9
      12
      12
       7
      11
      11
      11
       7
       9
       5
       8
       9
      13
       6
      13
      13
       8
       9
      13
       7
      10
      15
       8
      10
       8
       4
       7
       8
       1
      12
       8
      12
       9
       8
       8
      10
       8
       7
       9
      10
      10
       8
       8
       9
       8
      11
      11
       9
      13
      15
       6
       7
      10
       6
      10
       8
       8
       3
       8
      11
      12
       8
       5
       7
      16
       4
       9
      10
       6
      10
       6
       6
       8
       8
       4
       7
      10
      11
       5
       7
      10
       3
       8
      10
      10
       7
       6
       9
      15
       7
      10
       7
       7
       9
       9
       8
       4
       7
      10
       6
       8
       5
       9
       6
       9
       5
       4
      10
      13
      11
       7
       5
       5
       5
       6
       5
      11
      11
       3
       6
       7
       7
       9
       5
      11
      13
       8
       8
       7
       3
       7
       5
      10
       8
       4
      10
      11
       1
      11
       5
      10
       9
      12
       6
       5
       8
       5
       7
      10
       9
       9
      10
       7
       8
      10
      10
       7
       5
      11
       9
       6
      11
       4
       7
      10
       8
      10
       9
       8
       8
       7
       9
       8
       8
       5
       5
       7
      13
       7
      12
      10
       5
       5
       6
       7
      12
       6
       9
      11
       8
       8
      13
       4
       7
       6
      10
      16
       3
       6
       3
       3
       8
       6
      11
       7
       7
       3
       8
       8
      10
       5
       4
       6
      10
      11
       9
       7
      14
       6
       4
       9
       4
       2
       3
       2
       4
       6
       3
       5
      11
       8
      10
       8
       6
       7
       5
       6
       6
      12
       6
       6
       9
       4
       7
       8
       7
       6
       9
       8
       7
       4
       5
      13
       4
       7
      11
       4
       6
       8
       8
       8
       6
       7
       6
       8
       8
       4
       7
       9
       3
      12
       8
       4
       8
       6
       4
       9
       9
      11
       6
      10
       7
       7
       8
       7
       2
       7
       3
       8
       6
       9
       8
       5
       7
       7
       5
       6
       7
       4
      10
       8
       6
       6
       7
       5
       7
       7
       5
       5
       7
      11
       8
       9
      11
       8
       7
      13
      12
       6
       4
       4
       4
       6
       8
       7
       8
       7
       5
       3
       3
       4
       3
       5
       3
       6
       6
       8
       6
       8
       2
       7
       5
       6
       9
       5
       7
      14
       3
       5
       8
       1
       7
       4
       8
       3
       4
       6
      10
       4
      10
       3
       4
       6
      10
       7
      11
       5
      10
       9
       9
       8
       7
       5
       6
       7
       6
       9
       4
       6
      10
       4
       9
       4
       2
       7
       4
       8
       6
       6
       5
      11
       3
      12
       7
       8
       9
       7
       9
       8
       4
       5
      11
       7
      15
       5
       8
       9
       5
       8
       8
       4
       9
       6
       8
       5
      10
       3
       8
       3
       5
       6
       3
       8
       8
       4
       8
       6
       3
       9
       6
       4
       4
       7
       6
       6
       7
       6
       5
       5
       5
       6
       3
       6
       6
       7
      10
       2
       7
       4
       7
       6
       2
      10
       1
       1
       6
       8
       4
       5
       2
       6
       3
       7
       4
       4
       3
       4
       4
       4
       2
       3
       1
       5
       1
       8
       7
       3
       5
       8
       5
       3
       4
       9
       6
       4
       2
       3
       4
       9
       6
       5
       4
       6
       3
       5
       8
       5
       8
       9
       6
       8
       3
       3
       6
       7
       5
       4
       7
       7
       2
       8
      10
       9
       7
       4
       6
       9
       5
       3
       2
       4
       6
       4
       6
       6
       3
       5
       9
       3
       5
       7
       4
       7
       6
       8
       4
       4
       5
       2
       5
       2
       6
       8
      11
       6
       1
       4
       7
       9
       4
       1
       8
       1
       3
       3
       7
       6
      11
       9
       5
       3
       4
       5
       4
       6
       6
      10
       7
       6
       5
       6
       3
       5
       6
       8
       9
       9
       7
      12
       9
      11
      10
       4
       6
      10
      11
       5
       3
       5
       6
       8
       2
       2
       4
       3
       7
       7
       2
       5
       3
       5
       8
       4
       8
       7
       5
       5
       5
       3
       8
       8
       6
       7
       6
       5
       8
       5
       3
       4
       7
       5
       2
       7
       4
       4
       4
       5
       8
       8
      10
       5
       3
       2
       6
       7
       7
       2
       5
       8
       3
       4
       6
       5
       7
       2
       5
       2
       7
       5
       5
      14
       2
       6
      10
       2
       7
       7
       3
      11
       5
       4
       5
       5
       6
       7
       3
       6
       2
      10
       4
       3
       8
       5
       5
      10
       8
       8
       3
       8
       6
       8
       5
       5
       9
       5
       6
       5
       5
      11
       6
       4
       4
       7
       5
       4
       5
       3
       7
       6
       5
       5
      12
       3
       5
       5
       5
       4
       7
       6
       5
       5
       5
       3
       6
       6
       1
       8
       7
       6
       8
       3
       2
       5
       5
       9
       4
       8
       7
      10
       1
       4
       6
       5
       3
      11
       8
       4
       6
       6
       5
       4
       5
       6
       6
       4
       6
       4
      10
       5
       8
       9
       3
       4
       3
       5
       4
       4
       8
       4
       7
       7
       5
       3
       4
       5
       6
       8
       9
       9
       7
       8
       7
       8
       6
       7
       5
       5
       4
       5
       1
       6
       5
       4
       6
       2
      12
       8
       6
       4
       6
       5
       7
       5
       7
       8
       7
       4
       7
       4
       6
       6
       7
       6
       6
       9
       4
       4
       7
       3
       8
       7
       2
       7
       3
       1
       8
       9
       8
       6
       5
       7
       5
       4
       7
       6
       6
       3
       8
       5
       7
       3
       6
       6
       7
       7
       5
       5
       7
       4
       5
       3
       4
      10
       5
       8
      11
       8
       8
      11
       5
       7
       2
       5
       5
       6
      11
       8
       7
       9
       5
       5
       9
       7
       6
      12
       2
       7
       8
       6
       7
       7
       5
       6
      10
       5
       8
       3
       5
       3
      11
       4
       9
       9
       6
       3
       7
       4
       7
       5
       7
       6
       5
       8
       6
       6
       5
       7
      12
       7
       6
       7
       6
      10
       8
       6
       7
       7
      13
       2
      10
       5
       5
       3
       8
       5
       8
       5
       6
       9
      10
       8
       8
       5
       8
       5
       6
       5
       9
       1
       5
       7
       5
       5
       3
       5
      10
       8
       7
      12
       5
       6
       6
       7
      10
       4
       5
       4
       5
       1
       6
       5
       4
       6
       7
       5
       6
       8
       8
      11
       4
       5
      16
       3
       5
       8
       7
       4
       4
       9
       8
       8
       4
      10
       8
       8
       3
       5
      10
      10
       7
       7
       3
      12
      10
      14
       6
      13
       9
       2
      12
       5
       8
       6
       7
       8
       6
       7
       9
       4
       5
       6
       7
       6
       5
       5
       7
       4
       2
       9
       8
       5
       9
       5
       0
       9
       8
       4
       7
       5
       4
      12
       9
      10
       5
       9
       3
       5
       5
       6
       9
       7
       8
       6
       6
       5
       4
       6
       4
       5
       6
      10
       8
       5
       5
       6
       5
       9
       6
       2
       8
       4
       2
       6
       6
       7
       2
       8
       7
       5
       9
       5
      11
       8
       7
       5
       7
       5
       3
      12
       3
       3
       8
       4
       6
       5
       4
       5
       7
       3
       9
      11
       4
       9
       7
       5
       9
       9
       6
       6
       4
       8
       5
       7
       7
       3
       6
       8
      10
       9
       4
       5
       2
       6
       9
       6
       5
       9
       4
       9
       6
       3
       8
      12
       5
       8
       7
      10
       6
       8
       4
       8
       3
       8
      10
       9
       7
       6
       6
       8
       7
       3
       5
       4
       4
       4
       7
      11
       7
       4
       6
       6
       6
       2
       5
       4
       5
       5
       3
       2
       9
       7
       0
       0
       0
       0
       0
       0
       0
       0
       0
       0
       0
       0
       0
       0
       0
       0
       0
       0
       0
       0
       0
       0
       0
       0
       0
       0
       0
       0
       0
       0
       0
       0
       0
       0
       0
       0
       0
       0
       0
       0
       0
       0
       0
       0
       0
       0
       0
       0
       0
       0
       0
       0
       0
       0
       0
       0
       0
       0
       0
       0
       0
       0
       0
       0
       0
       0
       0
       0
       0
       0
       0
       0
       0
       0
       0
       0
       0
       0
       0
       0
       0
       0
       0
       0
$ROI:
1
712 830
$PRESETS:
Live Time
120
0
$ENER_FIT:
-23.656767 2.297974
$MCA_CAL:
3
-2.365677E+001 2.297974E+000 2.836717E-005 keV
$SHAPE_CAL:
3
0.000000E+000 0.000000E+000 0.000000E+000
