$SPEC_ID:
Sample003
$SPEC_REM:
DET# 1
DETDESC# DESKTOP-I499GD2 Easy-MCA-2k SN 18191655
AP# Maestro Version 7.01
$DATE_MEA:
03/01/2024 12:04:48
$MEAS_TIM:
120 120
$DATA:
0 2047
       0
       0
       0
       1
       0
       1
       0
       1
     146
      67
      88
      85
      78
     101
      78
      78
      93
      95
      89
     107
      89
      77
      98
      95
     103
      93
     123
     118
     127
     161
     146
     153
     172
     181
     170
     134
     142
     147
     139
     138
     131
     178
     186
     190
     224
     190
     209
     221
     214
     222
     256
     264
     296
     289
     308
     276
     316
     288
     309
     307
     331
     370
     436
     557
     577
     558
     515
     395
     354
     330
     290
     283
     239
     267
     263
     286
     264
     257
     248
     260
     258
     259
     258
     222
     256
     265
     248
     243
     241
     261
     236
     250
     250
     261
     221
     265
     259
     243
     224
     279
     204
     225
     222
     231
     211
     238
     218
     239
     203
     212
     211
     220
     204
     220
     182
     189
     202
     206
     200
     185
     184
     170
     172
     186
     174
     182
     192
     141
     167
     186
     165
     163
     161
     168
     159
     157
     145
     164
     154
     151
     130
     127
     142
     144
     142
     137
     144
     138
     135
     145
     115
     143
     124
     121
     123
     132
     122
     109
     132
     116
     125
     115
     128
     122
     122
     119
     123
      91
      95
      93
     115
     117
     118
     102
      95
      94
      86
     103
     102
     109
     104
      91
     106
      97
      92
      76
      73
      80
      86
      88
      89
     100
      89
      87
      89
      89
      93
      95
      96
      88
      79
      80
      67
      80
      80
      96
      97
      90
      88
      99
      92
      89
      85
      82
     107
     119
     110
     115
     123
     126
     162
     163
     169
     162
     208
     173
     193
     206
     207
     215
     206
     195
     182
     195
     172
     160
     173
     139
     120
     117
     116
     103
      93
      84
      84
      78
      63
      57
      58
      52
      62
      72
      73
      58
      71
      52
      60
      61
      58
      64
      66
      49
      51
      56
      61
      58
      66
      58
      53
      58
      64
      60
      53
      56
      46
      62
      53
      51
      59
      64
      50
      65
      42
      53
      62
      49
      48
      50
      49
      40
      58
      71
      46
      53
      62
      55
      54
      47
      51
      41
      52
      48
      55
      43
      55
      39
      39
      45
      48
      50
      49
      49
      44
      42
      48
      37
      41
      59
      40
      56
      37
      47
      44
      36
      53
      60
      58
      42
      45
      60
      55
      48
      47
      54
      46
      41
      47
      42
      42
      58
      49
      34
      57
      50
      43
      47
      42
      44
      34
      42
      42
      38
      48
      60
      40
      39
      41
      50
      47
      46
      40
      40
      59
      55
      40
      54
      31
      53
      40
      39
      44
      56
      45
      40
      42
      22
      39
      44
      45
      47
      38
      37
      32
      46
      43
      37
      40
      45
      42
      32
      45
      38
      24
      47
      42
      39
      34
      32
      43
      37
      43
      42
      29
      39
      34
      37
      48
      46
      46
      46
      51
      37
      43
      30
      35
      42
      33
      33
      33
      27
      39
      44
      44
      37
      52
      44
      31
      40
      28
      36
      41
      27
      38
      35
      47
      38
      25
      41
      35
      29
      42
      31
      24
      41
      31
      36
      45
      29
      34
      29
      32
      39
      27
      32
      28
      29
      28
      32
      24
      31
      34
      36
      38
      26
      35
      44
      33
      36
      37
      37
      31
      33
      36
      29
      40
      34
      48
      39
      38
      36
      42
      41
      38
      43
      64
      31
      53
      44
      40
      44
      34
      50
      35
      50
      39
      58
      46
      38
      49
      30
      39
      39
      37
      51
      29
      28
      34
      35
      34
      26
      40
      46
      30
      36
      37
      35
      33
      31
      41
      40
      39
      23
      31
      37
      35
      33
      19
      26
      33
      33
      41
      40
      39
      28
      46
      33
      37
      40
      39
      30
      36
      39
      38
      50
      38
      35
      38
      39
      32
      33
      40
      33
      18
      37
      35
      48
      48
      44
      43
      52
      48
      43
      39
      30
      47
      21
      34
      39
      48
      30
      33
      34
      29
      38
      39
      43
      44
      42
      35
      32
      33
      41
      36
      40
      38
      48
      32
      24
      42
      36
      42
      34
      33
      35
      42
      40
      29
      38
      33
      37
      32
      32
      36
      38
      38
      37
      45
      33
      37
      35
      45
      41
      32
      32
      46
      37
      36
      40
      32
      31
      43
      28
      31
      41
      29
      42
      40
      41
      39
      46
      50
      36
      44
      57
      46
      50
      55
      40
      46
      35
      42
      33
      38
      36
      38
      33
      32
      39
      49
      40
      39
      30
      37
      42
      34
      27
      28
      50
      25
      31
      21
      26
      30
      32
      22
      29
      22
      27
      22
      27
      39
      20
      18
      17
      21
      28
      26
      17
      27
      24
      18
      19
      15
      31
      20
      15
      16
      22
      15
      17
       9
      15
      24
      18
      16
      20
      15
      19
      17
      19
      17
      23
      16
      17
      16
      16
      20
      16
      13
      19
      23
      12
      14
      14
      11
      16
      15
       4
      11
      17
      15
      10
      13
      18
      26
      16
      18
      12
      15
      18
      25
      21
      19
      27
      29
      44
      30
      29
      42
      41
      34
      43
      57
      54
      68
      62
      70
      65
      80
      67
      97
      98
      93
     115
      98
     115
     106
     101
     106
     112
     109
     118
     112
     144
     121
     138
     120
     120
     113
     119
     109
     116
     122
     111
      92
      98
      73
      77
      71
      80
      76
      63
      58
      64
      30
      47
      44
      31
      41
      42
      36
      13
      33
      25
      22
      30
      28
      20
      21
      12
      13
      13
      13
      16
      10
      13
      16
      13
      11
      16
       8
      19
       9
      17
      11
      14
       5
      10
      15
      10
      12
      10
       9
       6
      12
      14
       6
      14
       7
      16
      14
       5
       8
      10
       6
      23
      10
       8
      18
       7
      15
       5
       9
      12
       6
       9
      14
       7
       6
      11
      11
       7
       9
       6
       7
       7
      11
      11
      10
       9
       7
       8
      10
       7
       2
      10
      12
       6
      13
      11
      10
      12
      11
       9
      14
       7
       7
       5
      11
       8
      10
       5
       8
       6
       8
      12
       9
       9
      10
       7
       6
       6
       9
       7
      11
       5
      11
      11
       7
       9
      14
       6
      10
       8
       5
       6
       8
      11
       7
      12
       4
       6
       9
       6
       8
       4
       3
       6
       6
       7
       5
       8
       6
       9
       8
       9
      11
       7
       3
       8
       5
      10
       7
       3
       9
      11
      11
       7
       7
       8
      10
       8
       9
       8
       9
       7
      13
       6
      12
      10
       9
      11
      10
       6
      10
      10
       7
       9
       7
       6
      13
       7
      11
      10
      12
      10
      10
       7
       3
      11
      11
       9
      13
       8
      11
       9
       9
       5
      17
       5
      12
       8
       8
      11
      10
       2
      12
       7
       5
       8
       9
       9
       8
      16
      10
       9
      16
       7
      14
       8
      16
       9
       8
       4
       7
      12
       9
      14
       6
      13
      15
       6
       7
       8
       9
      10
       9
      15
       9
       8
       3
       7
      10
       4
       8
       5
      11
       7
       5
       5
       7
       9
      10
       5
      13
       4
       9
       8
       9
      14
       6
       6
      10
       6
       4
      10
       9
       9
       6
       6
      11
      13
       6
       7
       8
       6
      11
       4
       5
       7
       7
       5
       5
      11
       6
       8
       7
       7
      17
      13
       7
       6
       6
       6
       6
       7
       9
      10
      13
       5
       9
       6
       6
       9
      11
       3
       4
       8
       9
       9
       7
       4
       6
      10
       6
       7
      11
      11
       6
       7
       6
      15
      15
       9
      10
       8
      10
       7
       7
       3
      10
      10
       5
       7
       9
       6
       7
       4
      10
      10
       8
       7
      10
       8
       9
      13
      10
       5
      10
       5
       8
       3
       3
       9
       7
       6
      12
       8
       6
       3
       5
       8
       4
       4
       7
       9
       7
       6
       8
       7
       9
       9
       5
       3
       6
       7
       8
       5
       8
       8
       8
       0
       5
       9
       7
       3
       5
       6
       6
       8
       5
       6
      11
       7
       3
       6
       8
       5
       8
       9
      10
      11
      12
      10
      14
       9
      10
      11
      12
       6
       9
       8
      10
       8
       7
      14
      13
       8
       6
      11
       9
       7
      10
      11
       9
       3
       9
       7
      14
      10
       6
      12
      10
       8
       6
      13
       4
       8
      15
       6
      10
      13
       7
       7
       8
       9
       6
       4
       8
       9
       8
       5
       8
       9
       5
       5
       6
       5
      11
       8
       6
       8
       9
       3
       3
       8
       6
       6
       9
       6
       5
      11
       7
       9
       6
       7
       7
       0
       5
       4
      10
       5
       9
       6
       4
       6
       5
       5
       8
       8
       3
       6
       8
       3
       9
       3
       4
       6
       4
       7
       3
       5
       9
       9
       8
       5
       4
       9
       3
       4
       5
       7
       7
       7
       8
       6
       1
       9
       8
      10
       4
       8
       7
       7
       2
      14
       2
       4
       7
       8
      11
       6
      16
       6
       9
       4
       9
      10
      12
       6
       8
       9
       4
       7
       8
       7
       8
       5
      10
       9
       9
       9
       5
       5
       9
       4
       7
       2
       6
      12
       5
       6
       8
       9
       4
       6
       4
       6
      11
       5
      11
       5
      11
       5
       7
      10
       9
       9
       7
       8
       5
       3
       4
       3
      10
       1
       8
       3
       8
       7
       3
       7
       6
       4
       7
       7
       5
       6
       5
       4
       4
       7
       2
       5
       7
       8
       9
       9
       6
       6
      12
       6
       7
       4
       2
       6
       5
       8
       9
       4
       7
       9
       5
       4
       5
       6
       7
       6
       4
       5
       2
      10
       9
       5
       8
       4
       6
       6
       6
       5
       6
       8
       8
       5
       6
       7
       4
       6
       5
       4
       4
       1
       3
      12
       7
       4
       7
       8
       6
       7
       6
       7
       7
       3
       6
       6
       7
      10
       6
       2
       3
       6
      10
       6
       4
       4
       9
      11
       6
       5
      10
       5
       6
       7
       3
       8
       3
       9
       7
       7
       4
      12
      12
       5
       4
       8
       4
       5
       9
       7
       7
       6
       4
       7
       7
       6
      12
       9
       6
       7
       7
      10
      11
       7
       6
       9
       5
       7
       2
       4
       6
      11
       3
       2
       8
       8
       6
       3
       9
       8
       5
       8
       5
       8
       4
       5
       6
       7
       6
      11
      11
       9
       3
       4
       9
       6
       6
       4
       7
       3
       5
       9
       5
       4
       5
       4
       9
       8
       8
       6
       6
       8
       5
      14
       2
       7
       5
       8
       6
       5
       8
       9
       9
       6
       8
       4
       3
       6
       7
      10
      12
       8
       6
       8
       4
       6
       9
       4
      11
       7
       9
      13
       5
       3
       9
      11
       7
       8
       9
       4
       8
       5
       8
       4
       9
       6
      11
       6
       7
       8
       5
       4
       8
       7
       5
       8
      10
      10
       6
       8
      12
       6
       5
      11
       5
       6
       7
       9
       4
       8
      11
       9
       4
       6
       8
       4
       4
       2
       4
       8
       6
       9
       9
       7
       9
       6
       6
       6
       9
       5
       8
       5
       4
      10
       1
       8
       5
       7
       9
       6
       8
       5
       5
       5
       7
      10
       5
       5
       6
      10
       9
       8
       4
       5
       7
      11
       7
       9
       8
       7
       6
       2
       6
       7
       6
       8
       9
       9
       8
      12
       4
       9
       5
       7
       7
       5
      11
       0
       7
       4
       5
      11
      11
       8
      15
      10
      11
      13
       7
       7
       7
      12
      12
       6
      15
      11
       8
       7
       9
      16
       9
      10
       8
       9
       7
      11
       7
       6
      14
       6
       7
       7
       9
       6
       7
       4
       5
       5
      11
       8
      10
       6
       6
       6
       7
       9
      12
       5
      11
       9
       9
       7
       5
       7
       8
       8
      12
       7
      12
       5
      10
       7
      10
       4
       6
       6
       5
       8
      12
       8
      14
      17
       7
       9
      14
      10
       9
       7
       9
       8
       8
       8
      10
       9
      12
      12
       6
      11
       6
       4
       5
       8
      10
       6
       4
       8
       9
       8
      10
       5
      11
      10
      10
      11
       9
      12
       5
       8
      12
      13
      10
      13
      10
       8
      10
      11
       7
       8
       8
       6
       9
      13
       7
       8
      13
      12
       7
       7
       6
       5
       6
       8
       6
       6
       9
       9
      14
      12
       7
       7
       7
      12
       5
       6
       4
      11
      10
       9
      10
       4
       8
       7
       6
       6
       5
      11
      10
       3
       7
       8
       7
       6
       6
       3
       7
       6
       5
       9
       5
       8
       5
       3
       7
       6
      10
       7
       4
      12
       7
       6
       8
       5
       6
       8
       4
       5
       2
       8
       7
       3
       8
       8
      11
       9
       9
       8
       4
      11
       8
       8
       9
       3
       6
      10
       7
       8
       6
       7
      11
       4
       8
       8
       9
       8
       8
      17
       5
       3
      10
       8
       8
       4
       3
       5
       7
       5
       5
       4
       6
      12
       9
       8
       7
       1
      12
      11
       9
      13
       9
       4
       3
       6
       5
       6
       8
      10
       7
       5
       9
       9
       8
       7
       5
      13
       8
      10
       7
      10
       9
       3
       6
       5
       7
      10
       9
       6
       5
       8
       7
       7
       7
       1
       8
       4
       6
       6
      10
       7
       5
       7
      10
       3
       5
       9
       1
       0
       0
       0
       0
       0
       0
       0
       0
       0
       0
       0
       0
       0
       0
       0
       0
       0
       0
       0
       0
       0
       0
       0
       0
       0
       0
       0
       0
       0
       0
       0
       0
       0
       0
       0
       0
       0
       0
       0
       0
       0
       0
       0
       0
       0
       0
       0
       0
       0
       0
       0
       0
       0
       0
       0
       0
       0
       0
       0
       0
       0
       0
       0
       0
       0
       0
       0
       0
       0
       0
       0
       0
       0
       0
       0
       0
       0
       0
       0
       0
       0
       0
       0
$ROI:
2
204 249
712 830
$PRESETS:
Live Time
120
0
$ENER_FIT:
-23.656767 2.297974
$MCA_CAL:
3
-2.365677E+001 2.297974E+000 2.836717E-005 keV
$SHAPE_CAL:
3
0.000000E+000 0.000000E+000 0.000000E+000
