$SPEC_ID:
Sample006
$SPEC_REM:
DET# 1
DETDESC# DESKTOP-I499GD2 Easy-MCA-2k SN 18191655
AP# Maestro Version 7.01
$DATE_MEA:
03/01/2024 11:31:38
$MEAS_TIM:
120 120
$DATA:
0 2047
       0
       0
       0
       0
       0
       0
       0
       1
      86
      42
      50
      61
      55
      62
      59
      62
      56
      75
      69
      56
      70
      60
      59
      73
      84
      78
      79
      82
     108
     111
     110
     118
     145
     144
     138
     108
      94
     106
      97
      90
     113
     119
     118
     157
     147
     147
     156
     161
     173
     195
     214
     234
     241
     270
     291
     242
     243
     260
     260
     277
     311
     366
     424
     483
     552
     521
     502
     413
     335
     260
     234
     176
     182
     217
     203
     184
     214
     189
     185
     210
     190
     188
     212
     188
     182
     160
     202
     201
     218
     222
     184
     205
     223
     192
     211
     191
     178
     172
     167
     168
     175
     165
     175
     172
     176
     158
     153
     172
     154
     164
     151
     142
     169
     154
     122
     132
     126
     157
     148
     122
     127
     140
     114
     135
     123
     116
     113
     109
     121
     136
     103
     113
     102
     114
      97
     124
      87
     106
     109
     121
     112
     102
     107
      97
      92
      85
     100
      92
      81
      99
      91
      73
      81
      82
      79
      81
      84
      84
      94
      77
      79
      92
      98
      88
      81
      69
      84
      72
      61
      83
      88
      69
      54
      49
      63
      75
      65
      64
      64
      59
      54
      67
      61
      70
      55
      70
      47
      61
      61
      41
      58
      60
      68
      66
      58
      48
      65
      61
      45
      48
      51
      48
      77
      52
      41
      58
      59
      60
      53
      49
      60
      62
      62
      64
      79
      53
      58
      72
      66
     103
      80
      82
      88
      96
     107
     122
     118
     106
     134
     114
     139
     127
     125
      94
     117
      99
      96
      72
      84
      72
      70
      43
      48
      61
      52
      38
      33
      41
      46
      42
      42
      38
      41
      44
      44
      48
      38
      37
      29
      30
      38
      28
      38
      38
      38
      27
      37
      35
      37
      39
      44
      46
      33
      43
      34
      32
      41
      35
      34
      45
      40
      41
      53
      35
      37
      39
      22
      35
      37
      31
      40
      34
      26
      36
      33
      33
      36
      35
      26
      33
      34
      38
      36
      27
      34
      32
      29
      33
      27
      25
      43
      33
      27
      26
      40
      29
      24
      26
      31
      40
      28
      28
      28
      21
      31
      27
      27
      24
      35
      21
      37
      26
      30
      27
      31
      34
      46
      22
      28
      30
      32
      29
      29
      25
      24
      25
      33
      24
      26
      26
      33
      39
      40
      33
      27
      20
      35
      39
      32
      31
      30
      30
      27
      31
      33
      38
      36
      32
      38
      34
      34
      33
      34
      23
      31
      25
      20
      30
      28
      36
      32
      23
      25
      24
      28
      19
      24
      28
      31
      28
      29
      29
      25
      21
      35
      21
      24
      19
      22
      21
      22
      28
      25
      30
      34
      34
      25
      40
      21
      20
      18
      18
      16
      19
      16
      26
      22
      22
      21
      23
      15
      27
      18
      25
      29
      20
      18
      19
      33
      22
      21
      19
      26
      21
      24
      17
      23
      22
      21
      17
      25
      18
      18
      26
      23
      17
      23
      18
      20
      20
      19
      18
      22
      20
      17
      32
      21
      20
      29
      11
      22
      15
      23
      34
      18
      21
      20
      15
      20
      25
      30
      18
      20
      23
      22
      21
      28
      19
      29
      28
      30
      30
      19
      35
      31
      29
      32
      34
      31
      32
      35
      31
      28
      25
      34
      20
      39
      24
      10
      27
      21
      28
      21
      22
      25
      14
      24
      12
      22
      21
      31
      20
      22
      16
      17
      18
      28
      20
      20
      18
      15
      14
      20
      17
      27
      19
      19
      16
      14
      17
      22
      17
      11
      21
      17
      22
      17
      20
      21
      19
      27
      31
      17
      23
      22
      34
      20
      19
      23
      16
      25
      19
      23
      14
      22
      24
      19
      15
      15
      22
      14
      25
      19
      24
      26
      32
      18
      16
      25
      27
      17
      23
      14
      15
      22
      22
      16
      23
      10
      22
      20
      25
      20
      16
      18
      26
      23
      23
      24
      14
      14
      20
      21
      15
      19
      23
      17
      25
      23
      16
      20
      23
      16
      20
      11
      13
      18
      24
      22
      18
      14
      27
      20
      36
      27
      24
      12
      23
      26
      21
      15
      20
      21
      22
      27
      22
      21
      22
      26
      28
      29
      30
      29
      26
      29
      19
      25
      22
      23
      20
      14
      27
      22
      18
      15
      18
      22
      17
      17
      31
      14
      20
      22
      15
      29
      28
      26
      21
      17
      17
      22
      17
      15
      20
      14
      12
      10
      12
      13
      12
       9
      10
      19
      16
       8
      14
      11
      13
      14
      10
       6
       9
      10
       4
      11
      11
      10
      12
      10
      13
      10
       6
       6
       7
       8
       8
      12
       9
      10
      10
       9
      10
       7
       6
       6
       8
       7
       8
       8
      10
       9
       8
       8
       5
      10
      10
       6
      10
      10
       7
      11
      10
       7
       8
      13
      11
      13
      11
      12
       9
       7
      10
      19
      14
      17
      20
      16
      14
      18
      19
      24
      31
      20
      31
      34
      32
      35
      24
      50
      61
      44
      48
      52
      53
      62
      65
      56
      59
      62
      72
      56
      56
      65
      60
      69
      73
      69
      65
      64
      58
      58
      53
      43
      52
      56
      34
      49
      45
      39
      41
      37
      30
      24
      29
      32
      19
      15
      16
      23
      21
      17
      11
      11
      13
      13
      17
       9
      10
       7
       6
       8
       9
       8
       6
       3
      12
      11
       9
       2
       7
       8
      10
       5
       7
       6
       7
       4
       9
       0
       3
       2
       9
       3
       9
       7
       5
       6
      10
       5
       4
       1
       3
       3
       2
       8
       7
       3
       4
       3
       5
       6
       5
       7
       2
       3
       2
       5
       8
       7
       7
       7
       9
       2
       4
      10
       2
       7
       3
       5
       9
       8
       5
       2
       4
       5
       5
       3
       6
       5
       9
       7
       4
       6
       4
       7
       3
       9
       4
       5
       9
      11
       4
       3
       2
       5
       3
       5
       4
       4
       4
       6
       4
       4
       8
       5
       5
       5
      10
       8
       3
       4
       3
       5
      11
       1
       5
       4
       0
       7
       1
       3
       7
       8
       3
      10
       5
       4
       7
       1
       4
       6
       4
       8
       4
       7
       3
       2
       6
      13
       9
       1
       5
       2
       9
       6
       3
       2
       0
       4
       8
       8
       8
       5
       4
       4
       3
       7
       8
       8
       4
       9
       3
       7
       4
       2
       8
      10
       5
       2
       5
       7
       4
       9
       5
       2
       7
       8
       5
       5
       9
       4
       4
       5
       3
       7
       9
       5
       4
       4
      10
       6
       8
       5
       7
       2
       9
       5
       1
       7
       3
       8
       3
      10
       6
       6
       1
       8
       6
       4
       3
       3
       4
       4
       5
       7
       5
       5
       7
       5
       4
       2
       3
       4
       3
       7
       6
       2
       3
       9
       7
      11
       5
       3
       5
       3
       6
       3
       2
       6
       2
       6
       3
       5
       4
       4
       3
       4
       4
       3
       4
       2
       5
       6
       6
       7
       2
       7
       4
       7
       3
       2
       4
       5
       2
       4
       2
       3
       1
       4
       2
       2
       6
       5
       3
       6
       8
       3
       1
       1
       3
       3
       4
       6
       4
       4
       2
       2
       4
       0
       4
      10
       7
       2
       7
       7
       2
       2
       8
       5
       4
       3
       5
       4
       6
       7
       3
       6
       4
       4
       3
      12
       6
       4
       7
       5
       6
       4
       6
       3
       6
       5
       3
       2
       6
       4
       5
       2
       3
       7
       2
       3
       3
       5
       4
       7
       2
       5
       4
       6
       2
       5
       4
       4
       6
       4
       7
       7
       3
       4
       1
       0
       2
       5
       5
       3
       2
       2
       3
       6
       5
       1
       3
       3
       5
       3
       5
       6
       6
       6
       3
       2
       5
       5
       3
       2
       2
       4
       4
       6
       6
       4
       3
       3
       5
       6
       7
       0
       4
       7
       3
       1
       7
       3
       6
       6
       5
       3
       3
       3
      11
       4
       3
       3
       0
       2
       6
       5
       2
       4
       4
       4
       9
       4
       1
      11
       7
       3
       7
       8
       3
       4
       2
       2
       4
       7
       4
       2
       4
       7
       7
       2
       3
       2
       6
       3
       2
       5
       4
       3
       6
       3
       5
       6
       2
       3
       3
       1
       3
       2
       4
       3
       2
       6
       5
       4
       5
       3
       2
       5
       5
       5
       5
       4
       2
       3
       5
       6
       8
       5
       2
       4
       7
       4
       7
       4
       4
       3
       1
       2
       3
       5
       4
       4
       4
       4
       6
       5
       4
       5
       2
       6
       4
       9
       2
       7
       2
       4
       2
       2
       2
       4
       9
       4
       7
       3
       2
       4
       4
       5
       2
       4
       4
       7
       2
       4
       2
       1
       5
       3
       5
       6
       5
       1
       6
       2
       1
       1
       5
       1
       4
       2
       5
       5
       3
       3
       0
       4
       5
       7
       4
       5
       3
       4
       8
       2
       7
       5
       2
       5
       3
       2
       5
       2
       5
       3
       8
       3
      10
       1
       3
       3
       3
       7
       5
       3
       4
       2
       5
       5
       1
       5
       3
       5
       2
       3
       3
       0
       1
       3
       1
       3
       7
       2
       3
       5
       7
       3
       4
       2
       4
       4
       2
       2
       3
       4
       1
       4
       4
       2
       5
       1
       5
       3
       5
       5
       3
       2
       2
       1
       3
       2
       6
       5
       2
       3
       4
       9
       3
       4
       2
       1
       0
       3
       1
       6
       1
       3
       2
       4
       5
       4
       7
       6
       4
       4
       3
       1
       2
       6
       3
       2
       3
       7
       0
       2
       4
       4
       2
       5
       2
       7
       2
       5
       3
       4
       2
       2
       5
       3
       3
       3
       6
       1
       7
       3
       3
       3
       6
       3
       3
       4
       3
       3
       5
       9
       4
       3
       3
       5
       2
       5
       1
       8
       4
       3
       6
       1
       4
       2
       5
       3
       3
       2
       5
       3
       3
       3
       6
       6
       5
       1
       5
       3
       5
       3
       1
       4
       4
       6
       4
       4
       7
       2
       2
       0
       5
       1
       3
       5
       5
       5
       4
       2
       4
       1
       4
       3
       4
       5
       8
       0
       4
       4
       7
       3
       6
       3
       6
       2
       6
       3
       2
       4
       7
       7
       2
       3
       1
       6
       5
       1
       3
       5
       8
       4
       6
       4
       2
       4
       3
       5
       5
       4
      10
       5
       2
       6
       5
       5
       5
       2
       5
       4
       3
       2
       5
       2
       7
       5
       5
       4
       3
       5
       5
       3
       6
       2
       7
       4
       4
       4
       3
       5
       5
       2
       5
       4
       5
       5
       3
       2
       6
       5
       1
       6
       6
       3
       2
       3
       2
       7
       5
       5
       1
       6
       3
       6
       3
       3
       8
       4
       7
       5
       3
       6
       2
       5
       7
       4
       2
       5
       2
       3
       2
       6
       5
       9
       3
       5
       1
       1
       3
       8
       1
       4
       6
       4
       4
       6
       1
       3
       3
       3
       5
       5
       2
       5
       4
       3
       4
       4
       0
       2
       4
       7
       5
       4
       6
       3
       3
       4
       7
       6
       7
       3
       3
       2
       3
       2
       1
       2
       1
       3
       1
       5
       2
       4
       6
       3
       3
       8
       6
       6
       4
       8
       4
       2
       6
       5
       6
       6
       8
       4
       5
       2
       3
       3
       6
       6
       4
       5
       6
       8
       6
       7
       7
       9
       1
       6
       1
       5
       6
       6
       3
       2
       4
       6
       3
       5
       3
       3
       5
      10
       5
       4
       2
       9
       4
       2
       1
       2
       2
       6
       4
       4
       3
       2
       4
       1
       8
       4
       8
       7
       7
       9
       3
       1
       5
       3
       2
       1
       4
       4
       6
       4
       6
       8
       5
       7
       8
       4
       4
       7
       6
       5
       6
       5
       3
       8
       4
       3
       6
       3
       5
       6
       3
       6
       7
       3
       5
       6
      12
       6
       7
       9
      10
       6
       4
       3
       4
       1
       0
       6
       5
       6
       2
       6
       4
       4
       0
       2
       3
       1
       6
       7
       4
       1
       7
       8
       6
       4
       8
       6
       7
       4
       6
       3
       3
       4
       7
       6
       6
       5
       7
       6
       3
       6
       5
       1
       2
       0
       6
       3
       7
       5
       2
       4
       5
       2
       4
       3
       6
       6
       3
       8
       2
       2
       4
       4
      11
       7
       2
       2
       1
       4
       3
       5
       5
       4
       6
       6
       5
       6
       4
       2
       9
       7
       1
       3
       3
       2
       3
       6
       3
       6
       2
       6
       5
       3
       6
       5
       7
       5
       3
       5
       3
       5
       4
       3
       4
       5
       4
       4
       3
       2
       7
       8
       7
       5
       0
       1
       8
       5
       8
       6
       7
       8
       5
       4
       6
       2
       9
       4
       3
       6
       3
       3
       6
       7
      10
       5
       4
       5
       4
       3
      10
       3
       4
       5
       5
       6
       3
       6
       5
       5
       5
       7
       7
       4
       4
       2
       6
       8
       2
       5
       3
       6
       6
       3
       6
       5
       3
       3
       3
       1
       4
       2
       4
       4
       2
       5
       3
       6
       4
       0
       0
       0
       0
       0
       0
       0
       0
       0
       0
       0
       0
       0
       0
       0
       0
       0
       0
       0
       0
       0
       0
       0
       0
       0
       0
       0
       0
       0
       0
       0
       0
       0
       0
       0
       0
       0
       0
       0
       0
       0
       0
       0
       0
       0
       0
       0
       0
       0
       0
       0
       0
       0
       0
       0
       0
       0
       0
       0
       0
       0
       0
       0
       0
       0
       0
       0
       0
       0
       0
       0
       0
       0
       0
       0
       0
       0
       0
       0
       0
       0
       0
       0
       0
$ROI:
1
712 830
$PRESETS:
Live Time
120
0
$ENER_FIT:
-23.656767 2.297974
$MCA_CAL:
3
-2.365677E+001 2.297974E+000 2.836717E-005 keV
$SHAPE_CAL:
3
0.000000E+000 0.000000E+000 0.000000E+000
