$SPEC_ID:
Sample014
$SPEC_REM:
DET# 1
DETDESC# DESKTOP-I499GD2 Easy-MCA-2k SN 18191655
AP# Maestro Version 7.01
$DATE_MEA:
03/01/2024 11:47:44
$MEAS_TIM:
120 120
$DATA:
0 2047
       0
       0
       0
       0
       0
       1
       2
       0
     106
      62
      51
      70
      79
      74
      76
      59
      80
      72
      74
      59
      70
      58
      72
      74
      81
      81
      80
      85
      96
     102
     115
     130
     127
     148
     122
     100
     121
     109
     103
     114
     119
     124
     159
     160
     148
     158
     198
     179
     173
     216
     207
     255
     283
     281
     307
     231
     253
     239
     265
     276
     302
     341
     455
     478
     550
     540
     439
     371
     293
     262
     254
     229
     212
     238
     229
     218
     224
     225
     204
     197
     211
     220
     193
     182
     180
     191
     221
     228
     190
     203
     208
     209
     195
     191
     188
     195
     181
     168
     167
     172
     208
     154
     175
     168
     188
     176
     180
     149
     146
     146
     136
     163
     158
     157
     162
     148
     168
     166
     148
     162
     154
     138
     142
     140
     145
     131
     123
     129
     139
     135
     128
     136
     124
     112
     120
     106
     118
     101
     130
      83
     126
     105
     100
     111
      97
     106
      97
      80
     100
     100
      99
     103
      91
      85
      97
      93
      86
      77
      91
      88
      89
      70
      92
      70
      85
      71
      80
      78
      78
      78
      77
      62
      69
      75
      85
      71
      74
      74
      78
      68
      88
      67
      72
      64
      58
      52
      63
      66
      68
      61
      68
      61
      58
      66
      71
      73
      52
      62
      64
      74
      56
      53
      67
      62
      63
      59
      48
      60
      60
      64
      57
      58
      60
      74
      67
      87
      83
      67
      91
      98
      97
     102
     137
     111
     120
     121
     139
     150
     139
     132
     127
     125
     121
     129
     124
     126
      94
      91
      80
      91
      81
      65
      63
      53
      56
      59
      52
      46
      42
      56
      36
      39
      52
      42
      27
      37
      43
      49
      52
      29
      48
      49
      40
      50
      31
      37
      39
      39
      33
      33
      41
      35
      56
      53
      54
      48
      47
      46
      38
      36
      39
      39
      45
      38
      25
      27
      39
      44
      37
      40
      28
      36
      36
      41
      37
      33
      37
      42
      33
      31
      39
      40
      31
      38
      27
      30
      37
      24
      30
      32
      38
      36
      45
      36
      34
      37
      29
      34
      35
      37
      32
      27
      32
      32
      33
      31
      38
      48
      39
      30
      34
      30
      27
      17
      29
      21
      26
      36
      30
      30
      27
      23
      28
      31
      34
      23
      35
      32
      37
      37
      30
      36
      24
      20
      31
      34
      23
      37
      32
      30
      34
      29
      24
      31
      33
      39
      34
      39
      30
      30
      33
      27
      28
      30
      36
      31
      20
      36
      32
      24
      23
      31
      27
      31
      24
      34
      26
      19
      27
      25
      28
      21
      22
      19
      29
      24
      26
      22
      19
      23
      39
      27
      20
      27
      27
      27
      24
      20
      29
      20
      26
      33
      31
      28
      19
      28
      22
      21
      14
      30
      18
      18
      30
      34
      26
      23
      27
      39
      23
      14
      22
      18
      27
      24
      21
      17
      20
      19
      17
      19
      23
      27
      21
      24
      30
      17
      18
      28
      13
      18
      17
      16
      21
      20
      26
      22
      21
      27
      33
      25
      24
      24
      29
      23
      30
      26
      32
      28
      27
      33
      20
      20
      22
      31
      16
      37
      21
      19
      24
      24
      28
      38
      28
      24
      26
      27
      37
      27
      28
      29
      26
      36
      38
      28
      31
      22
      35
      33
      38
      28
      28
      23
      34
      24
      22
      26
      28
      16
      20
      24
      12
      24
      21
      14
      19
      24
      19
      22
      32
      23
      24
      21
      23
      32
      22
      15
      18
      25
      17
      20
      32
      19
      25
      14
      23
      20
      23
      29
      24
      25
      26
      27
      28
      22
      29
      20
      20
      21
      20
      15
      21
      26
      32
      33
      21
      28
      26
      21
      17
      30
      16
      26
      16
      36
      20
      20
      24
      19
      18
      22
      18
      24
      18
      27
      16
      20
      24
      24
      21
      26
      20
      17
      16
      22
      24
      22
      31
      20
      14
      16
      27
      26
      23
      23
      19
      17
      22
      20
      32
      27
      32
      26
      24
      26
      30
      13
      19
      19
      26
      19
      10
      23
      26
      31
      24
      24
      30
      20
      29
      21
      28
      31
      22
      27
      34
      24
      23
      32
      26
      22
      33
      16
      22
      29
      31
      24
      28
      22
      36
      27
      24
      19
      40
      20
      26
      27
      29
      29
      22
      24
      20
      20
      15
      27
      20
      22
      26
      17
      16
      22
      22
      23
      18
      17
      14
       9
      20
       9
       9
      14
      19
      16
      16
      10
      17
      10
      12
      18
      16
      13
      11
      17
      12
      12
       9
      16
       7
      14
      12
       9
       9
      11
      15
       9
      14
       8
       7
       3
       9
       9
       9
      11
       9
      11
      12
       9
       8
       9
       9
       7
      12
      11
      14
       9
       8
      10
      15
      13
      12
       6
      11
      15
       8
      12
      12
       6
      12
      10
      15
       8
      17
      13
       9
      18
      15
      16
      12
      19
      24
      22
      27
      31
      25
      31
      45
      32
      50
      34
      43
      40
      50
      60
      50
      56
      71
      71
      55
      72
      66
      60
      68
      89
      69
      71
      67
      57
      84
      83
      66
      63
      57
      65
      62
      56
      43
      47
      40
      44
      56
      33
      40
      33
      49
      39
      34
      28
      27
      24
      24
      19
      21
      17
      23
       9
      16
       9
      10
       5
       9
       9
      12
       5
       8
      13
       5
      11
       6
       8
       9
      14
       8
       3
       6
       6
       8
       3
       8
       6
      10
       5
      11
       4
      11
      11
       5
       9
       4
       9
       7
      11
       4
       7
       5
      10
       5
       4
       8
       6
       4
       7
       4
       9
       5
       4
       4
       1
       7
      10
       3
       5
       5
       9
       9
       6
       3
       5
       5
       8
       6
       5
       7
      12
       6
       7
       5
      14
       8
       5
       6
       9
      12
       9
      11
       4
       4
      11
       3
       6
       4
       7
       1
       7
       3
       5
       8
       3
       6
      11
       3
       6
       2
       4
       1
       8
       4
       5
       3
       4
       4
      10
      12
       3
       3
       9
       5
       7
       4
       6
       0
       2
       8
      11
       6
       7
       4
       3
       2
       5
       3
       3
       9
       1
       5
      11
       9
       7
       4
       4
       6
       4
       6
       1
       7
       5
       5
       1
      11
       5
      10
       7
       6
       4
       6
       8
       6
       6
       6
       2
       3
       5
      11
       5
       5
       6
       5
       9
       4
       4
       5
       5
       4
       2
       4
       7
       3
       8
       6
       5
       1
       5
       3
       3
       8
       4
       2
       9
       8
      11
       5
       7
       5
       5
       6
       9
       7
       4
       4
       9
       6
       3
      11
       6
       9
       4
       7
       4
       8
       8
       5
       6
       6
       7
       6
       6
       7
       6
       5
       6
      10
       3
       5
       4
       5
       5
       3
       4
       4
       8
       6
       4
       8
       3
       3
       3
       4
       3
       2
       0
       5
       7
       7
       1
      11
       3
       5
       6
       4
       3
       3
       3
       8
       6
       7
       3
       7
       5
       2
       8
       5
       2
       6
       4
       6
       8
       6
       5
       3
       4
       3
       9
       3
       5
       6
       5
       8
       5
       3
       7
       7
       4
       2
       4
       3
       4
       5
       4
       8
       8
       3
       6
       4
       5
       7
       4
       5
       5
       5
       0
      10
       7
       5
       2
       7
       9
       1
       3
       4
       3
       5
       4
       4
       3
       5
       5
       6
       4
       7
       1
       8
       4
       2
       2
       7
       8
       3
       2
       5
      10
       4
       4
       6
       4
       5
       5
       7
       5
       1
       5
      10
       6
       3
       4
       4
       6
       3
       4
       9
       6
       2
       5
       5
       3
       5
       5
       1
       3
       7
       6
       5
       5
       4
       3
       7
       5
       2
       5
       5
       3
       8
       4
       4
       3
       5
       5
       4
       2
       2
       3
       4
       3
       1
       4
       9
       4
       6
       5
       5
       4
       5
       6
       6
       4
       7
       6
       3
       4
       5
       3
       6
       7
       6
       6
       7
       2
       7
      13
       6
       4
      11
       5
       4
       4
       3
       8
       5
       5
       5
       5
       2
       4
       4
      10
       3
       4
       4
       4
       3
       6
       8
       9
       3
       4
       5
       9
       4
       9
       4
       5
       8
       6
       4
       5
       7
       4
       6
       4
       6
       4
       4
       3
       3
       2
       5
       6
       3
       6
       4
       2
       4
       5
       5
       5
       3
       5
       4
       0
       4
       5
       4
       2
       1
       4
       1
       2
       9
       1
       4
       5
       7
       4
       3
       1
       7
       1
       2
       3
       1
       5
       8
       1
       5
       1
       3
       2
       4
       3
       5
       4
       5
       5
       6
       3
       1
       1
       5
       4
       4
       3
       3
       2
       6
       5
       4
       7
       5
       5
       3
       4
       5
       2
       3
       4
       2
       3
       6
       1
       6
       4
       7
       3
       4
       1
       8
       3
       4
       4
       3
       3
       1
       3
       6
       7
       1
       3
       3
       2
       4
       6
       4
       5
       4
       6
       2
       7
       5
       4
       3
       0
       3
       9
       4
       2
       1
       4
       5
       9
       1
       5
       5
       2
       4
       4
       8
       8
       5
       4
       5
       3
       3
       3
       3
       5
       7
       3
       4
       6
       5
       2
       3
       2
       2
       4
       3
       8
       4
       3
       4
       9
       4
       5
       2
       6
       7
       1
       2
       1
       3
       7
       6
       4
       4
       6
       3
       5
       0
       9
       5
       5
       3
       5
       2
       9
       3
       3
       8
       2
       6
       5
       7
       3
       2
       3
       1
       5
       3
       2
       6
       4
       7
       3
       3
       4
       3
       3
       4
       4
       2
       4
       7
       5
       4
       5
       2
       2
       8
       7
       5
       4
       4
       2
       2
       7
       5
       8
       2
       2
       2
       2
       4
       1
       4
       7
       2
       1
       4
       5
       4
       2
       3
       6
       3
       1
       5
       7
       2
       5
       4
       6
       8
       6
       5
       0
       5
       8
       3
       1
       3
       4
       3
       1
       4
       4
       2
       6
       5
       3
       2
       5
       2
       3
       1
       9
       8
       4
       1
       6
       2
       4
       4
       1
       7
       7
       5
       5
       3
       4
      10
       3
       8
       4
       3
       3
       3
       6
       6
       6
       5
       3
       3
       5
       5
       1
       5
       9
       2
       4
      10
       4
       8
       3
       8
       6
       3
       5
       6
       6
       5
       2
       4
       6
       6
       5
       3
       2
       2
       6
       6
       7
       8
       6
       5
       4
       5
       9
       5
       6
       3
       3
       3
       4
       7
       2
       2
       6
       9
       4
       3
       5
       2
       4
      10
       4
       7
       7
       6
       4
       5
       5
       5
       4
       3
       6
       4
       7
       3
       3
       1
       4
       2
       2
       3
       9
       4
       4
       6
       3
       6
       1
       5
       2
       4
       5
       6
       2
       2
       8
       1
       4
       2
       6
       7
       3
       1
       4
       3
       7
       7
       5
       4
       4
       3
       5
       5
       4
       6
       4
       6
       7
       6
       3
       7
       5
       3
       5
       3
       5
       6
       4
       3
       3
       7
       6
       5
       3
       2
       1
       5
       3
       2
       3
       2
      11
       6
       2
       2
       5
       3
       5
       6
       5
       4
       2
       3
       4
       4
       5
       4
       7
       3
       3
       2
       5
      10
      10
       3
       3
       4
       6
       8
       4
       5
       7
       6
       7
       6
       5
       3
       4
       4
       6
       3
       6
       6
       5
       5
       4
       3
       4
       7
       2
       1
       5
       7
       2
       4
       3
       3
       9
       5
       8
       5
       5
       5
       3
       5
      10
       3
       7
       3
       2
       4
       6
       4
       6
       6
       3
       6
       5
       6
       6
       4
       3
       8
       8
       5
      12
      10
       1
       8
       3
       8
       7
       7
       6
       6
      10
       5
       7
       6
       9
       8
       6
       3
       6
       5
       6
       6
      10
       6
       5
      11
      10
       0
       7
       6
       5
       6
       3
      10
      10
       4
       3
       3
       4
       4
       9
       2
       8
       8
       3
       5
      12
       8
       2
      10
       6
       7
       2
       9
       7
      11
       4
       4
       2
       8
       6
       6
       4
       5
       6
       6
       2
       7
       8
       3
       3
       6
       6
       7
       2
       6
       5
       7
       6
       5
       2
       8
       2
       4
       6
       9
       6
       2
       3
       3
       4
       5
       6
       7
       5
       4
       5
       4
       6
       7
       4
       4
       3
       5
       6
       5
       4
       6
       0
       3
       5
       8
       6
       2
       3
       2
       2
       9
       5
       4
       8
       5
       3
       5
       4
      11
       4
       4
       5
       7
       6
       4
       5
       6
       3
       5
       4
       1
       9
       4
       1
       6
       4
       3
       3
       2
       3
       8
       7
       6
       8
       6
       5
       5
       4
       4
       6
       4
       2
       9
       7
       7
       5
       4
       3
       4
       4
       4
      14
       6
       8
       3
       5
       4
       5
       4
       5
       5
       2
       5
       7
       4
       6
       4
       6
       9
       4
       4
       1
       6
       6
       4
       3
      10
       5
       4
       4
       5
       7
       6
       5
       5
       5
       4
       2
       6
       2
       4
       5
       6
      11
       6
       1
       7
       1
       6
       3
       3
       4
       0
       0
       0
       0
       0
       0
       0
       0
       0
       0
       0
       0
       0
       0
       0
       0
       0
       0
       0
       0
       0
       0
       0
       0
       0
       0
       0
       0
       0
       0
       0
       0
       0
       0
       0
       0
       0
       0
       0
       0
       0
       0
       0
       0
       0
       0
       0
       0
       0
       0
       0
       0
       0
       0
       0
       0
       0
       0
       0
       0
       0
       0
       0
       0
       0
       0
       0
       0
       0
       0
       0
       0
       0
       0
       0
       0
       0
       0
       0
       0
       0
       0
       0
       0
$ROI:
1
712 830
$PRESETS:
Live Time
120
0
$ENER_FIT:
-23.656767 2.297974
$MCA_CAL:
3
-2.365677E+001 2.297974E+000 2.836717E-005 keV
$SHAPE_CAL:
3
0.000000E+000 0.000000E+000 0.000000E+000
