$SPEC_ID:
Sample010
$SPEC_REM:
DET# 1
DETDESC# DESKTOP-I499GD2 Easy-MCA-2k SN 18191655
AP# Maestro Version 7.01
$DATE_MEA:
03/01/2024 11:39:41
$MEAS_TIM:
120 120
$DATA:
0 2047
       0
       0
       0
       0
       0
       1
       0
       1
      95
      52
      50
      67
      57
      72
      80
      85
      79
      64
      65
      62
      72
      61
      63
      74
      69
      77
      79
      70
      89
      97
     126
     108
     120
     146
     147
     114
     128
      92
      97
     112
      96
     112
     127
     139
     156
     140
     186
     167
     177
     200
     221
     240
     260
     248
     278
     259
     267
     235
     240
     273
     289
     319
     400
     478
     548
     493
     441
     376
     297
     266
     220
     209
     206
     180
     189
     215
     210
     190
     215
     205
     178
     185
     185
     215
     204
     206
     205
     194
     209
     207
     231
     233
     214
     198
     178
     179
     195
     174
     164
     178
     165
     176
     161
     139
     157
     159
     158
     155
     140
     167
     147
     139
     144
     161
     142
     148
     150
     135
     149
     126
     120
     127
     116
     122
     126
     126
     127
     101
     136
     114
     133
     118
     108
     104
      97
     126
     103
     107
     105
     101
     103
      90
     103
     113
      96
     104
      99
      91
     113
      89
      73
      92
      72
      75
      87
     108
      80
      91
      73
      87
      66
      88
      70
      87
      80
      88
      81
      70
      78
      81
      74
      58
      77
      61
      69
      76
      60
      72
      59
      63
      56
      70
      57
      65
      76
      65
      68
      58
      55
      54
      59
      50
      55
      54
      61
      63
      59
      62
      58
      55
      56
      52
      64
      57
      60
      61
      44
      61
      73
      71
      61
      62
      63
      70
      71
      72
      64
      75
      74
      83
     106
     101
     101
     110
     115
     128
     128
     107
     147
     133
     117
     148
     116
      96
      97
      99
     105
      96
      92
      94
      65
      59
      60
      73
      48
      36
      56
      50
      32
      36
      42
      33
      48
      28
      47
      33
      42
      26
      35
      28
      39
      37
      38
      51
      32
      37
      29
      30
      38
      44
      41
      37
      42
      31
      44
      30
      43
      36
      36
      50
      40
      47
      45
      28
      40
      38
      27
      36
      29
      29
      33
      36
      31
      35
      31
      29
      39
      34
      33
      22
      31
      23
      42
      26
      37
      25
      29
      35
      34
      24
      27
      26
      36
      29
      29
      38
      29
      30
      28
      40
      25
      34
      31
      24
      20
      33
      26
      29
      30
      36
      30
      28
      24
      47
      22
      24
      30
      37
      29
      27
      32
      31
      26
      34
      34
      32
      24
      27
      23
      28
      22
      27
      24
      29
      36
      28
      29
      24
      39
      29
      34
      38
      22
      32
      28
      28
      37
      29
      26
      31
      28
      26
      31
      26
      27
      22
      22
      24
      34
      39
      29
      30
      17
      29
      22
      26
      31
      24
      21
      27
      29
      34
      19
      21
      20
      20
      23
      24
      26
      27
      27
      23
      26
      26
      17
      26
      22
      25
      20
      30
      18
      17
      24
      23
      26
      22
      23
      15
      15
      29
      19
      22
      31
      30
      24
      19
      14
      19
      20
      25
      28
      18
      24
      24
      30
      19
      24
      18
      23
      26
      24
      20
      24
      24
      25
      20
      28
      28
      22
      19
      17
      23
      19
      21
      16
      16
      23
      18
      16
      19
      21
      18
      15
      25
      28
      17
      24
      27
      33
      23
      29
      30
      31
      24
      23
      25
      31
      28
      25
      20
      31
      27
      24
      38
      31
      28
      35
      21
      32
      32
      26
      28
      30
      37
      17
      25
      23
      29
      23
      20
      23
      25
      18
      23
      24
      15
      19
      21
      19
      24
      17
      17
      19
      22
      22
      22
      27
      22
      26
      21
      22
      21
      16
      14
      16
      21
      18
      19
      29
      24
      22
      18
      19
      18
      26
      25
      17
      21
      18
      19
      26
      23
      17
      15
      25
      18
      12
      18
      15
      18
      18
      20
      16
      28
      20
      22
      25
      19
      18
      24
      20
      23
      23
      14
      14
      22
      14
      24
      18
      29
      23
      16
      21
      16
      19
      14
      16
      17
      22
      17
      21
      17
      16
      20
      14
      10
      14
      20
      14
      20
      20
      16
      24
      18
      19
      10
      23
      17
      23
      13
      22
      17
      14
      18
      17
      15
      15
      15
      24
      22
      13
      23
      28
      26
      26
      20
      23
      29
      22
      17
      31
      30
      22
      33
      21
      25
      26
      23
      26
      25
      26
      24
      33
      30
      21
      30
      25
      34
      21
      20
      20
      17
      25
      20
      25
      25
      20
      23
      26
      31
      23
      22
      23
      23
      20
      19
      25
      22
      11
      11
      20
      18
      16
      21
      15
      18
      20
       9
      12
       7
      11
      12
      13
       9
      11
       6
      15
      13
      10
       8
      11
      12
      10
      10
       9
      15
      19
      13
       7
      14
       8
       6
      11
       9
      12
       7
       6
      15
       7
       8
      14
      14
      10
      11
       4
       6
      12
       9
      10
       9
       9
       8
      11
      16
      10
       7
       8
       9
      12
       8
       5
       8
      14
      12
       8
      10
      13
       9
      10
      12
       9
      15
      10
      17
      11
      14
      19
      18
      20
      15
      23
      23
      26
      33
      27
      52
      35
      29
      40
      54
      45
      37
      55
      38
      57
      59
      65
      64
      63
      58
      52
      69
      65
      64
      64
      65
      55
      57
      59
      65
      59
      50
      50
      50
      42
      44
      49
      35
      33
      40
      43
      34
      27
      24
      22
      29
      21
      23
      21
      12
      16
       7
      13
      16
      12
      13
       9
       9
      12
       9
      14
       5
       5
       5
      11
       6
      10
       6
       5
       6
       4
       2
       5
       3
      11
       1
      12
       4
       5
       7
       2
       7
      11
       3
       5
       8
       5
       6
       3
       6
       7
       8
       4
       6
       6
       6
       8
       8
       5
       4
       8
       8
       6
       5
       6
      10
       3
       3
       7
       5
       4
       4
       4
       4
       3
       8
       4
       7
       4
       4
       9
       3
       7
       7
       2
       7
       5
       2
       5
       8
       3
       3
       7
       2
       3
       3
       5
       6
       3
       8
       4
       8
       6
       6
       4
      11
       4
       8
       1
       4
       5
      12
       8
       5
       2
       9
       5
       3
       5
       6
       4
       6
       8
       2
       3
       5
       5
      10
       3
       6
       5
       5
       9
       6
       4
       6
      10
       6
       5
       3
       6
       4
       4
       7
       9
       6
       7
       5
      10
       3
       7
       1
       3
       1
       4
       4
       7
       5
       5
       7
       2
       4
       4
       2
       7
       2
       4
       7
       4
       5
       5
       4
       5
       4
       8
       7
       4
       6
       5
       7
       4
       5
       6
       7
       7
       5
       4
       6
       5
       2
       4
       9
       5
       6
       6
      10
       9
       7
       5
       4
       5
       5
       3
       4
       4
       4
       5
       3
       7
       6
       7
       8
       7
       5
       6
       4
       6
       4
       2
       4
       6
      10
       7
       6
       4
       5
       5
       5
       4
       5
       1
       7
       6
       3
       5
       8
       6
       3
       4
       8
       5
       7
       4
       9
       4
       6
       7
       4
       8
       4
       4
       3
       5
       5
       2
       3
       5
       3
       9
       4
       2
       5
       7
       1
       4
       5
       7
       4
       5
       2
       5
       3
       2
       4
       5
       4
       3
       4
      13
       6
       3
       3
       3
       3
       4
       4
       4
       5
       6
       5
       5
       4
       8
       4
       6
       4
       5
       4
       4
       6
       3
       8
       4
       4
       4
       4
       3
       5
       5
      10
       4
       8
       4
       8
       4
       4
       3
       7
       6
       5
       8
       4
       5
       5
       7
       4
       4
       3
       2
       5
       4
       5
       7
       4
       2
       2
       4
       2
       6
       3
       7
       7
       7
       5
       1
       5
       3
       2
       6
       5
       2
       5
       2
       4
       3
       6
       6
       1
       2
       4
       4
       5
       5
       5
       3
       3
       7
       6
       4
       4
       2
       3
       3
       3
       4
       4
       6
       1
       4
       7
       6
       6
       6
       3
       3
       2
       8
       4
       6
       2
       2
       7
       3
       4
       2
       3
       4
       4
       5
       7
       4
       4
       4
       3
       4
       4
       3
       4
       4
       6
       4
      11
       2
       4
       6
       5
       4
       7
       4
       6
       6
       3
       7
       7
       7
       2
       6
       8
       2
       7
       7
       3
       4
       1
       4
       8
       4
       6
       9
       5
       5
       4
       7
       5
       4
       5
       3
       5
       6
       3
       5
       5
       6
       8
       3
       3
       5
       4
       3
       6
       4
       6
       6
       2
       8
       1
       4
       4
       4
       1
       2
       4
       2
       4
       3
       2
       7
       3
       3
       2
       4
       5
       4
       4
       5
       6
       5
       3
       1
       0
       2
       2
       7
       2
       3
       5
       2
       8
       5
       2
       2
       2
       4
       5
       6
       3
       3
       2
       3
       5
       5
       3
       4
       3
       3
       3
       5
       2
       1
       2
       4
       4
      10
       3
       4
       6
       5
       9
       4
       1
       8
       3
       1
       5
       5
       9
       4
       2
       3
       4
       4
       3
       4
       2
       3
       6
       2
       9
       5
       6
       3
       6
       3
       6
       2
       4
       6
       3
       4
       3
       2
       4
       3
       1
       3
       3
       3
       4
       4
       4
       2
       7
       3
       5
       4
       2
       7
       5
       1
       2
       9
       8
       0
       1
       2
       2
       4
       3
       2
       2
       5
       3
       1
       4
       4
       3
       1
       2
       3
       2
       7
       6
       3
       3
       6
       5
       0
       7
       3
       2
       5
       2
       4
       6
       6
       2
       1
       0
       2
       4
       5
       3
       6
       1
       5
       7
       2
       1
       5
       6
       4
       5
       5
       1
       6
       4
       3
       5
       7
       5
       2
       3
       0
       3
       1
       3
       5
       1
       3
       5
       6
       3
       2
       2
       4
       4
       1
       7
       1
       9
       3
       4
       8
       4
       2
       1
       6
       5
       4
       2
       2
       4
       2
       1
       3
       3
       3
       3
       6
       5
       4
       1
       9
       1
       4
       5
       5
       2
       2
       2
       4
       2
       0
       3
       3
       2
       2
       8
       5
       6
       8
       4
       1
       2
       2
       7
       4
       3
       3
       4
       3
       5
       4
       8
       5
       5
       7
       6
       2
       3
       3
       5
       1
       4
       5
       3
       4
       3
       5
       2
       3
       2
       5
       4
       3
       4
       6
       6
       2
       3
       3
       2
       2
       6
       5
       5
       5
       4
       6
       1
       6
       3
       2
       6
       3
       5
       2
       3
       4
       6
       6
       1
       4
       2
       2
       6
       7
       1
       5
       9
       7
       3
       4
       6
       3
       4
       2
       4
       3
       6
       5
       7
       6
       4
       4
       1
       6
       5
       7
       4
       4
       2
       6
       4
       2
       4
       7
       6
       1
       4
       3
       2
       4
       1
       6
       7
       5
       3
       5
       6
       1
       3
       5
       3
       4
       4
       2
       3
       5
       2
       4
       6
       4
       4
       5
       2
       6
       6
       4
       3
       3
       4
       6
       4
       3
       5
       3
       4
       3
       3
       4
       6
       3
       8
       5
       1
       4
       5
       5
       1
       4
       2
      11
       3
       2
       4
       3
       6
       6
       6
       6
       4
       3
       5
       3
       3
       3
       5
       6
       1
       6
       6
       6
       4
      10
       8
       5
       3
       6
       2
       7
       3
       3
       3
       6
       3
       7
       3
       5
       5
       8
       6
       5
       3
       4
       8
       4
       2
       4
       3
       5
       6
       4
       7
       5
       2
       7
       9
       5
       5
       2
       6
      10
       5
       0
       4
       2
       3
       4
       4
       5
       3
       3
       5
       5
       6
       4
       9
       6
       6
       4
       0
       5
       9
       3
       2
       4
       2
       4
       3
       4
       4
       7
       8
       5
       3
       3
       3
       3
       7
       7
       1
       6
       4
       5
       2
       6
       1
       4
       6
       2
       4
       4
       8
      12
       3
       5
       1
       6
       6
       8
       4
       7
       2
       5
       4
       2
       3
       7
       4
       3
       4
       4
       6
       5
       3
       3
       7
      10
       6
      10
       4
      10
       5
       7
       3
       7
       9
       5
       4
       5
       5
       9
       4
       4
       7
       6
       6
       2
       9
       3
       2
       8
       5
       5
       6
      12
       3
       6
       5
       1
       2
       5
       5
       5
       8
       4
      10
       6
      10
       2
       4
       3
       5
       2
       5
       5
       4
       5
      10
       6
       5
       3
       2
       2
       3
       5
       3
       5
       4
       6
       5
       3
       3
       4
       3
       5
       8
       5
       3
       6
       6
       3
       4
       1
       2
       3
       6
       3
       3
       4
       5
       3
       5
       2
       5
       5
       7
       0
       3
       7
       6
       4
       3
       1
       1
       1
       4
       4
       5
       4
       5
       5
       6
       2
       7
       6
       4
       5
       5
       6
       2
       7
       2
       8
       6
       5
       6
       5
       3
       9
       4
       3
       7
       3
       8
       7
       3
       0
       9
       3
       4
       3
       2
       3
       6
       3
       3
       5
       4
       5
       4
       6
       2
       4
       5
       5
       5
       1
       2
       4
       2
       6
       3
       6
       4
      10
      10
       4
       2
       2
      10
       6
       4
       5
      10
       1
       5
       2
       3
       2
       3
       6
       2
       2
       4
       4
       6
       3
       8
       3
       3
       4
       6
       3
       7
       2
       2
       5
       4
       2
       5
       7
       2
       0
       0
       0
       0
       0
       0
       0
       0
       0
       0
       0
       0
       0
       0
       0
       0
       0
       0
       0
       0
       0
       0
       0
       0
       0
       0
       0
       0
       0
       0
       0
       0
       0
       0
       0
       0
       0
       0
       0
       0
       0
       0
       0
       0
       0
       0
       0
       0
       0
       0
       0
       0
       0
       0
       0
       0
       0
       0
       0
       0
       0
       0
       0
       0
       0
       0
       0
       0
       0
       0
       0
       0
       0
       0
       0
       0
       0
       0
       0
       0
       0
       0
       0
       0
$ROI:
1
712 830
$PRESETS:
Live Time
120
0
$ENER_FIT:
-23.656767 2.297974
$MCA_CAL:
3
-2.365677E+001 2.297974E+000 2.836717E-005 keV
$SHAPE_CAL:
3
0.000000E+000 0.000000E+000 0.000000E+000
