$SPEC_ID:
Sample003
$SPEC_REM:
DET# 1
DETDESC# DESKTOP-I499GD2 Easy-MCA-2k SN 18191655
AP# Maestro Version 7.01
$DATE_MEA:
03/01/2024 11:25:35
$MEAS_TIM:
120 120
$DATA:
0 2047
       0
       0
       0
       0
       0
       0
       1
       2
     104
      61
      74
      55
      72
      72
      93
      79
      83
      82
      95
      79
      82
      63
      91
      89
      78
      83
      93
     104
     109
     109
     141
     125
     155
     183
     149
     137
     107
     117
     111
     137
     131
     117
     137
     152
     140
     166
     195
     203
     229
     221
     235
     257
     286
     292
     293
     272
     279
     272
     275
     301
     310
     361
     456
     503
     560
     564
     522
     412
     343
     274
     268
     226
     222
     192
     227
     222
     236
     240
     222
     238
     226
     216
     205
     214
     216
     218
     224
     220
     223
     236
     227
     228
     240
     216
     216
     215
     204
     208
     182
     190
     190
     181
     205
     185
     178
     193
     196
     188
     185
     167
     222
     174
     190
     157
     170
     149
     155
     169
     172
     160
     165
     158
     141
     144
     135
     152
     143
     133
     139
     135
     137
     137
     127
     124
     143
     122
     118
     124
     139
     102
     140
     108
     105
     122
     114
      98
     109
     113
     123
     107
     105
     132
     113
     115
     116
      96
      85
      99
     105
      95
      95
      82
     106
     101
      99
      92
      91
      66
      82
      80
      93
     101
     101
     104
      84
      84
      68
      80
      92
      67
      61
      79
      74
      82
      73
      65
      79
      79
      80
      76
      72
      78
      88
      73
      77
      49
      89
      80
      74
      72
      70
      65
      62
      60
      67
      64
      81
      78
      78
      81
      77
      67
      83
      80
      86
      78
      93
      93
      89
      88
     101
      96
     145
     136
     139
     161
     162
     145
     157
     158
     175
     154
     162
     155
     149
     119
     118
     108
     108
      95
      57
      78
      70
      68
      64
      54
      54
      61
      59
      50
      54
      37
      51
      44
      32
      45
      51
      37
      64
      47
      49
      55
      46
      63
      48
      46
      54
      36
      48
      43
      49
      55
      50
      51
      45
      52
      34
      47
      50
      44
      38
      55
      40
      45
      39
      52
      37
      38
      42
      46
      35
      43
      42
      46
      50
      51
      40
      37
      39
      44
      37
      38
      44
      45
      32
      41
      40
      45
      39
      37
      33
      49
      33
      37
      36
      33
      35
      25
      35
      35
      37
      41
      46
      35
      33
      38
      49
      41
      33
      39
      31
      33
      40
      38
      30
      38
      40
      37
      39
      32
      32
      32
      40
      34
      39
      37
      43
      41
      32
      33
      39
      45
      36
      43
      41
      35
      43
      27
      55
      35
      32
      44
      41
      31
      38
      38
      34
      36
      22
      41
      36
      32
      29
      43
      44
      40
      32
      47
      34
      33
      43
      29
      35
      26
      41
      24
      31
      36
      30
      28
      25
      32
      34
      33
      27
      25
      37
      28
      33
      37
      30
      39
      28
      31
      31
      37
      33
      32
      25
      27
      24
      29
      25
      40
      26
      23
      32
      31
      35
      26
      14
      36
      32
      32
      27
      34
      23
      29
      20
      30
      13
      28
      19
      17
      29
      18
      21
      31
      26
      24
      26
      25
      26
      24
      23
      30
      26
      30
      25
      28
      16
      30
      23
      24
      29
      25
      22
      22
      33
      18
      34
      30
      26
      30
      22
      30
      25
      27
      23
      31
      23
      21
      28
      32
      26
      36
      35
      37
      38
      23
      37
      40
      37
      42
      41
      30
      35
      39
      44
      30
      38
      26
      32
      38
      38
      34
      29
      29
      31
      33
      29
      28
      30
      28
      32
      26
      33
      21
      28
      26
      17
      34
      20
      30
      20
      28
      20
      22
      21
      27
      22
      30
      32
      25
      28
      29
      24
      28
      27
      22
      31
      27
      21
      22
      28
      32
      23
      28
      28
      36
      26
      25
      28
      21
      32
      26
      21
      34
      22
      29
      28
      24
      30
      34
      36
      42
      37
      28
      30
      29
      34
      35
      28
      26
      33
      27
      23
      21
      24
      23
      23
      22
      19
      28
      26
      25
      32
      20
      20
      23
      26
      22
      19
      19
      30
      27
      16
      22
      22
      26
      23
      26
      27
      18
      25
      34
      20
      28
      19
      36
      22
      31
      18
      29
      26
      32
      31
      30
      41
      29
      27
      29
      28
      27
      30
      27
      30
      39
      22
      28
      26
      37
      41
      25
      28
      43
      29
      23
      31
      25
      28
      37
      34
      30
      33
      26
      32
      35
      27
      36
      26
      26
      31
      29
      21
      27
      28
      29
      30
      28
      37
      25
      31
      15
      29
      20
      34
      23
      25
      25
      21
      24
      22
      23
      20
      23
      13
      11
      16
      22
      21
      24
      19
      24
       7
      17
      18
      17
      19
      13
      19
      15
      10
      10
      11
      12
      19
      14
      20
      18
       9
      12
      14
      10
      16
      11
      12
       7
       7
      16
      17
       9
      15
       9
      14
      11
       8
      17
      13
       7
      13
       9
      10
      14
      16
       5
       8
       9
      13
      22
      12
      19
       7
       5
       8
      15
      16
      10
      19
      20
      10
      14
      19
      15
      11
      12
      28
      22
      24
      33
      31
      39
      48
      30
      48
      56
      39
      51
      65
      51
      48
      58
      67
      76
      73
      87
      81
      80
      97
      92
      95
      75
      80
      77
      90
      93
      99
      78
      81
      76
      98
      82
      71
      50
      55
      62
      64
      66
      64
      39
      36
      42
      40
      37
      44
      29
      30
      27
      30
      32
      23
      28
      21
      22
      16
      19
       9
      11
       9
      10
      15
       9
      15
      17
      13
       7
      10
       6
      14
       8
       4
       7
      13
       9
       9
       8
      11
       5
       6
       6
       9
       5
       5
       7
       9
       6
       5
       8
       8
       8
       3
       7
      12
       6
       5
       7
       6
       8
       9
       8
       5
       8
       7
       7
       4
       6
       5
      14
       8
       8
       7
       7
       6
       7
       4
       5
       7
       6
       6
       8
       4
       3
       8
       4
       6
       7
      13
       4
       6
       8
       5
      11
      12
       5
       7
       6
      10
       7
       5
       6
       8
       4
       2
      10
       1
       4
       6
       6
       4
       7
       7
       2
       6
      11
       4
       8
       4
       8
       8
       6
       6
       5
      11
       5
       3
       6
       7
       6
       6
       7
      12
       7
       8
       4
      10
       5
      11
       6
      10
       5
       9
       6
       6
       5
       7
       4
       9
       8
       4
       6
       4
       4
       9
       5
       5
      11
       8
       5
       6
      11
       8
       8
       3
       5
       3
      12
       4
       5
       3
       7
       4
       5
       7
       6
       5
       9
       7
       7
      10
      11
       7
       6
       6
       3
       8
       5
       7
       8
       4
       5
       4
       4
      10
       4
       5
       8
       2
       5
       6
      10
       5
      11
       7
       3
       4
       9
       4
       8
       6
      11
      10
       3
       5
       8
      15
       8
       6
       4
       6
       9
       6
       5
       8
       6
       6
       3
       5
       6
       8
       3
       6
       6
       6
       8
      13
       6
      11
       8
       8
       8
       7
       9
       9
       6
       7
       9
       6
      10
       9
       9
       6
       3
       6
       8
       4
       9
       5
       5
       6
       5
       6
       3
       5
       4
       5
       8
       5
       4
       7
       5
       2
      10
       9
       5
       4
       8
       5
       4
       6
       3
       6
       7
       2
       6
       8
       5
       1
       3
       7
       5
       5
       4
       6
       4
       5
       2
       6
       6
       8
       9
       4
       7
       7
       2
       6
       5
       6
       3
       7
       7
       3
       3
       8
       7
       7
      11
       6
       7
      10
       3
       3
       4
       3
       7
      11
       6
       8
       6
       5
       6
       8
      10
       7
       9
       4
       7
       5
       5
       9
       3
       8
       9
       5
       5
       8
       9
       6
       4
       5
       4
       7
       5
       8
       2
       4
       5
       2
       7
       7
       9
       9
       7
       4
       8
       7
       8
       7
       4
       8
       7
       4
       7
       5
       7
       7
       5
       6
       4
       6
       5
       4
       3
       3
       4
       9
       5
       6
       4
       3
       6
      11
       5
       6
       9
       6
       2
       8
       0
       9
      14
       4
       5
       8
       5
       5
       5
       5
       6
       7
      11
       7
       3
      10
       8
       5
       6
       7
       6
       9
      12
       3
       8
       8
       6
      10
       8
       6
       8
       8
      10
      10
       9
       9
       8
       6
       3
       1
       5
       6
       4
       8
       7
       4
       7
       8
       8
       6
       6
       7
       6
      12
       4
       6
       7
       6
       5
       6
       6
       3
       7
       7
       7
       4
       4
       3
       3
       7
       7
       5
       1
       7
       2
       3
      12
       4
       5
       6
       4
       3
       9
       3
       3
       5
       7
       3
       1
       5
       7
       5
       4
       5
       8
       4
      10
       5
       1
       2
       3
       4
       6
       0
       7
       5
      11
       5
       7
       5
       4
       3
       8
       5
       3
       3
       2
       3
       5
       4
       3
       4
       4
      10
      10
       1
       6
       3
       7
       2
       2
       9
       2
       8
       7
       5
       7
       5
       5
       3
       7
      10
       4
       7
       6
       5
       5
       6
       8
       6
       3
       3
       3
       1
       5
       8
       6
       5
       5
       2
       7
       3
       2
       4
       5
       8
       8
       4
       4
       2
       2
       5
       8
       4
       2
       3
       4
       6
       3
       5
       5
       3
       5
       6
       2
      10
       4
       6
       3
       3
       6
       0
       4
       8
       7
       0
       3
       3
       3
       5
       4
       4
       8
       7
       2
       7
       4
       3
       4
       4
       5
       6
       7
       4
       2
       4
       2
      12
       3
       2
       1
       8
       9
       3
       5
       5
       4
       5
       3
       3
       3
       3
       9
       3
       2
       6
       2
       8
       8
       7
       5
       3
       2
       8
       8
       4
       5
       5
       8
       2
       4
       5
       5
       6
       5
       8
       0
       2
       3
       2
       3
       2
       2
       7
       4
       4
       5
       6
       8
       3
       4
       2
       6
       2
       5
       6
       5
       1
       7
       2
       4
       8
       4
       1
       9
       3
       5
       4
       7
       5
      11
       4
       2
       4
       6
       6
       9
       7
       9
       1
       8
       7
       5
       4
       5
       3
       4
       4
       5
       1
       7
       4
       7
       6
       3
       6
       5
      10
       5
       3
       4
       5
       7
       7
       3
       8
       1
       3
       5
       5
       8
       7
       6
       9
       4
       9
       5
       9
       3
       5
       9
       4
       2
       6
       6
       5
       9
       9
       8
       2
       2
       4
       7
       2
      10
       9
       5
       5
       7
       5
       5
       4
       2
       7
       2
       5
       4
       7
       3
       8
      10
       5
       5
       3
       7
       1
       5
       4
       6
      13
       9
       5
       5
       6
       4
       6
       5
       5
       4
       5
       5
       7
       6
       4
       6
      11
      11
       8
       7
       6
       7
      10
       4
       0
       6
       6
       7
      10
       2
       4
       4
       7
       8
       8
       3
       7
       4
       4
       3
       8
       3
       6
       3
       6
       4
       5
       7
       7
       7
       8
       7
       3
       6
       7
      10
       4
       4
       2
       9
       7
       6
       4
       7
      10
       7
       4
       8
       2
       3
      10
      10
       5
       5
       5
       6
      11
       6
       3
       7
       3
       0
       6
       5
       3
      11
       7
       3
       3
       8
       8
       8
       5
       7
       4
       5
       3
       4
       5
       6
       4
       5
       4
      11
       6
       4
      12
       5
       5
       6
       9
       7
       3
       6
       6
       6
       1
       7
       7
      10
       8
       7
       7
       7
       7
       5
       4
       6
       6
       4
       6
       3
       4
       6
       9
       5
       7
       7
       5
       8
       3
       9
       4
       9
       5
       5
       3
       8
       6
       9
       6
       3
       5
       9
       4
       8
       6
       7
       6
       7
       7
       7
       7
       5
       7
       3
      10
       8
       5
       3
       1
       6
       1
       8
       9
       5
       8
       7
       2
       6
       4
       8
      10
       6
       3
       6
       7
       6
       5
       7
       9
       3
       3
      13
       4
       5
       3
       7
       8
       9
       3
       6
       3
      11
       3
       5
       8
       5
       5
       8
       6
       5
      13
       5
       3
       3
       7
       6
       6
       9
       2
       2
       9
       5
       6
       7
       4
       8
       6
      13
      12
       3
      12
       6
       6
      13
       9
      10
       6
      11
       8
       6
       6
       7
       8
       6
       7
       4
       5
       3
       4
       5
       7
       6
       3
       8
      10
       7
       7
       5
       8
       9
       6
       5
       6
       4
       6
       2
       4
       3
       8
       5
       2
       9
       8
       3
       4
       4
       7
       6
       4
       6
      11
       9
       4
       5
       7
      11
       7
       9
       7
       8
       4
       7
       1
       7
       5
       3
       2
       4
       5
       4
       4
       6
       4
       2
       6
       6
       7
       9
       7
       4
       2
       5
       4
       9
       6
       9
       5
       6
       4
       3
      13
       6
       5
      10
       5
       8
       3
       3
       4
       2
       9
       8
      11
       3
       5
       7
       7
      11
       7
       5
       4
       6
       7
      10
       5
       3
       4
       8
       7
       9
       4
       5
       5
       9
       5
       2
       3
       4
       6
       3
       7
       9
       4
       5
       5
       4
       7
       2
       4
       5
       7
       7
       6
       2
      11
       3
       3
       7
       1
      11
       5
       7
       7
       5
       7
      12
       3
      15
       7
       4
       2
       6
       6
       5
       5
       5
      11
       4
       6
       8
       8
       9
       5
       4
       5
       4
       0
       0
       0
       0
       0
       0
       0
       0
       0
       0
       0
       0
       0
       0
       0
       0
       0
       0
       0
       0
       0
       0
       0
       0
       0
       0
       0
       0
       0
       0
       0
       0
       0
       0
       0
       0
       0
       0
       0
       0
       0
       0
       0
       0
       0
       0
       0
       0
       0
       0
       0
       0
       0
       0
       0
       0
       0
       0
       0
       0
       0
       0
       0
       0
       0
       0
       0
       0
       0
       0
       0
       0
       0
       0
       0
       0
       0
       0
       0
       0
       0
       0
       0
       0
$ROI:
1
712 830
$PRESETS:
Live Time
120
0
$ENER_FIT:
-23.656767 2.297974
$MCA_CAL:
3
-2.365677E+001 2.297974E+000 2.836717E-005 keV
$SHAPE_CAL:
3
0.000000E+000 0.000000E+000 0.000000E+000
