$SPEC_ID:
Sample002
$SPEC_REM:
DET# 1
DETDESC# DESKTOP-I499GD2 Easy-MCA-2k SN 18191655
AP# Maestro Version 7.01
$DATE_MEA:
03/01/2024 12:02:47
$MEAS_TIM:
120 120
$DATA:
0 2047
       0
       0
       0
       0
       0
       0
       1
       4
     161
      81
      92
      83
      87
      92
      73
     105
      96
      88
      94
      91
     105
     111
      77
      91
     101
     100
     105
     132
     129
     156
     169
     134
     158
     170
     176
     134
     122
     117
     138
     134
     145
     164
     181
     168
     187
     194
     194
     208
     224
     241
     241
     249
     309
     310
     309
     296
     294
     287
     316
     339
     365
     386
     460
     515
     578
     528
     490
     436
     391
     305
     267
     266
     255
     248
     269
     278
     263
     227
     249
     253
     248
     275
     242
     231
     266
     225
     250
     277
     261
     221
     256
     265
     259
     272
     247
     237
     242
     245
     225
     241
     243
     248
     215
     218
     215
     252
     226
     238
     248
     223
     218
     212
     216
     198
     209
     202
     173
     223
     202
     185
     192
     199
     172
     185
     146
     175
     156
     186
     159
     157
     171
     181
     158
     167
     150
     164
     151
     158
     147
     152
     184
     166
     154
     172
     146
     138
     138
     122
     132
     114
     133
     132
     118
     128
     132
     139
     116
     131
     102
     138
     127
     113
     121
      96
     120
     115
     122
     107
     124
      95
      91
      92
     111
     109
     100
     109
     111
     102
      95
     110
      93
      95
     102
      96
      92
     104
     105
      85
      83
     103
      97
      78
      83
      91
     106
      87
     102
      94
      91
      92
      93
      91
      78
     107
      82
      88
      94
     103
      91
     110
     106
      96
     102
      98
     103
     115
      96
     138
     135
     140
     132
     137
     152
     195
     188
     197
     179
     179
     213
     200
     211
     219
     207
     198
     199
     155
     163
     151
     126
     128
     104
      96
     111
      81
      73
      68
      87
      72
      57
      68
      62
      51
      58
      50
      67
      72
      51
      75
      56
      59
      63
      60
      57
      54
      73
      55
      57
      53
      64
      63
      55
      68
      53
      69
      61
      68
      60
      58
      63
      38
      55
      56
      47
      47
      64
      48
      43
      54
      42
      52
      45
      56
      49
      49
      47
      49
      53
      42
      47
      62
      50
      52
      47
      51
      38
      45
      61
      42
      50
      52
      46
      46
      51
      45
      49
      51
      42
      45
      41
      57
      42
      44
      59
      74
      48
      52
      58
      64
      53
      48
      57
      38
      55
      41
      58
      38
      59
      39
      47
      42
      53
      44
      62
      53
      41
      33
      50
      45
      46
      49
      48
      68
      43
      28
      49
      30
      41
      48
      47
      49
      53
      60
      48
      55
      43
      32
      49
      51
      42
      48
      45
      49
      47
      50
      38
      46
      46
      51
      36
      38
      42
      37
      37
      43
      42
      50
      30
      44
      45
      36
      68
      33
      29
      39
      40
      39
      42
      48
      43
      35
      33
      40
      33
      45
      48
      34
      36
      44
      33
      33
      42
      39
      41
      45
      43
      47
      34
      26
      38
      37
      45
      34
      36
      31
      33
      38
      38
      33
      26
      33
      37
      53
      44
      30
      35
      42
      36
      35
      34
      39
      31
      42
      18
      38
      27
      32
      48
      35
      35
      40
      37
      29
      38
      37
      37
      41
      22
      54
      35
      43
      41
      38
      47
      28
      38
      37
      43
      33
      40
      42
      49
      51
      41
      38
      35
      31
      38
      41
      41
      45
      47
      39
      44
      48
      46
      47
      46
      55
      41
      37
      43
      50
      45
      53
      44
      38
      38
      37
      44
      43
      39
      33
      34
      32
      36
      26
      39
      43
      31
      42
      40
      26
      38
      30
      34
      33
      36
      36
      39
      34
      23
      29
      35
      39
      35
      28
      31
      30
      36
      34
      32
      31
      25
      36
      42
      28
      46
      27
      35
      36
      35
      50
      33
      42
      34
      39
      40
      39
      40
      35
      38
      39
      37
      29
      35
      38
      49
      41
      36
      35
      47
      39
      38
      36
      40
      36
      26
      33
      41
      33
      31
      49
      39
      33
      35
      42
      32
      26
      38
      50
      44
      49
      41
      35
      43
      26
      32
      40
      29
      38
      41
      34
      30
      43
      30
      35
      28
      28
      36
      26
      41
      32
      36
      38
      33
      38
      39
      40
      36
      45
      50
      36
      35
      37
      43
      40
      18
      35
      33
      33
      35
      39
      51
      42
      42
      37
      39
      46
      45
      46
      56
      52
      25
      44
      50
      36
      33
      55
      54
      46
      36
      42
      47
      49
      40
      50
      40
      35
      47
      31
      38
      52
      54
      35
      40
      43
      25
      36
      34
      38
      30
      36
      32
      29
      34
      25
      26
      19
      22
      21
      27
      22
      28
      24
      23
      21
      21
      25
      25
      18
      22
      19
      18
      16
      16
      15
      16
      15
      11
      13
      12
      17
      17
      13
      20
      19
      15
      20
      18
      18
      22
      24
      13
      12
      13
      12
      17
      13
      18
      12
      15
       4
      20
      12
      10
       6
      23
      14
      11
      19
      15
       6
      15
      16
      15
      13
      16
      22
      26
      22
      19
      18
      30
      32
      28
      27
      32
      38
      34
      39
      41
      38
      65
      60
      58
      65
      63
      65
      79
      68
      88
     103
      90
     110
     111
     103
     117
     114
     143
     152
     130
     138
     132
     122
     132
     147
     119
     124
     109
     106
     107
     120
      90
      95
      77
      94
     100
      76
      71
      77
      78
      51
      63
      58
      65
      58
      40
      37
      38
      30
      21
      35
      23
      25
      19
      22
      13
      12
      16
      17
      19
      16
      16
      13
      12
       8
      15
      14
       6
       9
      14
       4
      10
      13
       5
       7
      14
       8
       7
      10
      11
      12
      11
       9
      11
       8
      16
       8
      17
       7
      11
      13
       8
      11
       7
      15
      10
      14
       8
       9
      15
      11
      13
       7
      10
       6
       9
       8
       5
       4
       7
      13
       7
       6
      15
      10
      12
       7
      13
      15
       7
      15
      11
      14
      11
       9
       7
      10
      11
      15
       7
       9
       8
       8
      10
      13
       3
       9
       8
       6
      15
      10
       6
      16
      13
       8
       9
       4
      10
      13
      12
      17
       6
      12
       8
      14
      12
      15
      10
       8
       6
       9
       8
       9
      16
       7
      11
       6
       5
       3
      10
       5
      12
       6
      11
       9
       6
       4
      12
       8
       8
       7
       9
       7
       7
      11
       6
       9
      11
      11
      11
      11
       5
       9
       6
       2
       4
       4
      16
       6
      11
       6
      17
       7
      14
       8
      10
       5
       7
      12
       8
       9
       7
      11
      10
       3
       6
       8
       6
      12
      11
      11
      11
      14
       6
       8
      12
      12
       7
      10
       6
      13
      13
       8
       8
       9
       6
      10
      15
       7
      19
       3
      12
      12
      13
      14
      11
      11
      10
       8
      13
      17
       6
      13
       6
       7
       9
      12
       7
      14
      10
      11
       6
       7
      10
      10
      10
      11
      11
       3
       5
       7
       9
       6
       6
       9
       7
      12
       9
      10
       5
      13
       8
      10
       6
       9
      12
       3
       5
       6
       6
       5
       7
       6
      17
       5
       8
      12
       6
      11
       6
      11
       9
      13
       3
       9
       9
       6
       7
      10
       7
      10
       6
       5
      11
      15
       7
       8
       4
       4
       3
      11
       8
       9
       7
       5
       9
       4
       8
       7
      12
       5
       4
       4
      10
      10
       9
       6
      11
       6
       6
       5
       6
      16
       7
       9
      12
       8
       7
       8
       4
       7
       6
      11
      10
       4
       4
      12
       6
       7
       8
       7
       6
       8
       8
      10
       8
       9
       5
       8
       9
       5
       8
      11
      13
       9
      11
       9
       6
      12
       8
       5
       5
       9
      13
      10
       4
       8
      10
       5
       7
       5
       8
      10
       9
       7
       7
       8
       5
       6
       8
      11
      10
       5
      13
      10
       2
       7
       5
       2
       9
      12
      11
       8
      16
       4
       7
       2
       6
       5
       7
       6
       8
       8
       7
       6
       4
       3
       7
      10
       9
      10
       4
      10
      10
       5
       6
       5
       8
      11
      11
       9
      10
       7
       8
      12
       4
      11
       5
      10
       6
       8
       6
      12
       4
       8
       4
      11
       6
      15
      11
      16
      10
      15
       8
      12
       6
      10
      10
       6
      12
       5
       7
       5
       9
       9
      11
       9
      11
      10
      12
       6
       8
       6
      14
       7
       7
       9
       8
       8
       8
       9
       7
       6
       6
       6
       8
       5
       3
       4
       3
       6
       4
       8
      10
       8
       5
       7
       1
       2
       5
       6
       5
       4
       9
       5
       6
       4
       8
       9
       3
       8
       7
      16
       6
       8
       6
       7
       8
       9
       4
       6
       6
       6
       5
      12
       8
       8
       6
       8
      11
      13
       9
       7
       8
       5
       5
       6
      12
       7
       8
       5
      10
       4
       8
       8
       7
       6
       8
       5
       4
       5
       4
      10
       8
       6
      10
       8
       9
       8
      10
       6
       3
       6
       2
       7
      10
       7
       6
       1
       5
       6
      13
       2
       6
       6
       5
       6
       4
       8
       8
       9
       6
       8
       5
       8
      12
       2
       7
       7
       9
       4
       8
       9
       6
       7
       9
       9
       4
       8
       7
       3
       6
       6
       8
       9
       7
       5
       4
       5
       7
       2
       7
      10
       6
      10
       4
       5
       7
       6
       8
      10
       9
      10
       7
       6
       7
       6
       5
      10
       8
       8
       7
       6
       5
       8
       5
       5
       5
       7
      11
       5
      10
      15
       6
       5
       9
       6
       4
       4
       6
       2
       6
       2
       4
       4
       3
       9
      12
       4
       4
       4
       8
      12
       3
       5
       3
       5
       8
       4
       5
       4
       6
       3
       6
       8
       5
       9
       8
       7
      10
       3
       7
      10
       6
       5
       9
      12
       5
       6
       4
       8
       9
       8
       6
       4
       7
       8
       5
      14
       4
       7
       6
       7
       8
       6
       7
       9
       6
       4
       7
       4
       5
       8
      10
       6
       6
       8
      10
       8
      10
      13
       5
       5
       2
       4
       4
       5
       5
      11
       5
      11
      10
       8
       6
       4
      10
       5
      12
       9
       6
       3
       4
       8
       6
       7
       6
      11
       1
       7
       5
       6
       6
       6
       4
      11
       8
       4
       7
      10
       6
       5
       2
       8
       7
       5
       6
       8
       6
      11
       7
       5
      10
      11
       6
       4
       6
       5
       5
      10
       7
       2
      10
      10
       6
       9
       3
       6
       9
       3
       6
       5
      10
       7
       8
       5
       5
       7
       7
       6
       6
       6
       7
      10
      10
      11
       5
      11
      13
       8
       8
       5
       4
      12
      12
       6
       6
       6
       7
      10
       9
       7
       6
      10
       9
      11
       4
       9
       8
       8
      13
       4
       2
      12
       8
       8
       7
       5
       9
       8
      10
       9
       9
       3
       8
       6
      10
       6
       6
       8
      10
       7
      11
      12
       3
       9
       8
       9
       5
       7
       2
       8
      13
       8
       8
      11
       6
       8
       7
       6
       6
       5
       4
      11
       6
      10
       5
      11
       8
      10
       8
       6
       5
       5
       8
       6
      10
       7
       7
       8
       8
      10
       7
       7
       8
      14
      10
       5
      10
      10
       5
       7
      12
       5
      11
       6
       7
       7
      11
       7
      13
       2
       7
       6
      12
       7
       9
       9
       8
      13
      13
       8
      10
       6
       7
       4
       5
       8
       9
       8
       7
       8
       9
       9
      13
       6
       9
      10
       5
       8
      10
      11
       8
       7
       6
      11
      11
       7
       5
      11
      10
      15
       9
       5
       8
       9
       9
      12
       9
       8
      13
       5
       6
       9
       6
       8
       6
       6
       5
       8
       7
       5
       5
      11
       7
      12
      15
       8
       4
      13
      10
       5
       8
       8
       9
      11
       6
      12
       6
      11
      11
      10
       8
       9
       8
       9
       9
       5
      13
       8
       5
      14
       7
       6
       5
       5
       4
       7
       4
       3
      14
       6
       9
       8
      13
       8
      13
      12
      10
       6
      12
      12
      11
       5
       7
       8
       8
       4
       5
      11
       7
       8
      13
      10
       7
      12
      15
       6
      12
       7
       8
      14
       6
      10
       8
      11
       9
      10
      11
       9
       8
      10
       5
      17
       7
       4
      10
      10
       4
       7
       8
      10
       9
       9
       4
       6
      12
       8
       6
       9
       9
      13
       6
       8
       6
      10
       2
       4
       6
       8
      13
       5
       6
      10
       5
      12
       8
       6
       6
       4
       7
       7
       6
       6
      11
       7
       7
       2
       4
       6
       2
       9
      13
       4
      10
       4
       5
       6
       5
       4
       6
       6
      11
       9
       5
       6
       6
       8
      16
       9
       7
       5
       6
       8
      10
      10
       5
       9
       7
       5
      12
       4
       5
       5
       9
      10
       9
       8
      10
       8
       5
       8
       7
       9
       5
       4
      11
       2
       4
       7
       7
      11
       5
       7
       8
       7
       9
       9
      10
       7
       6
       6
       2
       8
       9
       6
      12
       7
      12
       7
       7
      12
       7
       8
       6
       6
       7
       3
       3
       4
      11
      10
      10
       4
      10
       7
       7
      11
      15
       4
       8
       9
       8
      12
       8
       5
       8
       6
      11
       5
      10
       6
       7
       6
       9
       6
       5
      10
       2
       8
       8
       5
       2
       5
       0
       0
       0
       0
       0
       0
       0
       0
       0
       0
       0
       0
       0
       0
       0
       0
       0
       0
       0
       0
       0
       0
       0
       0
       0
       0
       0
       0
       0
       0
       0
       0
       0
       0
       0
       0
       0
       0
       0
       0
       0
       0
       0
       0
       0
       0
       0
       0
       0
       0
       0
       0
       0
       0
       0
       0
       0
       0
       0
       0
       0
       0
       0
       0
       0
       0
       0
       0
       0
       0
       0
       0
       0
       0
       0
       0
       0
       0
       0
       0
       0
       0
       0
       0
$ROI:
2
204 249
712 830
$PRESETS:
Live Time
120
0
$ENER_FIT:
-23.656767 2.297974
$MCA_CAL:
3
-2.365677E+001 2.297974E+000 2.836717E-005 keV
$SHAPE_CAL:
3
0.000000E+000 0.000000E+000 0.000000E+000
