$SPEC_ID:
Sample001
$SPEC_REM:
DET# 1
DETDESC# DESKTOP-I499GD2 Easy-MCA-2k SN 18191655
AP# Maestro Version 7.01
$DATE_MEA:
03/01/2024 11:21:33
$MEAS_TIM:
120 120
$DATA:
0 2047
       0
       0
       1
       0
       0
       0
       2
       4
     100
      64
      60
      67
      85
      60
      68
      94
      88
      79
      89
      88
      96
      80
      76
      83
      96
      85
     102
     113
     106
     142
     146
     115
     154
     159
     134
     116
     130
     112
     119
     127
     111
     155
     135
     182
     176
     183
     195
     217
     191
     234
     254
     271
     299
     269
     338
     239
     286
     272
     290
     320
     333
     367
     434
     490
     566
     618
     538
     411
     329
     318
     280
     237
     242
     234
     209
     221
     257
     216
     243
     237
     217
     233
     214
     251
     232
     222
     223
     250
     224
     227
     247
     243
     240
     219
     235
     227
     229
     223
     217
     197
     185
     213
     189
     198
     203
     199
     185
     212
     185
     196
     174
     195
     182
     163
     173
     159
     178
     155
     160
     151
     146
     185
     166
     146
     145
     135
     159
     150
     139
     145
     132
     144
     118
     129
     122
     149
     118
     135
     135
     136
     132
     121
     117
     108
     130
     118
     122
     105
     110
     119
     132
     122
     125
     122
     118
     108
      84
     100
     118
     102
     113
      93
     106
      97
     111
     112
     104
      76
     101
      93
      93
      78
      99
      89
      78
      83
      78
      91
      87
      78
      92
      77
      71
      85
      75
      77
      74
      95
      67
      66
      75
      55
      91
      97
      77
      79
      75
      66
      73
      50
      80
      72
      82
      71
      68
      84
      67
      68
      70
      87
      77
      81
      77
     108
      76
     102
      83
     105
     119
     105
     127
     138
     136
     126
     159
     169
     157
     186
     180
     159
     164
     187
     178
     140
     141
     119
     130
     145
     114
      91
      74
      93
      80
      57
      72
      68
      64
      69
      56
      36
      50
      52
      57
      44
      53
      46
      59
      50
      52
      55
      65
      58
      53
      47
      47
      53
      49
      51
      57
      45
      48
      42
      54
      50
      43
      42
      56
      42
      49
      41
      48
      42
      35
      50
      60
      39
      41
      52
      33
      41
      47
      36
      50
      39
      33
      47
      46
      34
      43
      37
      33
      29
      35
      41
      46
      38
      39
      38
      41
      31
      50
      49
      38
      43
      42
      37
      40
      34
      36
      40
      40
      43
      49
      40
      42
      41
      34
      44
      39
      37
      46
      37
      29
      33
      46
      35
      43
      43
      43
      34
      39
      38
      41
      34
      41
      38
      33
      40
      44
      47
      37
      34
      33
      40
      42
      38
      36
      33
      45
      41
      34
      45
      45
      47
      33
      40
      35
      54
      37
      50
      43
      50
      35
      44
      38
      31
      30
      33
      37
      32
      29
      33
      25
      33
      31
      33
      25
      29
      27
      40
      39
      32
      27
      33
      30
      34
      40
      25
      33
      29
      36
      30
      34
      32
      24
      29
      34
      28
      30
      38
      33
      38
      33
      35
      34
      40
      29
      31
      38
      26
      29
      26
      30
      45
      20
      23
      39
      19
      22
      32
      26
      26
      28
      21
      26
      34
      24
      28
      17
      14
      24
      24
      35
      33
      34
      26
      29
      18
      30
      22
      27
      32
      30
      26
      27
      32
      31
      18
      28
      22
      25
      32
      26
      36
      26
      32
      27
      37
      27
      35
      29
      35
      29
      34
      30
      41
      35
      34
      38
      31
      36
      27
      44
      32
      40
      32
      30
      36
      44
      45
      38
      39
      39
      47
      40
      19
      39
      35
      32
      22
      38
      26
      32
      27
      29
      28
      25
      25
      33
      24
      28
      25
      23
      27
      28
      32
      24
      27
      26
      25
      30
      34
      34
      28
      29
      41
      22
      28
      32
      23
      33
      39
      34
      19
      26
      27
      27
      32
      28
      30
      28
      24
      32
      29
      16
      30
      31
      28
      32
      30
      27
      34
      42
      36
      28
      29
      30
      25
      34
      35
      31
      27
      35
      36
      37
      29
      36
      21
      30
      32
      34
      36
      20
      26
      31
      22
      24
      29
      24
      24
      34
      23
      30
      33
      31
      25
      28
      28
      26
      32
      27
      18
      24
      18
      29
      24
      26
      23
      29
      24
      30
      27
      33
      31
      32
      29
      23
      38
      30
      28
      29
      44
      26
      36
      33
      35
      40
      43
      37
      28
      45
      33
      37
      29
      41
      38
      30
      31
      28
      19
      39
      40
      27
      32
      38
      28
      29
      42
      45
      39
      30
      31
      33
      30
      31
      30
      36
      31
      35
      28
      36
      35
      27
      21
      32
      28
      32
      21
      24
      23
      31
      21
      17
      20
      21
      24
      20
      22
      14
      27
      25
      21
      13
      18
      20
      14
      21
      15
      13
      11
      19
      15
      16
      18
      16
      19
      13
      21
       8
      12
      11
      11
      15
      16
       8
      17
      14
      12
      16
      10
      10
      14
      15
      14
      17
      16
      14
      12
      18
       7
      16
      12
      13
      12
       6
       8
      13
      15
      14
      14
      15
       7
      11
       6
      11
      15
      14
      14
      17
      16
      16
      11
      21
      13
      13
      16
      26
      28
      36
      38
      32
      27
      44
      47
      44
      40
      51
      52
      44
      60
      60
      73
      82
      72
      78
      76
      94
      85
      73
      98
     100
      88
      90
      89
      88
      95
      79
     102
      80
      91
      93
      91
      78
      75
      72
      55
      55
      60
      50
      54
      48
      55
      51
      38
      41
      40
      33
      26
      38
      27
      27
      28
      27
      23
      17
      19
      13
      17
      12
      14
      10
      10
      17
      10
       8
      13
      10
       8
      11
      11
       9
       8
       6
      12
      14
       7
       8
       8
       8
      11
       9
       4
       6
       6
       5
       8
       7
       7
      11
       4
      11
       9
      10
       7
      12
       8
       9
       8
       2
       6
       9
       6
       9
       8
       7
       8
       8
       7
      10
       6
       9
       6
       4
       5
       8
       9
       5
      11
       8
      14
       6
       7
       8
       5
       5
       7
       9
       8
      10
      10
       7
       6
       9
      18
      11
       8
       8
      10
       5
       8
       4
      11
       5
       7
       6
       7
      11
      11
       6
       6
       7
       7
       8
      11
       5
       4
      10
      13
       6
       6
       8
      11
       6
       7
      10
       9
       7
      10
       7
      10
       4
       5
       9
       6
       8
      10
       7
       4
       4
       6
       6
       9
      10
      13
       9
       4
       9
       5
       8
      11
       8
       6
       4
      10
       9
       6
       6
       6
      11
      10
       9
       7
      10
      10
       3
       6
       5
       9
       7
       4
       9
       3
       6
       8
       2
       7
       9
      11
      10
      12
       9
       8
       2
       9
      15
      11
       9
       6
      10
       7
      12
       6
       9
      10
       6
       8
       9
       3
       6
      10
       9
      16
       4
       5
       9
       8
      12
       3
       5
       9
       8
       6
      10
       8
       9
       7
       8
       5
      11
      18
       7
      10
       7
      12
       6
       9
       7
       3
       5
       9
       4
       7
       5
       9
       7
      11
       6
       7
      15
       6
      10
       3
       6
       5
       7
       6
       6
       4
       8
      12
       6
      10
       8
      11
       6
       8
       9
       4
       9
       3
       8
       5
       6
       8
       7
      11
       6
       8
      10
       4
       4
       7
       8
       8
       5
       9
       7
       5
      11
       9
       6
       5
       6
      12
       6
      10
       6
      10
       8
       6
      14
       9
       7
       4
       6
       6
       7
       7
       8
       9
       6
       5
      11
       8
       3
      10
       7
       4
       7
      11
       8
       3
       5
       2
       1
      11
      15
       6
      10
       6
       2
       9
       9
       7
       7
       5
       7
       6
       5
       7
       8
       5
       7
       3
       5
       0
       5
       2
       8
       9
       5
       6
       7
       6
       6
       4
       6
      10
       6
       7
       6
       7
       7
       4
       7
       2
       4
       4
       8
       4
       2
       7
       3
       2
       6
       6
       8
       4
       9
       5
       8
       3
       4
       7
       5
      10
       4
       5
       4
       8
       6
       4
       5
       6
       9
       6
       3
       4
       9
       6
       4
       3
       6
       9
       4
       4
      13
       5
      10
       7
       5
       3
       4
       3
       2
       6
       5
       4
      12
       6
      11
       3
      10
       8
      10
       6
       8
       4
      10
       6
       8
       4
       5
       4
       4
       8
      10
       6
       8
       6
      14
       7
       7
      11
       7
      12
      16
       7
       6
       6
       6
       5
       8
       4
       8
       6
      10
       4
       5
       2
       6
       6
       6
       7
       4
       6
       5
      10
       7
      10
       8
       9
       5
       5
       6
       3
       9
       2
       3
       6
       6
       5
       9
       6
       4
       3
       5
       2
       6
       4
       6
       7
       6
       8
       6
       6
       7
       4
       5
       5
      10
       7
       9
       2
       2
       3
       9
       6
       7
       8
       4
       4
       7
       8
       4
       7
       2
       3
       4
       5
       3
       8
       7
       5
       4
       6
       8
       5
       3
       5
       7
       5
       8
       7
       6
       7
       2
       3
       7
       4
       4
       3
       7
       4
       8
       6
       4
       6
       3
       5
       6
       9
       6
       4
       8
       7
       4
       4
       3
       5
       5
       5
       1
       4
       4
       8
       7
       5
       2
      10
       5
       5
       6
       6
       6
       7
       6
       7
       6
       4
       3
       6
      10
       5
       4
       8
       6
       9
       4
       8
       3
       4
       5
       5
       4
       3
       6
       5
       6
       4
       5
       2
       5
       4
       4
       4
       4
       7
       8
      11
       2
       7
       1
       4
       6
       7
       4
       2
       7
       0
       3
       7
       5
       7
       6
       2
       4
       3
       5
       3
       5
       5
       4
       4
      11
       3
       2
       4
       5
       5
       7
       1
       9
       7
       5
       4
      10
       6
       6
       5
       4
       5
       6
       5
       2
       3
       4
       5
       6
       2
       3
       3
       3
       7
       4
      10
       4
       7
       6
       4
      11
       8
       5
       8
       5
      11
       5
       8
       5
       9
       4
       4
       5
       3
       8
       5
       5
       5
      12
       4
       8
       6
       7
       5
       4
       1
       2
       6
       2
       8
       6
       5
      10
       7
      10
       4
       2
       7
       7
       6
       2
       7
       2
       2
       3
       6
       9
       7
       9
       4
       5
       5
       7
       5
       7
       4
      10
       5
       4
       3
       7
       7
       8
       3
       5
       9
       6
       6
       8
       6
       6
       6
       5
       3
       5
       5
       5
       2
       2
       5
       7
       7
       4
       6
       4
       5
       7
       7
      11
       7
       4
       4
       7
       7
       7
       9
       7
       5
       6
       6
      11
       3
       5
       5
       7
       5
       2
       8
       7
       6
       2
       9
       7
       5
       5
       7
       4
       6
       5
       3
       8
       7
       4
       7
       3
      12
       3
       9
       7
       2
       6
       9
       8
       4
       7
       9
       8
       4
       9
       5
       3
       3
       4
       8
       8
       5
       5
       5
       5
       3
       5
       3
       5
       7
       8
       5
       3
       5
       4
       9
       4
       5
       3
       6
       6
       3
       3
       7
       5
       6
       7
      13
       6
       7
       8
       4
      10
       8
       7
      10
       1
       9
       4
       4
       3
       2
       4
       5
       7
       2
       8
       8
       3
       4
       7
       6
       6
       5
       7
       8
       7
       5
       7
      10
       6
       6
       5
       8
       8
       3
       4
       5
       6
       5
      10
       9
       8
       8
       4
       6
       6
       4
      11
       8
       6
      11
       4
       4
       7
       5
       6
       5
       5
       7
       7
       3
       9
       3
      13
       5
       5
       5
       3
       5
       5
       5
       9
       7
       9
       4
       8
      11
       8
       5
       8
      10
       5
       8
       5
       8
       5
       6
       7
       5
       4
       6
       5
       7
       8
       3
       7
       3
       6
       4
       5
       7
       4
       3
       8
       9
       2
       8
       6
       5
       5
       4
       5
       7
       4
       0
       4
       6
       5
       4
       2
       6
      10
       2
       5
      10
       6
       7
       5
       6
       6
       6
      11
       8
       5
       3
      10
       7
       9
       6
       1
       4
       5
       4
       9
       4
       5
       4
       5
       5
       7
      10
       9
       5
       5
       5
      13
       7
       9
       8
       6
       7
       6
       5
       6
       6
      12
       7
       6
       2
       9
       9
       7
       6
       9
       8
       8
       6
       9
       8
       4
       3
       1
      13
       6
       9
       5
       7
       6
      11
       6
      10
      11
      10
       3
       7
       3
      10
       7
       4
       6
       5
       7
       3
       4
       4
      13
       6
       6
       6
       7
       8
       7
       4
       7
       6
       5
       8
       5
       3
       5
       8
       8
      10
       3
       3
       7
       5
       6
       7
       9
       7
       3
       5
       3
      13
       4
       9
       6
      11
       5
       7
       7
       3
       9
       9
       9
       4
       2
       4
       5
       3
       9
       9
       9
       5
       7
      13
       8
       5
       3
       5
       5
       3
       4
       6
       4
       7
       8
       5
       7
       6
       6
       6
       4
       4
       5
       3
       8
       8
       5
       6
       6
       8
       4
       6
       5
      13
       7
      11
       5
       6
      11
       6
       7
       7
       8
      10
       7
       4
       9
       5
       3
       6
       7
       6
       8
       5
       7
       2
       8
       5
       8
      10
       9
      11
       7
       9
       5
       7
      10
       6
       9
       3
       3
       7
       5
       6
       4
      10
       5
       6
      10
       7
       8
       7
       7
       8
       4
      12
       5
       8
       6
       9
       3
       8
      12
       6
       9
       4
       0
       0
       0
       0
       0
       0
       0
       0
       0
       0
       0
       0
       0
       0
       0
       0
       0
       0
       0
       0
       0
       0
       0
       0
       0
       0
       0
       0
       0
       0
       0
       0
       0
       0
       0
       0
       0
       0
       0
       0
       0
       0
       0
       0
       0
       0
       0
       0
       0
       0
       0
       0
       0
       0
       0
       0
       0
       0
       0
       0
       0
       0
       0
       0
       0
       0
       0
       0
       0
       0
       0
       0
       0
       0
       0
       0
       0
       0
       0
       0
       0
       0
       0
       0
$ROI:
1
712 830
$PRESETS:
Live Time
120
0
$ENER_FIT:
-23.656767 2.297974
$MCA_CAL:
3
-2.365677E+001 2.297974E+000 2.836717E-005 keV
$SHAPE_CAL:
3
0.000000E+000 0.000000E+000 0.000000E+000
