$SPEC_ID:
Sample001
$SPEC_REM:
DET# 1
DETDESC# DESKTOP-I499GD2 Easy-MCA-2k SN 18191655
AP# Maestro Version 7.01
$DATE_MEA:
03/01/2024 12:00:46
$MEAS_TIM:
120 120
$DATA:
0 2047
       0
       0
       0
       0
       0
       0
       2
       2
     148
      91
      72
      79
      76
      78
      99
     102
      90
      78
     115
      87
      89
      89
      85
      93
      78
     117
     108
     114
     131
     127
     147
     134
     138
     168
     168
     156
     131
     143
     137
     128
     158
     175
     151
     173
     183
     202
     187
     177
     213
     238
     236
     236
     273
     324
     295
     284
     250
     293
     284
     342
     340
     374
     412
     490
     568
     532
     499
     413
     379
     318
     291
     259
     281
     263
     279
     228
     263
     247
     285
     257
     267
     272
     254
     305
     255
     274
     249
     246
     240
     232
     250
     243
     273
     237
     242
     239
     226
     219
     242
     230
     204
     215
     231
     227
     235
     240
     224
     216
     213
     203
     215
     201
     204
     207
     210
     179
     181
     196
     171
     184
     175
     192
     177
     158
     195
     156
     170
     173
     151
     152
     158
     176
     167
     178
     160
     156
     178
     159
     155
     144
     165
     135
     139
     150
     151
     132
     134
     137
     131
     130
     108
     130
     139
     125
     141
     151
     108
     117
     127
     123
     140
     139
     107
     117
     135
      98
     107
     109
      98
     129
     101
     107
     108
      95
     111
     104
     119
      91
     112
     108
      93
      88
     106
      85
      88
      92
      93
      88
      62
      97
      98
      93
      87
      78
      76
      68
      86
      66
      78
      83
      93
      81
      66
      78
      83
      90
      99
      87
     104
      68
      88
      93
      93
      97
     105
     108
     108
     134
     111
     139
     140
     149
     178
     165
     194
     198
     195
     191
     194
     205
     193
     214
     189
     168
     169
     166
     136
     133
     113
     130
      99
     100
      81
      82
      67
      75
      68
      56
      71
      60
      69
      51
      67
      51
      72
      64
      65
      56
      70
      58
      62
      55
      67
      56
      62
      62
      49
      57
      48
      62
      64
      59
      43
      53
      45
      54
      51
      54
      65
      58
      56
      44
      61
      59
      50
      56
      49
      57
      45
      54
      43
      55
      45
      44
      52
      58
      49
      42
      57
      55
      47
      50
      53
      47
      51
      35
      42
      54
      43
      37
      46
      50
      50
      47
      30
      40
      42
      61
      40
      36
      45
      41
      53
      33
      56
      53
      37
      40
      54
      62
      47
      54
      57
      46
      52
      52
      51
      50
      47
      40
      40
      43
      51
      38
      43
      51
      43
      44
      37
      38
      40
      50
      43
      47
      40
      46
      39
      51
      51
      51
      39
      65
      52
      45
      47
      46
      46
      37
      49
      34
      43
      27
      41
      44
      52
      38
      27
      44
      48
      36
      45
      32
      40
      48
      41
      43
      55
      32
      30
      45
      38
      40
      48
      48
      26
      41
      28
      33
      46
      48
      34
      41
      45
      24
      42
      31
      31
      40
      35
      29
      24
      36
      30
      34
      31
      28
      26
      32
      30
      44
      32
      30
      40
      30
      32
      36
      36
      30
      28
      30
      20
      32
      37
      38
      35
      33
      39
      31
      32
      35
      25
      31
      33
      38
      29
      35
      32
      32
      42
      30
      35
      27
      34
      32
      38
      42
      32
      28
      33
      36
      22
      42
      32
      37
      28
      27
      34
      36
      46
      38
      29
      36
      42
      42
      42
      41
      28
      43
      32
      42
      51
      34
      49
      49
      38
      42
      41
      36
      31
      37
      43
      30
      47
      35
      39
      44
      30
      42
      39
      35
      37
      43
      36
      28
      37
      46
      38
      30
      37
      35
      29
      34
      39
      42
      38
      31
      32
      37
      38
      28
      38
      27
      40
      31
      31
      39
      38
      48
      34
      39
      27
      29
      29
      25
      41
      26
      31
      38
      32
      24
      28
      36
      37
      31
      49
      22
      41
      47
      29
      34
      36
      44
      36
      40
      42
      35
      41
      38
      25
      46
      35
      35
      49
      35
      37
      33
      35
      47
      32
      28
      29
      42
      34
      45
      41
      30
      38
      27
      38
      35
      31
      37
      27
      35
      33
      34
      29
      35
      34
      35
      18
      33
      34
      29
      30
      32
      29
      41
      38
      41
      36
      28
      53
      43
      26
      38
      46
      30
      35
      28
      29
      32
      39
      35
      31
      29
      27
      42
      40
      33
      45
      27
      37
      40
      36
      36
      49
      31
      36
      40
      43
      31
      40
      39
      48
      49
      43
      44
      38
      46
      28
      45
      45
      26
      28
      45
      41
      30
      40
      46
      29
      48
      39
      32
      27
      38
      31
      22
      42
      37
      40
      34
      36
      21
      24
      24
      33
      15
      27
      23
      22
      17
      23
      27
      21
      17
      15
      15
      22
      20
      13
      18
      16
      22
      17
      21
      29
      20
      11
      10
      23
      23
      20
      17
      23
      10
      16
      12
      15
      18
      13
      15
      12
      20
      13
      27
      14
      23
      20
      10
      16
       8
      18
      14
      16
      11
      17
      10
      18
       9
      18
      17
      18
      16
      16
      21
       7
      17
       9
      16
      11
      16
      18
      19
      13
      31
      29
      31
      37
      41
      43
      32
      51
      52
      64
      51
      71
      77
      80
     109
      95
      80
      79
     104
      99
     107
      99
      97
     106
     138
     112
     107
     136
     106
     117
     118
     105
     122
     116
     104
     115
     103
      86
     108
      95
      81
      81
      77
      69
      55
      72
      59
      54
      59
      49
      35
      43
      33
      33
      31
      27
      28
      29
      33
      22
      17
      13
      24
      19
      16
      20
      17
      13
      12
      21
       6
       8
      10
      17
       5
      12
      11
       7
       5
       9
      12
      11
      11
      12
      12
       8
      14
      14
       9
       9
      12
       9
       6
      14
      15
       8
      11
       7
       5
       6
       9
      12
      13
       8
      12
      11
      10
       9
       8
      13
      14
      11
       8
       8
       3
      11
      11
       8
       7
       7
      10
      12
       8
       9
      10
      13
       7
      11
       9
       9
      11
      11
       7
       8
      11
       7
      11
      12
      11
      11
      11
       5
       5
      12
      11
       5
       3
       4
      10
       8
      13
       7
       2
       8
       6
      12
      10
      15
      10
       8
       7
       8
      11
      18
       3
      11
       5
      12
       9
      10
       8
       4
      12
      12
       5
       9
      14
      10
      10
       8
      11
      10
       9
       4
       9
       7
       4
       7
       9
       7
       9
       9
       6
       6
       9
       9
      11
       6
       7
       6
       3
       6
       9
      12
       3
       9
       5
      11
       6
      10
       9
       6
       9
       4
       8
       8
       8
       6
       4
      11
       9
      12
      10
       2
      11
      11
      10
       6
       9
       8
      10
      10
       7
      12
       9
       7
      10
       9
      10
      12
       6
       3
       7
       7
       7
       9
       9
      10
       8
       9
      10
       6
       2
      10
      10
       6
      11
      12
      10
      12
      12
       9
       8
      14
      10
      10
      10
      19
      10
       6
      10
      12
      12
       7
       5
      10
       5
       8
       7
      13
      10
       9
      10
       7
       8
      16
      10
       4
       7
      12
       9
      11
       9
       8
       7
       6
       4
       7
       7
       6
       5
      11
       2
       8
       5
       8
       7
      12
       7
       8
      10
      12
       7
      10
      10
       2
      16
       5
       7
       5
      10
       7
       6
       4
      12
       3
       9
       7
       4
       5
       5
       7
       5
      11
       8
       7
      14
       8
       2
       5
       5
       9
       4
       7
       9
       7
       4
       7
       7
      10
       6
      11
      11
      10
       7
      14
       5
      10
       7
       8
       5
       5
       9
       3
      11
       7
       6
       6
      16
       9
      11
       9
       6
       7
       9
       8
       8
       8
       7
       2
       3
       5
       9
      11
       6
       4
      11
       9
       5
       5
       7
       7
       4
       9
       5
      10
       8
       4
       5
       5
       7
       9
       6
       9
       9
      10
       2
       7
       5
      12
       5
       8
       7
      13
       6
       8
      11
       8
       5
       6
       6
       6
       8
       7
       8
       7
       7
       5
       4
       3
       3
       9
       2
       3
       5
       7
       7
      12
       6
       6
      13
       9
       3
       4
       6
       7
       8
       8
      10
       7
       7
       4
      10
       5
       9
       9
       5
      12
       7
      12
       7
       9
      10
      12
      11
       6
       9
       7
       6
      13
       4
      11
      11
       6
      11
      11
      13
       5
       7
       5
      10
      13
      10
       8
      10
      12
       9
       9
       5
      15
       6
       7
       4
       4
      12
       7
       8
       6
       1
      12
       4
       5
       9
       6
      12
       3
      10
       5
      11
       6
       7
      10
       7
       9
      13
       8
       7
       7
       7
       4
       6
      10
       5
      13
       7
       7
       4
       6
       8
       1
       2
       5
       9
       8
       7
       4
       5
       4
       7
      11
      11
       6
       7
       4
       4
       4
       7
       3
       5
       9
      11
       8
       5
       4
       6
       8
      10
       8
       6
       9
       6
       9
       4
       6
       8
       3
       6
       6
       7
       5
       3
       4
       9
       9
       4
       7
       8
       5
       6
       9
       6
      10
       7
       7
       7
       5
       4
       5
       6
       2
       7
       8
      10
      11
       1
      14
       7
       4
       5
       5
      10
       7
      10
       4
       8
       4
       5
       4
      10
       2
       7
       9
       9
       9
       9
       5
       9
       9
       5
       4
       8
       4
       8
       6
       3
       9
       7
       7
       8
       6
       7
      11
       5
       7
       7
       5
       8
       7
       9
       5
       8
       8
       6
       1
       7
       2
      13
       5
       8
       2
       5
       1
      11
       4
       8
       5
       6
       4
       6
      12
       7
       3
      10
       4
       9
       5
       6
       4
       9
       5
       2
       5
      10
       5
      11
      10
       6
       7
       8
       3
       5
       6
       7
       8
       6
      11
       7
       9
      14
      12
       5
       2
       9
       2
       9
      10
       6
       6
       5
       5
       3
       3
      12
       8
       6
       9
      10
       3
       7
       6
       5
       8
      10
       3
       4
       5
      10
       3
       5
       3
       8
       5
       4
      12
       8
       5
       9
       6
       4
       7
       9
       6
       3
       2
       9
       5
      10
       8
       3
       7
       7
       6
       4
       5
       4
       9
       7
      11
       8
       6
       6
       7
       7
       7
      10
       9
       5
       5
       5
       5
       7
       4
       3
       4
       6
       5
       8
       5
       7
       4
       4
       8
       3
       3
       5
       6
       9
       7
       4
       5
       4
       8
       9
       8
       2
       5
       7
       5
       9
       6
       5
       9
      10
       8
       5
       6
       9
       5
       9
       3
       7
       5
      10
      12
       4
       6
       6
       6
       4
       3
       9
       7
       5
       9
       4
       6
       2
       8
       3
      10
      10
       9
      12
       8
      11
       3
       8
       2
       3
       7
       4
       7
      10
       5
       9
       7
       6
       9
       5
       9
       5
       8
       3
       3
       9
       5
      11
       9
       3
       7
       4
       7
       8
       8
       7
       5
       7
       8
       8
       9
      14
      11
       7
       8
       6
       3
       9
       7
       6
       3
       2
       6
       2
      10
       7
       8
       9
       3
       4
       7
       7
       6
       9
       2
       6
       9
       6
       7
       4
       6
       7
       9
       5
       9
       6
       5
       7
       6
      12
       5
       9
       8
       7
       9
       5
       9
       7
       9
       6
       9
       5
       7
       7
       6
       8
       7
       7
       8
      10
       3
       4
       7
       8
       6
       8
      11
       7
      10
       8
       5
       7
      11
       8
       6
       6
      11
       8
       7
      11
       8
       9
       9
      12
       5
       5
       9
      11
       9
       4
      11
      12
      10
       9
       8
       9
       5
       5
      10
       5
       4
       5
       8
       4
      11
       5
       6
      12
       8
       8
       6
      11
       7
       9
       3
       8
       9
       8
      11
       6
       3
       8
       5
       8
       4
       8
       5
       7
       5
       6
       6
       7
      14
       9
       9
       4
       6
       4
      10
       7
      12
       4
      10
       8
       9
       8
       9
      11
       6
      10
       9
      12
       6
       4
      11
       9
       5
       8
       7
       5
       7
      10
       6
       4
       8
       8
       9
      12
       7
      11
       8
       5
       9
       5
       6
       8
       8
       4
       6
       7
       8
       7
       8
      12
      11
      11
       7
       8
       8
       6
       8
       5
      15
      16
      10
       8
      12
       4
      10
       9
       9
       4
       4
       8
       8
       8
       4
       6
       5
      14
       7
      12
       6
      10
       6
       6
       3
       6
       8
       9
       5
       8
      11
       9
       8
       7
       7
       3
       4
       9
       8
       2
       4
       4
       7
      10
      11
       5
       6
       2
       7
       9
       4
       7
       8
       7
       3
       7
      12
       4
       4
       7
       5
       7
       8
       6
       7
       7
       8
       8
      12
      10
       7
       4
       7
      12
       7
       6
       5
       6
       8
       8
      11
       6
       3
      10
       5
       4
      11
       7
       6
       7
       4
       4
      12
       4
       5
       8
       7
       6
       6
       9
      11
       6
       5
      11
       8
       6
       8
       4
      10
       8
      10
       5
       5
       3
       9
       9
       5
       7
       8
       9
       7
       4
       8
       7
       4
       9
       6
       7
       7
       6
       9
       2
       7
      11
       8
      10
       8
       6
       8
       6
       6
       6
       9
       6
       8
       4
       2
       9
       8
       4
       3
       7
       6
      11
       7
       4
       9
       7
      11
       7
       7
       5
       9
       8
       9
      10
       5
       5
       8
       7
       5
      10
       9
       9
      10
      11
      12
       7
       2
       0
       0
       0
       0
       0
       0
       0
       0
       0
       0
       0
       0
       0
       0
       0
       0
       0
       0
       0
       0
       0
       0
       0
       0
       0
       0
       0
       0
       0
       0
       0
       0
       0
       0
       0
       0
       0
       0
       0
       0
       0
       0
       0
       0
       0
       0
       0
       0
       0
       0
       0
       0
       0
       0
       0
       0
       0
       0
       0
       0
       0
       0
       0
       0
       0
       0
       0
       0
       0
       0
       0
       0
       0
       0
       0
       0
       0
       0
       0
       0
       0
       0
       0
$ROI:
2
204 249
712 830
$PRESETS:
Live Time
120
0
$ENER_FIT:
-23.656767 2.297974
$MCA_CAL:
3
-2.365677E+001 2.297974E+000 2.836717E-005 keV
$SHAPE_CAL:
3
0.000000E+000 0.000000E+000 0.000000E+000
