$SPEC_ID:
Sample020
$SPEC_REM:
DET# 1
DETDESC# DESKTOP-I499GD2 Easy-MCA-2k SN 18191655
AP# Maestro Version 7.01
$DATE_MEA:
03/01/2024 12:39:02
$MEAS_TIM:
120 120
$DATA:
0 2047
       0
       0
       0
       0
       1
       1
       0
       2
     119
      73
      65
      57
      70
      78
      75
      79
      81
      79
      66
      71
      76
      84
      69
      99
      84
      82
      96
      77
     103
     126
     124
     123
     141
     139
     131
     113
     111
     112
     107
     134
     130
     118
     138
     140
     159
     153
     171
     208
     200
     222
     212
     233
     276
     266
     233
     234
     258
     269
     250
     273
     281
     335
     401
     448
     572
     535
     472
     421
     317
     254
     243
     239
     204
     236
     212
     225
     207
     220
     190
     229
     226
     225
     216
     205
     225
     200
     235
     195
     197
     216
     220
     230
     202
     192
     192
     191
     182
     190
     191
     196
     172
     179
     213
     185
     166
     184
     192
     172
     180
     171
     140
     175
     177
     151
     160
     158
     151
     176
     163
     161
     155
     146
     148
     127
     154
     142
     150
     136
     148
     136
     134
     132
     113
     119
     135
     130
     118
     128
     117
     134
     124
     118
     114
     113
     105
     131
     105
     108
     100
     109
     119
     111
      97
     105
     109
     113
     128
      83
      96
     108
      82
      91
      86
      96
      86
      98
      86
      89
      74
      86
      73
      85
      76
      68
      95
      83
      90
      80
      72
      79
      62
      90
      77
      84
      67
      61
      57
      67
      74
      72
      82
      65
      72
      64
      81
      63
      64
      62
      54
      56
      58
      68
      69
      55
      76
      53
      60
      68
      64
      59
      64
      85
      68
      67
      61
      97
      85
      93
     107
     111
     117
     100
     129
     134
     128
     156
     147
     144
     144
     156
     134
     134
     153
     135
     125
     143
     151
     107
     113
      91
      86
      67
      63
      60
      50
      55
      51
      56
      57
      51
      42
      38
      50
      46
      44
      52
      42
      44
      50
      46
      53
      43
      38
      46
      54
      27
      44
      56
      39
      39
      62
      34
      45
      47
      39
      42
      53
      39
      50
      34
      45
      30
      42
      28
      39
      29
      38
      28
      33
      42
      44
      34
      40
      22
      42
      35
      31
      34
      42
      39
      36
      31
      33
      35
      42
      37
      37
      44
      38
      40
      31
      40
      29
      27
      45
      37
      36
      38
      33
      39
      39
      32
      34
      43
      31
      37
      41
      38
      36
      24
      31
      39
      43
      34
      42
      35
      35
      35
      37
      40
      42
      47
      38
      44
      34
      33
      40
      35
      36
      28
      26
      41
      29
      37
      35
      24
      32
      33
      37
      36
      41
      41
      33
      31
      33
      35
      47
      37
      34
      29
      39
      32
      34
      28
      36
      32
      38
      37
      27
      29
      35
      37
      30
      32
      27
      30
      35
      34
      28
      24
      26
      21
      26
      26
      30
      27
      24
      18
      27
      23
      34
      24
      21
      30
      35
      23
      27
      30
      22
      27
      24
      20
      32
      25
      31
      42
      36
      26
      20
      20
      33
      26
      23
      19
      36
      24
      26
      32
      22
      22
      23
      22
      17
      23
      21
      29
      25
      23
      25
      34
      20
      21
      19
      36
      24
      30
      24
      27
      20
      23
      22
      34
      27
      24
      26
      28
      24
      22
      23
      31
      25
      16
      23
      29
      22
      22
      24
      24
      30
      29
      33
      29
      29
      26
      32
      28
      34
      37
      30
      38
      41
      28
      30
      33
      42
      34
      42
      43
      42
      34
      31
      37
      32
      36
      28
      41
      31
      27
      36
      37
      30
      35
      30
      28
      28
      29
      26
      31
      21
      19
      28
      24
      22
      31
      20
      30
      25
      15
      18
      27
      30
      20
      27
      27
      22
      23
      18
      24
      22
      23
      18
      22
      18
      24
      26
      20
      24
      26
      23
      42
      35
      28
      29
      25
      28
      43
      33
      27
      24
      21
      29
      32
      23
      32
      28
      33
      24
      22
      23
      34
      26
      30
      25
      25
      31
      29
      31
      33
      12
      30
      24
      18
      26
      32
      28
      33
      25
      29
      17
      17
      25
      20
      21
      24
      20
      34
      26
      31
      24
      20
      25
      26
      28
      24
      32
      21
      22
      25
      28
      24
      18
      22
      25
      27
      28
      24
      22
      11
      20
      26
      25
      27
      29
      23
      23
      24
      29
      31
      29
      23
      31
      31
      27
      37
      41
      19
      29
      31
      27
      40
      22
      31
      24
      32
      33
      34
      34
      20
      22
      18
      26
      24
      39
      35
      36
      28
      43
      23
      19
      21
      30
      28
      25
      25
      31
      28
      16
      30
      22
      23
      24
      21
      24
      17
      22
      25
      20
      11
      10
      17
      15
      16
      18
      13
      19
      22
      14
      19
       9
      12
       9
      21
      12
      13
      14
      13
      18
       9
      13
      18
      11
       9
      17
      13
      12
       8
      17
      12
       4
       9
      15
       8
      16
       7
      11
      10
      12
       9
      13
       8
      13
      10
       8
      14
      14
       6
      10
      10
       7
       9
      11
      11
      10
      10
      12
      11
      15
      13
      13
      10
      21
      16
      19
      20
      19
      24
      16
      18
      28
      17
      32
      29
      26
      47
      35
      45
      50
      60
      64
      62
      51
      60
      61
      51
      82
      72
      57
      63
      69
      76
      76
      94
      78
      82
      96
      89
      81
      80
      73
      75
      81
      72
      86
      50
      71
      72
      53
      62
      55
      49
      43
      36
      40
      38
      34
      20
      27
      27
      25
      27
      21
      21
      22
      20
      21
      10
      16
      14
      20
      15
       7
       2
      16
      10
      10
       7
       8
       8
      13
       8
      10
       9
       9
       6
       8
      12
       8
       5
      10
       6
       7
       6
       4
       2
       1
       6
       9
       7
       9
       7
       6
       6
       9
      11
       6
       4
       5
       5
       3
       6
       7
       5
       4
       9
      11
       6
       7
       6
       7
       8
       5
       2
       6
       2
       3
       7
       6
       3
       7
      11
       6
       2
       6
      10
       8
       7
       9
       5
      10
       4
       5
       7
       3
       4
       8
       2
       6
      10
       6
       8
       3
       4
       7
       1
       4
       6
       5
       5
       7
       7
      10
      10
       4
       6
      10
       4
       6
       0
       8
       8
       3
       8
       5
       4
      12
       3
       4
       7
       8
       6
       7
       6
       5
       3
       7
       4
       7
       7
       9
       8
       6
       9
       4
       9
       3
       7
       9
       3
       6
       9
       4
       8
       7
       3
       4
       5
       7
       2
       8
       7
       7
       6
       6
       4
      12
      12
       6
       4
       2
       6
       6
       7
       4
       7
       6
       5
       6
       8
       7
       8
       5
       7
       4
       5
       3
      11
       7
       6
       7
       3
       4
       8
       6
       4
       5
       7
       8
       6
       7
       6
       8
       8
       6
       5
       5
       9
      12
      10
       5
       5
       6
       7
       6
       5
       7
       8
       3
       2
       6
       7
       4
       8
       9
       8
      10
       4
       8
       7
       4
       7
       6
       5
       6
       5
       9
       5
       5
       3
      10
       8
       7
       5
       8
       4
       4
       9
       6
       6
       5
       1
       6
       7
       7
      10
       1
       7
       6
       3
       7
       5
       8
       5
       3
       6
       5
       5
       5
       8
       7
       2
       5
       6
       2
       4
       3
       3
       6
       9
       5
       5
       1
       3
       3
       5
       5
       7
       7
       3
       5
       6
       8
       5
       7
       6
       3
       4
       4
       4
       6
       7
       9
       4
       4
       8
      10
       7
       8
       7
       5
       7
       7
       8
       7
       7
       6
       6
       8
       2
       5
       4
       6
       3
       5
       5
       6
       5
       5
       5
       8
       4
       4
       9
       6
       6
      11
       2
       6
       7
       4
       3
      10
       3
       6
       3
       3
       7
       4
       7
       2
      10
       7
       5
       6
       6
       5
       2
       9
       8
       4
       2
       4
       5
       5
      11
       5
       3
       8
       5
       5
       8
       6
       2
       3
       4
       6
       5
       5
       4
       7
      10
       4
       3
       3
       2
       3
       4
       5
       6
       4
       9
       2
       4
      11
       7
       8
       4
       6
       8
       4
       7
       3
       3
       9
       8
       3
       6
       8
       6
       2
      10
       3
       8
       5
       9
       7
       8
       6
       9
       9
       6
       8
       5
      10
       7
       6
      12
      10
       6
       7
       7
       8
       6
       3
       7
       3
       7
       5
       6
       8
       3
       8
      12
       8
       7
       7
       6
       7
      10
       0
      12
       7
       8
       4
       8
       4
       2
       4
       6
       6
       3
       2
       5
       4
       3
       7
       3
       3
       1
       2
       4
       2
       5
       3
       4
       0
       2
       6
       6
       4
       6
       1
       4
       8
       7
       4
       2
       5
       3
       5
       7
       2
       4
       6
       2
       4
       1
       5
       2
       7
       4
       4
       5
       4
       6
       3
       4
       2
       3
       6
       9
       5
       3
       3
       4
       5
       1
       6
       4
       4
       1
       8
       3
       4
       3
       9
       2
       3
       7
       5
       2
       6
       3
       4
       1
       5
       6
       4
       6
       2
       1
       3
       5
       6
       1
       5
       6
       3
       3
       6
       2
       3
       3
       6
       3
       1
       3
       2
       6
       3
       3
       8
       4
      10
       3
       7
      10
       2
       1
       8
       8
       5
       8
       3
       6
       3
       7
       4
       6
       1
       2
       4
       4
       5
       4
       4
       6
       3
       6
       4
       3
       5
       1
       4
       5
       2
       3
       1
       2
       4
       5
       4
       0
       3
       4
      10
       5
       7
      10
       2
       6
       8
       3
       5
       4
       6
       0
       5
       7
       5
       2
       3
       4
       4
       6
       7
       8
       8
       1
       8
       6
       4
       4
       2
       2
       4
       6
       4
       4
       4
       4
       6
       4
       4
       5
       9
       6
       2
       5
       2
       6
       6
       2
       2
       6
       5
       4
       5
       5
       4
       4
       7
       9
       1
       6
       2
       5
       5
       7
       5
       8
       3
       4
       4
      10
       5
       6
       6
       5
       1
       2
       5
       4
       9
       8
       5
       7
       9
       4
       2
       7
       5
       4
       5
       6
       6
       2
       2
       2
       2
       4
       4
       5
       7
       3
       6
       7
       4
       6
       6
       5
       4
       3
       4
       2
       7
       2
       3
       5
       4
       4
       7
       9
       5
      10
       3
       5
       4
       3
       6
       4
       2
       4
       2
       7
       5
       5
       9
       6
       3
       1
       6
       8
       7
       5
       3
       4
       4
       4
       1
       6
       5
       0
       9
       5
       5
       5
       6
      10
       1
       5
       5
       3
       7
       7
       5
       2
       9
       5
       6
       8
       7
      10
       6
       7
       6
       3
       4
       5
       3
       8
       5
       5
       3
       6
       7
       2
       7
       0
       7
       6
       4
       7
       5
       6
       6
       7
      10
       4
       4
       1
       7
       4
       3
       5
       1
       3
       7
       9
       6
       8
       7
       3
       7
       7
       9
       6
       6
       5
       5
       4
       5
       3
       3
       5
       4
       5
       6
       5
       5
       3
       7
       5
       6
       4
       5
       6
       3
       9
       6
       4
       7
       2
       0
       8
       8
       8
       5
       3
       4
       5
       2
      11
       3
      11
       5
       1
       7
       7
       4
       4
       7
       4
       5
       5
       8
       6
       1
       3
       7
       7
       9
       6
       3
       8
       2
       3
      10
       7
       6
       8
      11
       3
       3
       5
       6
       4
       6
       4
       4
       3
       7
       9
       3
       5
       8
       6
       7
       7
       4
       4
       5
       6
       5
       6
       9
       7
       3
       5
       8
       5
       8
       3
       5
       6
       5
       8
       6
       3
       5
       6
       8
       5
       6
      11
      11
       6
       8
       7
       3
       8
       6
       7
       5
       9
       8
       7
       9
       7
       5
       3
       5
       5
       7
       9
       8
      12
       2
       5
       4
      13
       4
       5
      10
       3
       4
       2
       7
       6
       8
       3
      12
       5
       5
       5
       6
       4
       2
      11
      11
       8
       7
       7
       5
       1
       7
       5
       8
       8
       7
       4
       5
       3
       4
       6
       3
       9
       1
       4
       9
       5
       7
      10
       7
       7
       5
      14
       5
      13
       5
       7
       6
       6
       2
       6
      11
       5
       9
       6
      13
      11
       8
       7
       6
       6
       7
       7
       6
       6
      10
       7
       9
       4
       7
       7
       8
       6
       7
       3
       5
       7
       6
       2
       4
       5
       6
       5
       1
       4
       6
       2
       5
       4
       7
       8
       4
       6
       3
       3
       3
       1
       5
       9
       3
       3
       5
       7
       4
       3
       4
       1
       4
       3
       5
       8
       1
       1
       3
      11
       4
       6
       7
      13
       2
       4
       4
       4
       5
       4
       5
       6
       5
       4
       9
       5
       8
       6
       5
       6
       6
       2
       7
       8
       5
       5
       5
       5
       6
       8
       4
       1
       4
       2
       9
       3
       1
       4
       6
       6
       4
       8
       4
      10
       8
       4
       2
       8
       4
       7
       7
       6
       5
       8
       3
       2
       5
       5
       4
       6
       6
       7
       7
       3
       2
       4
       7
       2
      11
       4
       6
       4
       2
       3
       5
       9
       6
       5
       3
       4
       8
       3
       2
      10
       2
       4
       4
       4
       4
      13
       3
       8
       5
       4
       7
       5
       7
       6
       3
       5
       6
       7
       6
       3
       2
       2
       6
       2
       5
       4
       4
       4
       2
       6
       4
       6
       0
       0
       0
       0
       0
       0
       0
       0
       0
       0
       0
       0
       0
       0
       0
       0
       0
       0
       0
       0
       0
       0
       0
       0
       0
       0
       0
       0
       0
       0
       0
       0
       0
       0
       0
       0
       0
       0
       0
       0
       0
       0
       0
       0
       0
       0
       0
       0
       0
       0
       0
       0
       0
       0
       0
       0
       0
       0
       0
       0
       0
       0
       0
       0
       0
       0
       0
       0
       0
       0
       0
       0
       0
       0
       0
       0
       0
       0
       0
       0
       0
       0
       0
       0
$ROI:
2
204 249
712 830
$PRESETS:
Live Time
120
0
$ENER_FIT:
-23.656767 2.297974
$MCA_CAL:
3
-2.365677E+001 2.297974E+000 2.836717E-005 keV
$SHAPE_CAL:
3
0.000000E+000 0.000000E+000 0.000000E+000
