$SPEC_ID:
Sample000
$SPEC_REM:
DET# 1
DETDESC# DESKTOP-I499GD2 Easy-MCA-2k SN 18191655
AP# Maestro Version 7.01
$DATE_MEA:
03/01/2024 11:58:45
$MEAS_TIM:
120 120
$DATA:
0 2047
       0
       0
       0
       0
       0
       2
       3
       2
     133
      92
      78
      91
      97
      85
      77
     102
      82
      99
      99
     104
      99
      94
     114
     104
      85
      95
     124
     123
     118
     131
     128
     153
     159
     157
     154
     138
     123
     111
     130
     140
     131
     151
     175
     167
     186
     217
     180
     215
     222
     231
     237
     261
     277
     285
     249
     282
     279
     296
     299
     318
     346
     391
     472
     483
     562
     592
     503
     405
     364
     338
     267
     267
     259
     275
     271
     286
     255
     230
     250
     221
     252
     239
     273
     260
     252
     253
     268
     275
     245
     250
     274
     260
     257
     257
     235
     240
     224
     237
     231
     208
     228
     216
     219
     239
     237
     225
     242
     201
     211
     192
     202
     186
     199
     208
     195
     222
     201
     178
     184
     189
     208
     169
     182
     179
     177
     166
     189
     171
     183
     150
     159
     141
     176
     157
     155
     143
     166
     140
     144
     143
     158
     146
     148
     136
     141
     151
     139
     142
     122
     142
     141
     128
     128
     126
     132
     137
     128
     129
     137
     135
     111
     117
     131
     115
     122
     104
     110
     125
     118
     113
      98
     112
     107
     115
      87
      87
     101
      87
     109
      81
     100
      89
      87
      82
      78
      85
     102
      86
      79
      89
      94
      92
      76
      96
      90
      85
      96
      77
      84
      87
      74
      85
      87
      95
      86
      90
     115
      93
      86
      78
      96
      84
      97
      89
     109
     108
     118
     150
     115
     132
     143
     159
     148
     192
     160
     176
     185
     214
     198
     185
     190
     212
     180
     173
     159
     172
     150
     133
     125
     116
      94
      97
      89
      88
      73
      69
      69
      61
      50
      75
      63
      59
      60
      71
      50
      46
      56
      66
      49
      63
      41
      53
      64
      49
      49
      63
      48
      61
      52
      69
      50
      56
      70
      59
      54
      58
      62
      67
      58
      52
      51
      61
      55
      58
      53
      62
      49
      61
      61
      43
      44
      43
      49
      61
      55
      49
      52
      57
      51
      50
      40
      58
      49
      40
      48
      42
      52
      46
      57
      38
      41
      52
      42
      34
      49
      49
      60
      47
      50
      46
      44
      46
      44
      47
      41
      58
      46
      47
      47
      37
      42
      67
      48
      46
      55
      58
      47
      49
      57
      45
      44
      47
      34
      41
      32
      59
      50
      51
      52
      48
      43
      45
      53
      35
      44
      51
      43
      51
      51
      50
      32
      56
      46
      44
      41
      46
      39
      41
      45
      45
      45
      47
      41
      43
      43
      51
      39
      44
      43
      39
      41
      44
      42
      38
      42
      34
      52
      49
      42
      38
      35
      32
      34
      41
      46
      37
      55
      32
      39
      31
      49
      36
      35
      42
      40
      39
      38
      44
      37
      41
      41
      39
      29
      35
      33
      33
      31
      31
      35
      41
      30
      35
      40
      41
      36
      30
      35
      37
      36
      45
      33
      38
      30
      30
      25
      37
      36
      29
      40
      36
      48
      37
      43
      30
      42
      27
      30
      34
      39
      43
      34
      36
      28
      36
      26
      32
      32
      40
      34
      38
      41
      30
      33
      28
      46
      37
      39
      33
      35
      38
      36
      35
      38
      32
      45
      41
      44
      36
      33
      40
      45
      47
      43
      47
      40
      40
      45
      44
      41
      55
      46
      46
      49
      48
      37
      42
      27
      39
      46
      41
      39
      41
      46
      30
      43
      41
      37
      31
      22
      36
      34
      30
      32
      45
      38
      38
      33
      36
      30
      26
      33
      45
      33
      34
      28
      40
      24
      40
      35
      35
      30
      29
      28
      22
      47
      34
      40
      41
      30
      29
      33
      28
      26
      33
      41
      41
      38
      34
      44
      46
      34
      32
      37
      46
      41
      37
      32
      30
      42
      34
      26
      40
      50
      34
      40
      38
      35
      29
      33
      37
      34
      41
      34
      36
      36
      31
      30
      39
      35
      36
      40
      26
      31
      39
      31
      38
      31
      34
      42
      40
      37
      35
      35
      27
      40
      40
      44
      32
      29
      36
      27
      35
      35
      39
      30
      43
      27
      33
      32
      33
      35
      26
      26
      42
      38
      37
      28
      24
      28
      47
      38
      36
      40
      41
      46
      37
      35
      43
      38
      41
      37
      55
      47
      35
      42
      44
      53
      47
      41
      25
      43
      40
      51
      41
      42
      54
      42
      38
      41
      44
      38
      30
      39
      37
      32
      38
      37
      23
      40
      38
      27
      28
      30
      40
      35
      32
      24
      26
      25
      35
      20
      22
      32
      28
      23
      19
      21
      18
      21
      16
      11
      17
      19
      12
      27
      19
      18
      16
      24
      16
      21
      21
      28
      21
      23
      19
      19
      11
      16
      14
      18
      13
      10
      12
      14
      15
      11
      18
      13
      16
      19
       9
      11
      16
      31
      29
      13
      14
      15
      17
       6
      16
      17
      16
      23
      19
      24
      18
      18
      23
      23
      20
      20
      27
      25
      28
      34
      31
      34
      43
      34
      40
      57
      71
      44
      60
      59
      80
      67
      93
      92
      84
      94
     104
     101
     107
     106
     117
     125
     126
     115
     149
     124
     117
     131
     113
     123
     110
     103
     125
      99
     110
      90
     107
      90
      93
      94
      93
      76
      72
      60
      56
      51
      56
      44
      48
      50
      47
      30
      34
      32
      36
      22
      28
      30
      18
      30
      13
      20
      11
      13
      17
      12
      11
      10
      10
      11
      18
      15
      14
      14
      19
      13
      10
       8
       8
       7
      11
       9
      11
       9
       8
      10
       3
       7
       9
       5
      10
       6
       3
      11
      12
      15
      12
      12
       4
       8
      10
      11
       9
      10
      13
       5
       9
      12
       5
      12
       7
      12
      13
       8
      10
       8
      12
       9
      11
       6
       3
      11
      10
       6
       7
       7
      12
      13
       9
       6
       6
       3
       6
      10
      12
      10
       9
      12
       9
      11
       5
       8
      11
      10
       7
       6
      12
      10
      12
       4
       8
      15
       9
       9
       5
       6
       5
      13
      10
       7
      16
       9
      10
      10
       7
       7
       7
       9
       8
       4
       3
       5
      11
      11
       9
      13
       7
       4
      10
       8
       8
       9
       2
       9
       4
      10
       5
       7
      13
       5
       6
       6
      10
       9
       8
       4
       6
      13
      11
       6
       8
       8
      14
       9
       7
       5
      12
      11
       5
      12
       9
       4
      10
       8
      10
       6
      14
      13
       6
       6
       5
       9
      14
      12
       6
       8
       4
       8
      11
       8
       6
       8
       5
      11
       7
       8
       7
      10
      10
      12
       5
       7
       7
       7
      13
      10
       7
      11
       4
      17
       6
       5
       7
       8
       7
       7
      10
      10
      10
      12
       4
      17
      13
      13
       5
       8
       7
       5
       9
       9
       7
       8
      10
       9
       4
       8
       9
       8
       8
      10
       5
       9
       6
       8
       7
       9
       7
       9
       5
       4
       9
       9
      10
      10
      10
       5
       4
      12
       5
      10
      14
       4
      11
       7
       8
       6
       5
      10
       7
       5
       2
       4
       6
       6
       8
       4
      11
       6
       1
       6
       7
      10
       5
       8
       9
       8
      10
       6
       9
      11
      11
      10
      11
       9
       4
       2
       4
      10
       7
       8
       8
       3
      10
       4
       4
       8
       5
      10
      15
       6
       7
       8
       7
       9
       5
       7
       5
       7
       8
       7
      10
       7
       4
       8
       4
       8
       4
      16
       8
       9
       8
       5
       7
       7
       8
       8
       8
      10
       9
       9
       6
       7
       4
       9
       4
       7
       5
       8
       8
       9
      13
       7
       4
       7
      11
       6
       6
       9
       7
       5
       7
       7
      10
       8
       6
       8
       5
       4
       5
       6
       9
       2
       5
      10
       5
       3
      14
       7
       6
       8
       8
       5
      10
       8
       8
       4
       8
       9
       7
       9
       2
       8
       6
       8
       6
       4
      11
      13
       3
       5
       8
       2
       7
       4
       9
       9
       7
      11
       7
       5
       6
      13
      14
       6
       7
      13
       7
      10
      10
       7
       9
       8
      13
      11
      20
       8
      10
       6
      13
       5
       2
      15
       9
      11
      14
       3
       7
      12
       8
       7
      14
       9
      11
       9
      12
       7
      13
       8
       6
       9
       7
       8
      13
       5
       9
       8
       3
       4
       7
      12
       6
       4
       7
       6
      13
       9
       9
      10
       7
       5
       8
       9
       5
       5
       8
       7
       4
       8
       3
       5
       6
       7
       5
       5
       3
      12
       5
       4
       5
       9
       3
       8
       7
       4
       8
       3
       4
       6
       8
       6
       3
       9
       7
       5
       4
       4
      11
       7
       5
       3
       5
       7
       4
       5
       3
       7
       4
       8
       7
       7
       7
      12
       7
       3
       7
       7
       3
       5
       4
       2
       6
       2
      12
       6
       5
       6
      12
       4
       9
      12
       3
       7
       3
       8
       3
      12
       5
       5
       7
      10
       6
       6
       6
       7
       3
       8
       2
      11
       6
       9
       5
      12
       7
       6
      12
       5
       7
       5
       8
      13
       5
       3
       9
       6
       5
       7
       2
       5
       3
       8
       9
       6
       8
       3
       7
       5
      11
       8
       4
       4
       8
       6
      10
       5
       7
       9
       6
       4
      10
       7
       5
      10
       4
       6
       3
       6
       3
       5
      12
       3
       3
       8
       2
      11
       9
       5
      10
       7
       7
       3
       6
       6
       6
       6
       4
      10
       7
       6
       4
       4
       6
      10
       8
       5
       6
       6
       9
       5
       1
       6
      13
       3
       6
       9
       5
       7
       8
       8
       7
       6
       3
       7
       6
       8
       3
       5
       5
       4
       5
      10
       3
       4
       4
       8
       4
       7
       5
       6
       7
       4
       5
       5
       6
       6
       3
      11
       6
       6
       3
       8
       4
       6
       9
       9
       7
       8
       6
      12
       9
       7
       3
       3
       4
      10
       9
       9
       8
       3
       7
       4
       2
       7
       7
       7
       7
       9
       5
       7
       7
       5
       5
       7
       5
       8
       4
       6
       3
       7
      12
       9
       5
       3
       8
       9
       6
       6
       8
       8
      12
       7
       4
       2
       6
       8
       4
      12
       4
       5
       5
       6
      13
       2
       6
       8
       7
       9
       5
       6
       6
       6
       8
       9
       2
       8
       3
      10
       7
       4
      12
       5
       7
       7
       5
       6
      11
       9
      11
       9
       4
       9
      13
       6
      12
       5
      10
       3
       8
      10
       9
       8
       7
       7
       3
      16
      12
       5
       7
      13
       5
      10
       7
       6
       9
      11
       3
       6
       7
       7
      13
      10
       9
       8
      18
       7
       6
      10
       8
       9
       4
      11
       4
       3
       9
       7
       2
       3
       8
       6
      10
       4
       5
      10
       8
       6
       5
       7
      11
       5
       9
       7
       9
       9
      14
       5
       6
       4
       7
       3
       5
       6
       4
       4
       5
       5
       9
       8
       7
       2
       4
       6
       8
       8
      12
       2
       8
       5
       9
      11
       2
       5
      14
       3
       9
       5
       5
       9
       8
       8
       5
       3
       8
       9
       8
      10
      10
       9
       5
      11
       6
       6
       6
       9
      14
       4
       4
       9
       7
      14
       6
      11
       7
      11
       4
       6
       9
       5
      10
      12
      12
      12
      11
      12
       4
       6
      12
       5
       4
      10
       4
       8
       8
       9
      14
       7
       7
      13
      19
      13
      11
       8
       7
       7
      11
       8
      14
      10
       7
      11
       7
      10
      11
       8
      11
       8
       6
      10
       8
       9
       3
       5
       5
       7
       7
       6
      10
       8
       4
       4
       9
       3
      10
       7
      10
       8
       7
      11
       8
      15
      14
       4
      13
       8
      11
       3
      10
       4
       6
       8
       6
       6
       9
      12
      10
       5
      11
       7
       8
      10
       7
      11
       7
      11
      13
       6
       9
       7
      13
       7
       4
       7
       8
       5
       7
       7
       7
      15
      11
       8
       9
       6
       7
      10
       8
       7
       7
       9
       9
       8
       6
       7
      15
       6
       6
      13
      11
       7
       8
      15
       8
      12
       9
      10
       6
       9
      13
      13
      10
       7
       3
      13
       8
       5
       9
       8
       8
      10
       6
       9
       5
       9
       6
       3
       6
       6
      10
       7
       3
      10
       7
      10
       6
       7
       6
      12
       9
       5
      10
      10
       6
       3
       8
       3
       6
       6
       5
       6
       7
       6
       4
       9
       8
       7
       7
       4
       8
       3
       3
       7
       9
      11
       8
       7
       4
       9
       8
       7
       8
       7
       7
       6
       5
       9
       5
       9
       8
       9
       6
      10
       6
       1
       3
       5
       3
       3
       6
       6
      10
       8
      10
       5
       5
       9
       9
       6
       4
       8
       8
      10
       8
       9
       7
       7
       4
       9
       9
       4
       4
      10
       9
       8
      14
       5
       8
       4
       9
       4
       9
       8
       5
       6
      12
       4
      11
       5
      10
       9
       7
       7
      10
      11
       6
       5
       6
       9
       6
       6
      14
       6
      11
       8
       0
       6
       4
       6
       7
       6
       4
       7
       7
      12
      11
       7
       6
       8
       6
       9
       8
      10
       7
       6
       6
       4
       9
       2
       6
       7
       2
       0
       0
       0
       0
       0
       0
       0
       0
       0
       0
       0
       0
       0
       0
       0
       0
       0
       0
       0
       0
       0
       0
       0
       0
       0
       0
       0
       0
       0
       0
       0
       0
       0
       0
       0
       0
       0
       0
       0
       0
       0
       0
       0
       0
       0
       0
       0
       0
       0
       0
       0
       0
       0
       0
       0
       0
       0
       0
       0
       0
       0
       0
       0
       0
       0
       0
       0
       0
       0
       0
       0
       0
       0
       0
       0
       0
       0
       0
       0
       0
       0
       0
       0
       0
$ROI:
2
204 249
712 830
$PRESETS:
Live Time
120
0
$ENER_FIT:
-23.656767 2.297974
$MCA_CAL:
3
-2.365677E+001 2.297974E+000 2.836717E-005 keV
$SHAPE_CAL:
3
0.000000E+000 0.000000E+000 0.000000E+000
