$SPEC_ID:
Sample013
$SPEC_REM:
DET# 1
DETDESC# DESKTOP-I499GD2 Easy-MCA-2k SN 18191655
AP# Maestro Version 7.01
$DATE_MEA:
03/01/2024 11:45:43
$MEAS_TIM:
120 120
$DATA:
0 2047
       0
       0
       0
       0
       0
       0
       0
       0
      96
      60
      61
      48
      42
      61
      53
      78
      90
      73
      87
      67
      57
      70
      81
      77
      83
      83
      72
     111
      94
     117
     109
     111
     130
     177
     128
     115
      89
      95
      88
      92
     134
     127
     128
     141
     137
     163
     156
     177
     193
     207
     203
     223
     262
     295
     291
     304
     246
     242
     268
     259
     280
     340
     371
     512
     514
     545
     481
     393
     310
     245
     217
     223
     199
     187
     223
     221
     220
     185
     218
     205
     181
     184
     232
     224
     207
     199
     195
     195
     201
     217
     233
     207
     191
     193
     192
     200
     204
     214
     181
     182
     166
     172
     188
     156
     173
     193
     145
     166
     163
     177
     152
     143
     149
     177
     154
     149
     159
     140
     142
     143
     123
     141
     117
     138
     123
     120
     122
     133
     118
     112
     152
     128
     143
     114
     145
     125
     124
     117
     136
     109
     100
     106
     105
     104
      95
     102
      97
     109
      97
      81
     102
      85
      85
      85
     107
     105
      89
     101
      87
      75
      84
      89
      94
      87
      85
      88
      99
      67
      74
      78
      63
      81
      72
      87
      81
      86
      72
      63
      80
      62
      74
      59
      65
      70
      70
      63
      68
      67
      66
      67
      62
      57
      61
      58
      64
      71
      72
      66
      53
      56
      48
      62
      54
      56
      63
      64
      52
      66
      50
      61
      62
      62
      62
      63
      66
      60
      88
      73
     104
      96
     100
     100
     106
     128
      98
     135
     135
     153
     117
     139
     123
     133
     133
     117
     118
     103
     103
     114
      92
      70
      65
      75
      64
      62
      49
      53
      52
      41
      37
      54
      33
      56
      46
      35
      50
      45
      31
      42
      44
      41
      44
      44
      49
      49
      40
      52
      53
      31
      42
      42
      40
      29
      45
      43
      37
      40
      37
      38
      41
      26
      42
      44
      36
      41
      49
      36
      35
      32
      33
      23
      31
      30
      41
      31
      31
      22
      28
      30
      39
      28
      36
      48
      32
      32
      38
      38
      34
      39
      29
      32
      24
      26
      35
      33
      34
      33
      26
      25
      29
      30
      29
      31
      41
      39
      33
      39
      39
      31
      31
      36
      28
      34
      25
      33
      29
      28
      41
      38
      22
      32
      33
      22
      35
      34
      26
      37
      28
      30
      27
      31
      34
      37
      30
      30
      28
      26
      28
      29
      40
      36
      32
      31
      33
      32
      26
      28
      43
      26
      36
      34
      40
      36
      27
      30
      18
      35
      19
      33
      26
      25
      35
      25
      19
      31
      27
      16
      22
      31
      30
      24
      18
      32
      33
      31
      34
      21
      31
      32
      33
      23
      29
      32
      27
      24
      24
      23
      18
      25
      23
      26
      18
      14
      27
      23
      20
      23
      26
      19
      19
      20
      23
      20
      20
      20
      29
      29
      25
      23
      18
      23
      24
      18
      23
      15
      15
      17
      15
      28
      26
      19
      23
      19
      22
      22
      26
      23
      19
      20
      18
      18
      24
      28
      26
      21
      26
      19
      17
      12
      24
      27
      25
      22
      15
      18
      24
      22
      21
      28
      22
      18
      28
      22
      23
      22
      27
      25
      42
      24
      29
      35
      31
      42
      31
      20
      32
      36
      27
      32
      25
      38
      33
      29
      36
      29
      35
      36
      22
      33
      21
      36
      23
      26
      22
      20
      19
      24
      21
      31
      22
      28
      16
      22
      21
      13
      23
      11
      22
      13
      20
      22
      12
      16
      23
      30
      13
      19
      22
      13
      25
      21
      13
      16
      20
      26
      25
      22
      27
      25
      19
      12
      24
      23
      19
      18
      17
      20
      32
      28
      22
      23
      18
      17
      23
      19
      19
      20
      31
      37
      26
      18
      23
      26
      31
      35
      28
      23
      28
      29
      38
      16
      22
      20
      14
      17
      25
      13
      20
      17
      18
      20
      25
      18
      24
      20
      23
      23
      26
      22
      15
      21
      21
      22
      13
      21
      24
      26
      23
      21
      19
      30
      17
      17
      21
      24
      26
      22
      22
      21
      20
      27
      23
      20
      22
      16
      23
      25
      20
      22
      20
      19
      19
      21
      19
      22
      33
      20
      25
      26
      26
      30
      30
      25
      27
      23
      29
      19
      22
      29
      24
      22
      34
      26
      25
      29
      29
      28
      28
      23
      25
      31
      27
      29
      15
      24
      22
      20
      22
      19
      18
      19
      19
      23
      24
      10
      18
      19
      23
      14
      12
      14
      15
      16
       9
       7
      10
      12
      11
      11
      10
      15
      15
      11
       8
       9
      13
      20
       8
       6
      12
      11
      10
      12
       6
      13
       7
      10
      13
      12
      10
       8
      13
       8
      14
      15
       8
       7
      10
       9
       7
       8
       8
      11
       8
      12
      17
       5
       8
       8
       6
       5
      11
      13
       9
      10
       7
       5
       8
      14
      18
       9
       8
      10
      12
      24
      17
      16
      23
      24
      19
      18
      29
      27
      42
      28
      27
      38
      45
      42
      45
      52
      58
      44
      49
      68
      63
      57
      59
      62
      63
      66
      59
      74
      52
      64
      62
      58
      52
      72
      78
      63
      63
      46
      61
      42
      52
      48
      43
      38
      42
      38
      33
      32
      31
      32
      27
      28
      27
      25
      15
      20
      20
      22
      14
      18
      17
       6
      12
      14
      11
       6
       7
       8
       9
      12
      16
       4
       5
       8
       8
       4
       7
       5
       7
       5
      11
       3
       6
       5
       8
       9
       7
       4
      10
       6
       7
       2
       4
       9
       9
       1
       8
       7
       8
       8
       5
       6
       3
       7
       6
       6
       3
       9
       7
       7
       3
       8
       7
       2
       8
       2
       5
       5
       4
       5
       7
       5
       6
       7
       3
       6
       7
       5
      13
       7
       9
       6
       6
       5
       4
       4
       7
       8
       4
       4
       7
       2
       5
       9
       6
       5
       5
       9
       5
       6
       5
       3
       8
       4
       3
      10
       4
       6
      13
       8
       6
       7
      10
       6
       6
       5
       7
       8
       4
       3
       4
       7
       4
       7
       3
       8
       6
       8
       7
       4
       2
       3
       3
       8
       7
       5
       6
       5
       6
       3
       8
       4
       8
       5
       3
       8
       5
       7
       3
       7
       3
       4
       4
       7
       3
       5
       7
       1
       6
       7
       8
       7
       2
       7
       4
       4
       3
       9
       1
       5
       8
       3
       5
       7
       4
       6
       8
       6
       5
       5
       8
       7
       6
       2
       3
       2
       6
      11
       3
       7
       5
       2
       2
       6
       5
       5
       8
       6
       8
       8
       5
       5
       6
       5
       7
       5
      10
       8
       3
       4
       5
       7
       6
       4
       6
       4
       3
       5
       6
       2
       5
       6
       5
       7
       7
       5
       3
       5
      13
       5
       4
       7
       4
       6
       4
       1
       6
      10
       8
       4
      10
       7
       7
       8
       8
       1
       1
       7
       9
       4
       6
       3
       2
       3
       6
       5
       4
       7
       4
       4
       4
       7
       3
       4
       7
      10
       3
       8
       5
       6
       1
       8
       7
       4
       4
       6
       5
       8
       4
       3
       6
       2
       2
       5
       5
       7
       7
       3
       7
       2
       7
       2
       8
       6
       9
       9
       9
       8
       8
       3
       3
       4
       7
       1
       6
       4
       3
       7
       6
       2
       4
       4
       3
       6
       4
       6
       4
       3
       4
       5
       1
       1
       5
       7
       8
       4
       6
       3
       4
       3
       4
       3
       2
       4
       2
       4
      13
       0
       5
       5
       4
       2
       3
       4
       7
       2
       4
       8
       3
       3
       5
       2
       5
       5
       2
       3
       3
       6
       5
      10
       2
       5
       4
       5
       1
       2
       7
       1
       5
       3
       5
       4
       2
       3
       1
       4
       8
       7
       3
       4
       2
       3
       4
       3
       1
       3
       5
       2
       2
       8
       3
       4
       7
       4
       6
       3
       5
      10
       4
       4
       5
       5
       3
      10
       4
       4
       6
       6
       6
       4
       4
       4
       5
       6
       5
       6
       3
       9
       7
       6
       2
       6
       6
       8
       6
       5
       5
       4
       4
       1
       4
       8
       6
       5
       7
       5
       6
       4
       5
       7
       6
       7
       3
       4
       3
       2
       4
       4
       3
       6
       5
       6
       5
       4
       4
       3
       3
       6
       5
       7
       2
       2
       4
       3
       3
       2
       4
       1
       2
       4
       3
       7
       7
       6
       5
       1
       6
       4
       4
       5
       3
       2
       4
       2
       7
       2
       3
       2
       2
       5
       6
       4
       4
       4
       5
       6
       5
       3
       3
       3
       6
       4
       8
       5
       1
       7
       5
      10
       1
       4
       3
       3
       4
       4
       5
      10
       6
       7
       2
       5
       5
       6
       4
       2
       7
       4
       3
       2
      10
       2
       4
       1
       4
       3
       4
       6
       0
       7
       0
       4
       6
       4
       6
       6
       3
       3
       1
       1
       2
       5
       4
       1
       5
       3
       5
       4
       1
       3
       4
       4
       2
       7
       2
       3
       5
       5
       3
       3
       4
       5
       7
       1
       7
       6
       1
       6
       4
       4
       5
       6
       3
       5
       4
       4
       8
       5
       3
       5
       4
       6
       3
       5
       3
       7
       6
       4
       4
       6
       4
       2
       6
       5
       0
       2
       5
       2
       3
       4
       5
       4
       2
       1
       4
       1
       1
       5
       3
       5
       5
       3
       4
       2
       2
       5
       4
       4
       2
       6
       6
       5
       4
       4
       4
       3
       5
       2
       3
       6
       2
       1
       0
       6
       9
       1
       4
       4
       4
       3
       4
       6
       5
       5
       3
       7
       6
       6
       2
       3
       7
       7
       3
       3
       6
       1
       8
       1
       6
       5
       3
       5
       2
       3
       2
       0
       4
       2
       2
       5
       3
       3
       4
       4
       7
       4
       2
       5
       3
       7
       4
       4
       4
       1
       7
       5
       5
       7
       4
       3
       4
       3
       4
       8
       5
       2
       5
       4
       3
       6
       3
       3
       2
       4
       1
       4
       4
       4
       6
       2
       1
       1
       4
       5
       3
       2
       7
      11
       4
       8
       4
       1
       8
       2
       5
       4
       6
       4
       6
       4
       3
       7
       5
       0
       9
       4
       2
       6
       4
       6
       6
       3
       4
       3
       6
       1
       4
       4
       7
       4
       3
       6
       8
       4
       6
       3
       4
       3
       7
       7
       1
       5
       2
       6
       4
       6
      10
       5
       4
       7
       5
       6
       6
       7
       2
       5
       8
       9
       4
       4
       2
       2
       5
       6
       4
       5
       5
       4
       9
       3
       3
       1
       4
       4
       3
       5
       1
       4
       4
       7
       5
       4
       5
       2
       3
       4
       0
       1
       6
       2
       8
       2
       4
       3
       4
       4
       6
       4
       7
       5
      11
       5
       2
       2
       3
       2
       4
       3
       3
       6
       5
       8
       6
       4
       3
       4
       1
       6
       6
       7
       3
       3
       9
       6
       1
      10
       4
       2
       5
       2
       6
       5
       4
       1
       2
       5
       5
       3
       4
       7
       4
       5
       3
       3
       3
       7
       5
       3
       6
       3
       4
       5
       4
       4
       5
       6
       3
       3
       6
       4
       4
       6
       4
       6
       7
       6
       6
       7
       6
       4
       5
       5
       3
       7
       7
       3
       3
       5
       5
       5
       4
       4
       4
       5
       2
       3
       1
       7
       7
       6
       7
       7
       9
       3
       0
       5
       5
       3
       5
       1
       6
       9
       4
       7
       2
       2
       6
       5
       4
       1
       8
       3
       4
       6
       2
       5
       6
       4
       4
       1
       8
       5
       9
       2
       4
       4
       3
       4
       5
       1
       8
       8
       6
       4
       2
       8
       5
       5
       5
       4
       5
       6
       7
       1
      12
       4
       5
       4
       5
       7
       1
       6
       5
       8
       6
       6
       7
       3
       6
       1
       5
       1
       5
       2
       4
       6
       6
      13
       6
       4
       3
       5
       8
       3
       5
       4
      10
       8
      13
       6
       3
       2
       5
       9
       7
       8
       4
       3
       2
       4
       7
       6
       5
       6
      10
       4
       2
       9
       5
       3
       3
       3
       4
      10
       2
       3
       3
       2
       6
       9
       9
       5
       4
       1
       4
       5
       3
       7
       4
       4
       4
       3
       2
       5
       6
       5
       4
       2
       2
       7
       3
       4
       6
       4
       6
       5
       3
       3
       6
       3
       3
       6
       2
       1
       4
       4
       1
       1
       5
       7
       5
       5
      10
       1
       4
       4
       7
       3
       4
       4
       4
       3
       6
       7
       3
       2
       6
       2
       0
       7
       1
       5
       3
       1
       8
       4
       6
       2
       5
       5
       4
       6
       6
       6
       5
       6
       4
       6
       7
       3
       6
       1
       7
       3
       6
       4
       5
       1
       6
       4
       6
       4
       7
       5
       8
       1
       5
       4
       6
       5
       4
       7
       2
       3
       6
       5
       4
       8
       7
       3
       4
       8
       5
       4
       3
       4
       9
       4
       2
       7
       6
       2
       3
       8
       2
       5
       5
       2
       4
       6
       7
       4
       7
       2
       1
       5
       5
       4
       7
       6
       6
       4
       0
       0
       0
       0
       0
       0
       0
       0
       0
       0
       0
       0
       0
       0
       0
       0
       0
       0
       0
       0
       0
       0
       0
       0
       0
       0
       0
       0
       0
       0
       0
       0
       0
       0
       0
       0
       0
       0
       0
       0
       0
       0
       0
       0
       0
       0
       0
       0
       0
       0
       0
       0
       0
       0
       0
       0
       0
       0
       0
       0
       0
       0
       0
       0
       0
       0
       0
       0
       0
       0
       0
       0
       0
       0
       0
       0
       0
       0
       0
       0
       0
       0
       0
       0
$ROI:
1
712 830
$PRESETS:
Live Time
120
0
$ENER_FIT:
-23.656767 2.297974
$MCA_CAL:
3
-2.365677E+001 2.297974E+000 2.836717E-005 keV
$SHAPE_CAL:
3
0.000000E+000 0.000000E+000 0.000000E+000
