$SPEC_ID:
Sample008
$SPEC_REM:
DET# 1
DETDESC# DESKTOP-I499GD2 Easy-MCA-2k SN 18191655
AP# Maestro Version 7.01
$DATE_MEA:
03/01/2024 11:35:39
$MEAS_TIM:
120 120
$DATA:
0 2047
       0
       0
       0
       0
       0
       1
       1
       3
      93
      49
      59
      57
      45
      67
      66
      66
      72
      84
      74
      53
      76
      69
      66
      71
      63
      76
      68
      99
     106
     100
     118
     127
     121
     144
     131
     108
      93
     113
      97
     108
      99
     139
     134
     126
     149
     183
     170
     182
     196
     202
     225
     249
     295
     250
     267
     288
     232
     242
     245
     257
     293
     340
     399
     498
     528
     516
     456
     410
     351
     283
     243
     242
     206
     220
     231
     178
     197
     219
     184
     201
     219
     189
     214
     174
     230
     209
     200
     201
     206
     203
     241
     222
     213
     211
     227
     194
     167
     168
     176
     182
     165
     158
     177
     203
     152
     175
     197
     202
     168
     164
     162
     163
     156
     143
     129
     151
     129
     139
     156
     126
     157
     118
     119
     131
     120
     124
     136
     115
     112
     124
     109
     122
     103
     115
     122
     117
     113
     115
     107
     102
     108
     109
     110
     109
      80
     106
     112
     113
     107
      87
      98
     103
      77
      90
      94
      89
      72
      86
     100
      79
      90
      92
      96
      84
      73
      79
      75
      66
      71
      92
      74
      67
      64
      80
      81
      86
      63
      70
      66
      61
      77
      69
      72
      60
      69
      64
      70
      69
      62
      67
      53
      80
      64
      58
      62
      62
      51
      54
      73
      57
      46
      57
      69
      66
      48
      55
      74
      43
      56
      62
      61
      56
      67
      70
      71
      60
      85
      97
      90
      71
     110
      85
     103
     114
     125
     137
     136
     121
     131
     130
     109
     130
     127
     120
     109
     102
      97
     104
      92
      63
      76
      59
      57
      57
      51
      52
      54
      52
      39
      47
      29
      45
      47
      43
      37
      41
      41
      37
      45
      37
      40
      44
      46
      51
      48
      27
      39
      36
      45
      24
      43
      40
      33
      48
      36
      47
      39
      35
      42
      29
      47
      34
      32
      42
      32
      37
      46
      33
      38
      47
      33
      38
      47
      31
      27
      33
      32
      22
      30
      31
      34
      41
      38
      30
      28
      29
      32
      39
      18
      32
      31
      44
      24
      33
      28
      39
      43
      28
      28
      37
      25
      33
      17
      25
      36
      32
      32
      42
      29
      28
      31
      33
      30
      29
      33
      35
      35
      34
      34
      35
      26
      25
      33
      28
      25
      34
      36
      33
      33
      31
      26
      35
      28
      20
      31
      27
      38
      31
      41
      29
      32
      38
      32
      42
      33
      28
      32
      36
      30
      21
      35
      30
      33
      32
      27
      30
      29
      24
      40
      25
      21
      29
      25
      25
      17
      29
      29
      37
      25
      37
      23
      31
      25
      26
      20
      31
      26
      16
      23
      17
      26
      18
      29
      29
      24
      29
      17
      28
      22
      20
      27
      24
      19
      25
      22
      33
      26
      21
      21
      13
      27
      26
      16
      20
      29
      20
      25
      18
      26
      18
      30
      27
      25
      17
      31
      18
      17
      24
      29
      27
      17
      23
      17
      12
      26
      18
      19
      15
      21
      16
      17
      23
      17
      15
      16
      32
      29
      24
      21
      21
      27
      22
      24
      23
      24
      23
      22
      25
      31
      28
      29
      21
      31
      23
      26
      20
      27
      33
      27
      24
      36
      33
      29
      32
      33
      35
      31
      27
      27
      34
      40
      30
      28
      27
      24
      35
      28
      18
      34
      25
      33
      21
      29
      19
      21
      25
      25
      26
      21
      23
      23
      16
      28
      29
      26
      23
      27
      23
      16
      17
      12
      22
      25
      20
      27
      22
      25
      18
      23
      19
      22
      25
      21
      16
      24
      22
      17
      29
      27
      29
      19
      25
      20
      22
      23
      25
      19
      20
      18
      22
      17
      29
      25
      22
      22
      16
      22
      23
      24
      18
      24
      29
      21
      22
      20
      36
      16
      31
      22
      22
      27
      29
      17
      20
      28
      15
      23
      24
      19
      17
      19
      18
      15
      19
      24
      20
      15
      17
      17
      20
      20
      24
      17
      19
      19
      22
      17
      16
      17
      20
      26
      21
      20
      15
      23
      20
      18
      26
      23
      18
       9
      19
      25
      20
      25
      33
      20
      20
      28
      22
      25
      25
      23
      28
      36
      28
      25
      34
      18
      19
      32
      28
      37
      27
      20
      38
      31
      30
      24
      32
      30
      29
      34
      41
      29
      18
      21
      32
      19
      22
      21
      22
      23
      28
      21
      17
      26
      25
      12
      14
      22
      15
      11
      16
      13
      15
      14
      21
      15
      20
      13
      17
       9
      22
      17
      15
       8
      14
      15
      13
       8
      16
       8
       7
       7
      15
       9
      11
      10
      10
       7
       8
      10
      11
       8
      11
      10
       7
       7
      12
      12
       9
      12
       8
       8
      10
       9
       6
      11
       7
       9
       8
      12
      14
      11
       7
       8
       7
       7
      10
       8
      10
       7
       9
       4
       9
      12
       7
      13
      12
      16
      14
      12
      10
      17
      24
      19
      14
      15
      22
      26
      37
      32
      34
      43
      24
      37
      50
      35
      43
      62
      60
      51
      61
      59
      55
      68
      57
      70
      54
      57
      72
      62
      81
      85
      60
      70
      64
      65
      59
      54
      71
      51
      44
      43
      48
      59
      30
      53
      38
      34
      40
      35
      34
      31
      22
      28
      30
      18
      16
      21
      10
      13
      11
      12
      15
      11
      10
      17
       7
      13
       8
      10
      11
      12
       5
       8
       8
       8
       5
       2
       9
       4
       1
       3
       8
       6
       5
       6
       6
       5
       7
       7
       8
       8
      11
       1
       7
      11
       4
       5
       5
       7
      14
       5
       5
       4
       7
       6
       7
       3
       3
       5
       4
       7
       4
       4
       5
       8
       7
       4
       4
       1
       3
       3
       4
       3
       8
       4
       5
       9
       5
       7
       6
       2
       4
       4
       8
      10
       2
       3
       6
       8
       5
       6
       6
       6
       9
       8
       6
       4
       7
       6
       9
       8
       4
       7
       5
       7
      11
       2
       5
      10
       7
       8
       5
       4
       5
       4
       6
       4
       6
       5
       6
       7
       9
       8
       5
       4
       4
       3
      10
       5
       1
       3
       1
       6
       7
       3
       9
       9
       7
       7
       6
       7
       5
      10
       5
       1
       9
       3
       4
       5
       2
       9
       2
       4
       7
       3
       5
       4
       3
       5
       5
       5
       4
       6
       8
       8
       8
       9
       4
       4
       7
       9
       8
       7
       3
       2
       6
       5
       4
       6
       9
       3
       3
       9
       4
       7
       7
       0
       4
       7
       6
       7
       4
       4
       8
       5
       1
       4
       9
       9
       7
       8
       7
       4
      10
       4
       7
       6
       5
       8
       1
       4
       6
       9
       8
       4
       3
       5
       8
       3
      10
       7
       3
       5
       2
       7
       4
       4
       6
       4
       2
       5
       4
       3
       3
       4
       4
       3
       3
       3
       3
       7
       5
       3
       1
       4
       9
       5
       5
       4
       6
       2
       5
       3
       8
       3
       8
       2
       4
       1
       5
       5
       4
       4
       8
       3
       2
       2
       2
       2
       6
       9
       5
      11
       5
       5
       3
       3
       4
       4
       8
       5
       5
       7
       4
       3
       4
      10
       4
       5
       5
       2
       6
       3
       1
       3
       5
       5
       3
       8
       4
       4
       5
      10
       3
       4
       4
       8
       5
       6
       4
       5
       8
       6
       8
       2
       3
       8
       5
       6
       3
       7
       4
       3
       6
       6
       3
       4
       7
       5
       7
       0
       2
       4
       4
       8
       2
       7
       3
       2
       4
       7
       5
       6
       6
       7
       2
       4
       8
       5
       5
       7
       3
       5
       4
       5
       3
      11
       3
       3
       7
       5
       2
       6
       6
       4
      10
       4
       2
       3
       1
       3
       1
       5
       5
       5
       3
       6
       8
       4
       4
       8
       5
       4
       5
       1
       5
       5
       3
       1
       4
       5
       5
       5
       1
       5
       4
       6
       6
       5
       5
       5
      12
       6
       5
       1
       8
       6
       4
       6
       5
       7
       3
       5
       3
       9
       7
       5
       5
       7
       4
       3
       3
       3
       5
       4
       4
       5
       4
       4
       4
       6
       7
       5
       4
       4
       4
       2
       8
       7
       5
       5
       4
      11
       4
       5
       5
       3
       4
       3
       3
       5
       6
       5
       3
       3
       4
       5
       5
       1
       7
       5
       6
       2
       3
       3
       4
       3
       4
       3
       2
       6
       6
       4
       3
       4
       2
       2
       1
       5
       3
       3
       4
       3
       5
       5
       2
       0
       4
       4
       2
       7
       8
       5
       5
       4
       3
       7
       2
       2
       4
       5
       2
       1
       6
       7
       5
       1
       4
       4
       8
       2
       3
       3
       4
       2
       4
       6
       8
       5
       2
       6
       6
       4
       5
       4
       3
       2
       3
       3
       4
       4
       1
       7
       4
       4
       6
       5
       0
       3
       5
       4
       2
       3
       7
       4
       6
       4
       4
       2
       6
       2
       8
       4
       4
       2
       6
       9
       6
       3
       6
       2
       4
       3
       7
       7
       7
       2
       2
       3
       3
       5
       2
       6
       2
       7
       5
       6
       5
       1
       0
       4
       3
       0
       7
       3
       4
       4
       6
       3
       1
       4
       3
       2
       5
       5
       2
       6
       1
       6
       1
       4
       4
       2
       9
       3
       4
       3
       3
       6
       4
       3
       1
       6
       4
       4
       2
       4
       5
       2
       3
       7
       6
       6
       6
       0
       2
       5
       2
       6
       6
       3
       5
       7
       4
       3
       2
       1
       5
       5
       2
       2
       3
       3
       5
       4
       8
       4
       2
       6
       6
       4
       4
       4
      11
       3
       1
       3
       6
       7
       2
       1
       2
       2
       7
       5
       3
       3
       3
       6
       4
       2
       1
       3
       4
       1
       3
       4
       4
       1
       3
       3
       2
       6
       8
       4
       3
       1
       2
       5
       3
       7
       7
       6
       3
      11
       2
       1
       6
       4
       6
       4
       3
       5
       2
       4
       5
       3
       3
       3
       3
       3
       3
       3
       3
       5
       5
       7
       7
       2
       3
       4
       2
       2
       2
       1
       5
       3
       4
       7
       5
       2
       4
       4
       6
       4
       5
       2
       5
       6
       6
       6
       2
       4
       8
       4
       4
       1
       5
       5
       4
       4
       6
       2
       3
       6
       5
       5
       1
       4
       3
       3
       1
       3
       9
       5
       5
       5
       9
       4
       3
       8
       8
       5
       3
       4
       4
       2
       9
       4
       7
       3
       3
       0
       6
       5
       6
       2
       6
       6
       1
       9
       7
       8
       8
       7
       0
       2
       1
       5
       7
       7
       4
       4
       3
       6
       4
       3
       8
       4
       4
       8
       4
       5
       5
       3
       1
       8
       5
       2
       1
       6
       6
       2
       3
       6
       4
       6
       5
       2
       3
       3
       3
       5
       2
       3
       2
       4
       5
       6
       2
       1
       7
       2
       5
       8
       5
       4
       2
       4
       6
       4
       1
       0
       3
       2
       3
       4
       4
       5
       2
       5
       2
       6
       5
       2
       6
       3
       5
       3
       3
       4
       3
       1
       3
       6
       3
       3
       4
       7
       1
       2
       7
       6
       5
       9
       6
       4
       7
       7
       5
       3
       1
       6
       5
       8
       1
       7
       9
       4
       6
       7
       7
       3
       3
       8
       7
      10
       6
       4
       7
       5
       7
       7
       1
       4
       2
       6
       2
       6
       6
       4
       5
       8
       3
       2
       9
      10
       6
      10
       5
       6
       6
       5
       3
       9
       4
       5
       6
       9
       3
       4
       5
       4
      10
       5
       3
       6
       5
       3
       7
       6
       1
       5
       5
       7
       9
      11
       5
       5
       6
       6
       8
       5
       4
       3
       3
       4
       2
       2
       0
       7
       4
       2
       6
       1
       5
       2
       9
       3
       6
       8
       3
       7
       3
       4
       3
       4
       5
       9
       5
       6
       8
       7
       5
      12
       3
       2
       3
       5
       3
       8
       6
       6
       5
       8
       8
       4
       3
       6
       1
       5
       6
       4
       2
      10
       3
       8
       8
       6
       8
       3
       5
       5
       2
       6
       2
       3
       4
       8
       7
       3
       3
       3
       5
       3
       3
       3
       5
       6
       4
       7
       4
       2
       1
       4
       5
       6
       3
       5
       3
       3
       4
       2
       3
       5
       7
       4
       3
       5
       6
       3
       7
       5
       9
       6
       5
       3
      12
       3
       5
       6
       3
       1
       6
       5
       5
       8
       3
       3
       4
       1
       6
       5
       1
       3
       7
       2
       2
       4
       1
       5
       5
       6
       5
       5
       3
       5
       3
       2
       3
       4
       6
       2
       2
       6
       0
       8
       6
       5
       1
       3
       7
       4
       7
       7
       1
       9
       6
       8
       2
       2
       5
       4
       6
       6
       6
       7
       4
       4
       7
       4
       4
       1
       1
       2
       5
       3
       5
       1
       3
       1
       5
       7
       4
       9
       6
       5
       3
       5
       3
       4
       2
       2
       7
       3
       4
       5
       2
       2
       5
       5
       4
       4
       3
       6
       6
       4
       6
       2
       0
       6
       2
       3
       6
       6
       5
       4
       5
       5
       3
       0
       0
       0
       0
       0
       0
       0
       0
       0
       0
       0
       0
       0
       0
       0
       0
       0
       0
       0
       0
       0
       0
       0
       0
       0
       0
       0
       0
       0
       0
       0
       0
       0
       0
       0
       0
       0
       0
       0
       0
       0
       0
       0
       0
       0
       0
       0
       0
       0
       0
       0
       0
       0
       0
       0
       0
       0
       0
       0
       0
       0
       0
       0
       0
       0
       0
       0
       0
       0
       0
       0
       0
       0
       0
       0
       0
       0
       0
       0
       0
       0
       0
       0
       0
$ROI:
1
712 830
$PRESETS:
Live Time
120
0
$ENER_FIT:
-23.656767 2.297974
$MCA_CAL:
3
-2.365677E+001 2.297974E+000 2.836717E-005 keV
$SHAPE_CAL:
3
0.000000E+000 0.000000E+000 0.000000E+000
