$SPEC_ID:
Sample008
$SPEC_REM:
DET# 1
DETDESC# DESKTOP-I499GD2 Easy-MCA-2k SN 18191655
AP# Maestro Version 7.01
$DATE_MEA:
03/01/2024 12:14:52
$MEAS_TIM:
120 120
$DATA:
0 2047
       0
       0
       0
       0
       0
       1
       0
       8
     132
      83
      65
      64
      86
      77
      92
     102
     103
     108
     111
     109
      91
      81
      96
      99
      98
     102
     102
     102
     134
     142
     156
     162
     154
     180
     157
     144
     132
     121
     115
     147
     137
     158
     160
     183
     193
     185
     203
     214
     189
     237
     246
     269
     276
     268
     264
     272
     268
     291
     271
     322
     332
     382
     439
     482
     506
     543
     547
     441
     377
     317
     297
     269
     268
     254
     225
     237
     269
     267
     271
     228
     243
     277
     241
     231
     247
     229
     240
     246
     264
     224
     256
     239
     202
     227
     206
     228
     243
     226
     215
     198
     225
     226
     224
     206
     229
     206
     222
     199
     189
     206
     196
     208
     205
     184
     195
     180
     169
     182
     173
     177
     184
     154
     168
     190
     133
     146
     169
     176
     139
     166
     165
     143
     158
     173
     144
     144
     148
     134
     131
     133
     160
     119
     160
     134
     118
     129
     138
     121
     120
     128
     113
     104
     133
     139
     129
     112
     116
     108
     113
     114
     109
     131
     102
     109
     101
     114
      94
     115
      92
     113
      84
      94
      82
      97
      99
     111
      93
      79
      83
      92
     105
      82
      85
      84
      89
      91
     106
      90
      82
      84
      73
      77
      69
      95
      72
      62
      68
      71
      77
      97
      94
      65
      70
      66
      77
      81
      67
      77
      83
      85
      93
      78
      93
      87
     110
     100
     106
     120
     117
     121
     135
     145
     134
     151
     180
     180
     155
     181
     206
     184
     185
     198
     196
     151
     161
     147
     129
     126
     105
     116
     100
     101
      86
      72
      70
      72
      63
      63
      70
      61
      72
      53
      52
      36
      61
      57
      47
      60
      68
      49
      56
      47
      53
      51
      59
      50
      63
      53
      56
      51
      55
      49
      54
      76
      49
      55
      60
      55
      37
      54
      43
      49
      58
      36
      43
      55
      51
      50
      61
      69
      59
      48
      61
      46
      42
      36
      61
      47
      43
      56
      46
      46
      38
      43
      48
      49
      44
      44
      55
      34
      40
      53
      58
      40
      45
      32
      46
      43
      44
      51
      39
      41
      62
      40
      42
      44
      43
      41
      53
      51
      34
      39
      48
      36
      37
      53
      43
      41
      48
      37
      35
      35
      40
      41
      46
      43
      37
      46
      46
      35
      46
      47
      28
      34
      50
      49
      37
      39
      49
      37
      43
      42
      39
      33
      41
      33
      51
      37
      37
      46
      36
      38
      37
      37
      50
      25
      40
      38
      29
      32
      37
      34
      34
      34
      37
      40
      42
      32
      30
      36
      36
      49
      32
      23
      32
      38
      38
      29
      34
      33
      42
      35
      43
      32
      24
      38
      32
      34
      28
      31
      33
      32
      31
      30
      35
      39
      22
      30
      28
      34
      34
      30
      35
      33
      31
      23
      34
      29
      22
      27
      28
      30
      28
      33
      31
      27
      26
      31
      28
      32
      32
      25
      35
      40
      18
      28
      25
      34
      35
      23
      27
      41
      42
      33
      26
      23
      23
      35
      34
      30
      28
      34
      43
      29
      24
      23
      49
      32
      28
      30
      30
      36
      34
      38
      43
      42
      30
      34
      39
      48
      45
      24
      39
      41
      37
      47
      30
      44
      40
      31
      38
      51
      29
      49
      47
      38
      28
      28
      36
      31
      41
      36
      35
      33
      43
      40
      29
      27
      32
      36
      38
      31
      36
      37
      34
      39
      33
      35
      37
      31
      33
      28
      34
      27
      38
      12
      30
      25
      25
      28
      26
      32
      24
      23
      16
      32
      39
      36
      25
      36
      38
      38
      37
      30
      34
      39
      28
      36
      34
      30
      25
      28
      30
      31
      38
      33
      37
      41
      29
      46
      38
      30
      41
      33
      29
      34
      35
      30
      35
      34
      31
      28
      27
      26
      45
      42
      30
      28
      33
      29
      36
      23
      30
      32
      22
      38
      36
      30
      38
      31
      34
      30
      33
      24
      25
      38
      29
      36
      35
      29
      23
      32
      17
      34
      31
      24
      35
      38
      36
      41
      28
      25
      22
      37
      33
      33
      28
      39
      33
      40
      31
      38
      40
      37
      32
      45
      41
      34
      34
      39
      43
      51
      50
      39
      54
      42
      40
      32
      35
      38
      38
      28
      33
      24
      29
      35
      38
      35
      32
      34
      30
      35
      29
      40
      24
      21
      28
      36
      21
      25
      23
      22
      28
      26
      23
      23
      22
      15
      26
      25
      23
      25
      14
      25
      16
      16
      10
      14
      24
      21
      26
      25
      21
      22
      12
      11
      16
      13
      13
      10
      23
      21
      14
      16
      16
       8
      26
      20
      10
      15
      19
      11
      18
      12
      12
      23
      18
      12
      14
      15
      14
      10
      11
      19
      14
      17
      18
      22
      10
      13
      10
       9
       8
      16
       9
      11
      11
      19
      18
      16
      21
      21
      24
      18
      22
      20
      28
      39
      33
      36
      37
      41
      46
      50
      51
      47
      51
      74
      82
      75
      88
      84
      96
     104
      98
      82
      89
     107
      99
     108
     109
     107
     123
     109
      99
     102
     101
      88
     114
     110
     103
     101
      97
      92
      85
      81
      77
      82
      77
      54
      83
      56
      60
      50
      45
      45
      42
      30
      30
      27
      32
      32
      20
      19
      14
      24
      19
       9
      20
      19
      22
      20
      12
      13
      12
      12
      20
      11
       9
      12
      11
       8
      13
       7
       5
      12
       4
       5
      15
       9
      13
      12
       9
       6
       9
       8
      16
       8
      14
      12
       9
       5
       5
       7
      10
      10
       6
      11
      12
       7
       9
      13
       7
      15
       7
       9
       8
       5
       8
       3
       9
       8
       6
      10
      10
      11
       7
       7
       5
       6
       3
       8
      11
       9
       7
       7
      14
       7
       9
       5
      16
       7
      10
      10
       6
       9
      11
       6
      12
      14
       7
       9
       7
       5
       8
       6
       7
      12
      11
      11
      11
       8
       4
       6
       6
       8
       4
      12
       9
       8
      11
       7
       6
       8
       5
       8
       9
       9
       7
      11
      14
       3
       4
       6
      11
      11
       8
      10
       8
       8
       6
       9
       7
       6
       9
      10
       7
       6
       9
      10
       5
       7
       7
       6
       6
      11
      11
       8
       7
       9
       8
       7
       4
       6
       8
       9
       6
       6
       6
       8
       4
       8
       9
       7
       7
       9
       9
       7
       8
       6
       8
      10
       3
      11
      13
      11
      10
      10
       9
       3
       2
       9
       6
       8
      10
       6
       5
      10
       8
       7
       9
       9
      11
       7
      10
       5
       9
      11
      10
      12
       7
      15
      14
       6
      12
       7
      16
       7
      10
       5
       6
       7
       4
       6
       9
       6
       8
       7
       4
      12
       4
      10
      12
      11
      11
       8
       6
       7
       8
       6
       9
       5
       8
       7
       9
      11
       2
      11
      13
       7
       9
       6
      11
       5
      11
       4
       6
      11
       3
       8
       4
       7
       7
       3
       5
       8
      12
       4
       8
       6
       5
       4
       7
       6
       7
       4
       5
      12
       9
       9
       6
       3
      10
       7
      11
       7
       3
       6
       8
       6
       9
       9
       8
      11
       7
      10
       4
       8
       8
       7
       5
       5
       5
       3
      10
       7
      10
       5
       7
      11
       9
       4
       5
       6
       8
      12
       9
       6
       7
      14
       9
       4
       6
       6
       8
       7
      12
       3
       9
      17
       9
       5
      12
       8
       6
       9
       7
       7
       3
       7
       5
       6
      12
       7
       6
       9
      10
       4
       6
      11
       8
       4
       5
       4
       4
       4
       4
       3
       7
      10
       4
       3
       6
       9
       5
      12
       3
       7
      11
       6
       8
       3
       6
       8
       6
       8
       3
      10
       8
       9
       3
       6
       4
       9
      10
       7
       6
       5
       5
       3
       7
       2
       7
       6
       7
       4
       4
       6
       3
      11
       4
       9
       6
       0
       6
       8
      15
      14
       6
      10
      10
      13
      12
      12
      12
       7
       6
       9
       8
       4
       6
       8
       6
       8
       6
       9
       9
      12
       7
       1
      12
       7
       5
       6
       7
       9
      11
       9
       3
       8
       6
       8
      13
       8
       7
      11
      10
       8
       5
       6
      12
       8
       6
       7
      15
       4
      12
       8
       3
       7
      10
       6
       1
       5
       7
      11
       8
       5
       5
       7
       8
       3
       5
       6
       4
       8
       4
       5
       7
       5
       8
       8
       5
      10
       6
       2
       7
       8
       4
       6
       4
       6
       6
      13
       4
       4
       5
       5
       3
       5
       9
       7
       3
       7
       6
       7
       6
       4
       5
       9
       5
       3
       2
       3
       5
       7
       7
       7
       6
      10
       7
       3
       4
       8
       5
       6
       9
       3
       5
       4
       6
       7
       4
      12
       6
       7
       5
       5
       6
       9
       5
       5
       6
       6
       9
       7
       8
       6
       6
       6
       4
       7
       5
       5
       9
       6
       3
       4
       4
       1
       3
       7
       5
       6
       8
       6
       7
       4
       8
       7
       2
       5
       8
       5
       6
       6
       4
       8
       4
       3
       3
       7
       1
      12
      11
       4
       7
       5
      10
       8
       2
       4
       3
       3
       6
       6
       8
       6
       5
       2
       6
       5
       4
       9
       3
       1
       6
       5
      10
       5
       3
       8
       4
       7
       4
      10
       4
       4
       8
       0
       4
       5
       8
       1
       2
       8
       6
       4
       5
       6
       5
       8
       3
       7
      10
      10
      15
       6
       5
       5
       6
       6
       5
       5
       3
       3
       2
       5
       4
       5
       7
       3
       7
       7
      10
       3
       6
       5
       5
       2
       7
       8
       9
       2
       3
       8
       6
       3
       2
       5
       6
       8
      12
       2
       6
       4
       7
       4
       4
       7
       4
       2
       8
       6
       3
       6
       5
       4
       4
       3
       5
       9
       6
       8
       5
       4
       8
       6
       6
       6
       3
       6
       6
       3
       5
       6
       5
       6
       4
       7
       4
       7
      12
       5
       9
       9
       7
       4
       6
       6
      11
      13
       3
       6
       7
       7
       7
       7
       2
       4
       5
       9
       9
       6
      11
       6
      13
       6
      10
      10
       4
       6
       8
       5
       7
       5
       9
       4
       6
       4
       8
       5
       4
       6
       7
       5
       3
       7
       6
       2
       5
       5
       9
       9
       8
       4
       6
       3
       7
      11
       4
       4
       9
       7
       8
       7
       6
       6
       7
       9
       3
      14
      10
       9
       6
       6
       5
       8
       3
       8
       8
       7
       5
       4
      13
       7
       6
       6
       3
       7
       7
       9
      12
       7
      10
       3
       3
       9
       3
       5
       7
       3
       4
       7
      11
       6
      12
       8
       8
       3
       6
       4
       6
       4
       7
       3
       3
       5
       5
       5
       6
      12
       7
       7
       5
      10
       4
       5
       6
       3
       3
       5
       7
       8
       6
       6
       6
       4
       6
       8
       7
       6
       6
       6
       7
       3
       6
       5
       5
       8
       9
       7
      10
       7
       9
       8
       5
       3
       5
      10
       5
       6
       3
       3
      11
       9
       9
       7
       1
       6
       7
       5
       6
       7
       8
       6
       8
       8
       7
       6
       4
       8
       6
      13
       5
       3
       9
       9
       9
       9
       5
       8
       6
      12
       5
       8
      13
       6
       4
       9
      11
      10
      10
       5
       7
       8
      15
       9
      14
       9
       9
      13
      14
       4
       7
       3
       4
       7
       5
       6
      11
      11
       9
       9
       3
       8
       9
       6
       8
       8
       9
       6
       3
       9
       9
       6
       6
      11
       9
       5
       6
       7
       7
       5
       4
       5
       9
      11
       4
      10
       9
      10
       4
       5
       8
      11
       9
       9
      10
       6
       4
       7
       8
       8
      11
       8
      11
      10
       6
       6
      10
       5
       4
       8
       7
       9
       9
       4
      10
       7
       6
      11
      10
       7
       5
       6
       5
       7
       8
       7
      10
      13
       7
       8
       6
       8
       3
       7
       7
      10
       8
       8
       7
       2
       7
       8
       9
       6
       8
       8
      12
       4
       6
       7
       8
       2
       6
       7
       6
       9
       7
       7
       8
      10
       2
       6
       6
       5
       4
       7
       3
       4
       4
       5
       7
       2
       7
       8
       4
      17
       4
       7
       6
      12
      10
       3
       4
       5
       5
      14
       7
       8
      12
       4
       5
       8
       8
       7
       8
       5
       6
       4
       9
       3
       7
       9
       9
       7
      10
       4
      11
       7
       7
       7
       7
       9
       4
       2
       4
       7
       8
       5
       8
       5
       7
      12
       8
       8
       4
       6
       7
       6
       5
       8
       8
      10
       3
      11
       6
       2
       9
       5
       7
       3
       6
       7
      10
       4
       8
       6
       8
       6
       5
       7
       8
       5
       6
       7
      10
       4
       5
       7
       8
       7
       8
       7
       6
       6
      16
       8
       6
       7
       6
       6
       9
       5
       4
      10
       2
       8
       9
       6
       4
       4
       5
       9
       7
       5
       6
       3
      10
       5
       5
       9
      14
       5
       8
       5
       4
       4
       8
       4
       5
       8
       5
       4
       8
       5
       6
       6
       6
       5
       4
       5
       0
       0
       0
       0
       0
       0
       0
       0
       0
       0
       0
       0
       0
       0
       0
       0
       0
       0
       0
       0
       0
       0
       0
       0
       0
       0
       0
       0
       0
       0
       0
       0
       0
       0
       0
       0
       0
       0
       0
       0
       0
       0
       0
       0
       0
       0
       0
       0
       0
       0
       0
       0
       0
       0
       0
       0
       0
       0
       0
       0
       0
       0
       0
       0
       0
       0
       0
       0
       0
       0
       0
       0
       0
       0
       0
       0
       0
       0
       0
       0
       0
       0
       0
       0
$ROI:
2
204 249
712 830
$PRESETS:
Live Time
120
0
$ENER_FIT:
-23.656767 2.297974
$MCA_CAL:
3
-2.365677E+001 2.297974E+000 2.836717E-005 keV
$SHAPE_CAL:
3
0.000000E+000 0.000000E+000 0.000000E+000
