$SPEC_ID:
Sample005
$SPEC_REM:
DET# 1
DETDESC# DESKTOP-I499GD2 Easy-MCA-2k SN 18191655
AP# Maestro Version 7.01
$DATE_MEA:
03/01/2024 11:29:37
$MEAS_TIM:
120 120
$DATA:
0 2047
       0
       0
       0
       0
       0
       1
       2
       4
     102
      58
      62
      52
      61
      70
      65
      65
      73
      90
      71
      71
      76
      60
      61
      85
      70
      76
      80
     100
     119
     108
     107
     114
     136
     143
     158
     142
     100
      84
     117
     115
     125
     140
     139
     149
     135
     171
     166
     179
     191
     210
     232
     246
     253
     290
     266
     270
     277
     261
     275
     267
     289
     319
     416
     516
     526
     540
     507
     367
     323
     252
     266
     198
     209
     204
     203
     212
     183
     229
     204
     208
     203
     170
     204
     201
     223
     191
     189
     202
     192
     224
     221
     215
     215
     218
     214
     188
     191
     182
     178
     179
     182
     177
     174
     134
     195
     205
     173
     161
     191
     155
     155
     169
     144
     145
     163
     151
     152
     147
     152
     187
     134
     135
     119
     141
     132
     121
     149
     115
     142
     138
     135
     122
     132
     115
     121
     127
     123
     111
     118
     127
      84
     127
     107
      93
     121
     103
     111
     124
     105
      93
     107
     107
      98
      90
      96
      89
     103
     100
      95
      91
      80
      84
      74
      86
     101
      80
      84
      75
      88
      59
      82
      75
      84
      59
      77
      69
      60
      72
      63
      74
      84
      49
      74
      68
      79
      62
      63
      68
      62
      75
      58
      70
      59
      69
      74
      76
      56
      60
      53
      60
      55
      50
      54
      70
      59
      57
      52
      56
      71
      66
      69
      56
      68
      67
      75
      73
      94
      98
      88
      77
      99
      98
     114
     118
     117
     122
     117
     137
     118
     162
     139
     127
     119
     141
      98
     102
     101
      96
      87
      90
      75
      58
      66
      54
      51
      43
      56
      52
      55
      45
      30
      40
      46
      35
      29
      48
      41
      48
      39
      50
      45
      46
      46
      44
      42
      39
      44
      44
      36
      34
      43
      50
      37
      54
      45
      30
      40
      38
      28
      41
      31
      43
      30
      31
      45
      41
      40
      38
      33
      34
      30
      50
      35
      38
      32
      36
      32
      36
      28
      36
      30
      37
      37
      36
      34
      44
      32
      33
      41
      35
      37
      35
      25
      39
      27
      24
      32
      35
      42
      43
      45
      36
      38
      28
      34
      34
      27
      35
      22
      25
      35
      35
      36
      36
      39
      39
      31
      32
      27
      22
      33
      37
      28
      30
      32
      34
      36
      29
      36
      37
      32
      32
      28
      28
      37
      37
      32
      34
      33
      42
      35
      34
      26
      30
      37
      29
      33
      28
      36
      27
      34
      30
      24
      32
      31
      30
      33
      22
      26
      22
      26
      27
      18
      40
      28
      34
      30
      29
      28
      20
      27
      25
      29
      29
      21
      18
      23
      25
      25
      22
      34
      30
      30
      22
      18
      25
      26
      36
      21
      27
      21
      26
      31
      16
      16
      22
      19
      23
      27
      22
      22
      36
      19
      26
      28
      22
      24
      25
      22
      28
      20
      29
      22
      24
      17
      17
      28
      22
      22
      27
      24
      35
      21
      27
      23
      27
      27
      28
      28
      15
      17
      18
      23
      16
      31
      28
      24
      24
      31
      28
      20
      14
      26
      13
      24
      21
      30
      16
      18
      21
      23
      28
      23
      27
      31
      31
      30
      22
      26
      29
      26
      29
      23
      28
      36
      36
      39
      37
      33
      22
      27
      39
      22
      31
      23
      17
      23
      25
      26
      24
      25
      17
      22
      27
      32
      14
      21
      25
      20
      26
      28
      29
      19
      19
      21
      23
      23
      21
      32
      20
      24
      16
      21
      15
      22
      19
      23
      24
      18
      18
      19
      18
      18
      18
      16
      24
      28
      25
      30
      16
      19
      31
      18
      29
      19
      28
      26
      17
      23
      31
      27
      20
      29
      20
      25
      32
      21
      24
      19
      20
      27
      28
      30
      21
      17
      17
      18
      20
      16
      24
      23
      23
      24
      13
      24
      27
      18
      13
      17
      24
      18
      18
      20
      19
      21
      18
      18
      18
      21
      19
      17
      18
      23
      22
      22
      30
      19
      19
      19
      29
      18
      19
      31
      22
      16
      14
      28
      19
      29
      20
      28
      24
      32
      20
      22
      21
      32
      35
      11
      22
      25
      27
      29
      29
      32
      27
      29
      28
      22
      28
      39
      34
      30
      21
      20
      26
      25
      32
      31
      22
      28
      30
      27
      24
      28
      32
      23
      18
      27
      28
      20
      24
      17
      11
      21
      23
      20
      23
      21
      20
      21
      19
      21
      18
      19
      15
      13
      15
      13
      17
      12
      11
      10
      14
       4
      19
      14
      14
      11
      17
       9
      11
      16
      13
      14
      15
      10
      13
      11
       9
       9
       9
       9
      11
      11
       9
       7
       7
      13
      10
      13
       4
      11
      10
       9
      11
      10
       7
       8
       9
       8
       8
      13
      12
      11
       6
       6
       8
       6
      13
      12
      14
      10
      14
      14
      11
      10
       7
      12
      18
      12
      11
      17
      13
      20
      17
      18
      27
      26
      26
      26
      38
      30
      30
      44
      34
      44
      42
      52
      38
      66
      55
      60
      50
      58
      59
      72
      68
      59
      67
      79
      74
      79
      68
      66
      70
      65
      65
      89
      70
      64
      59
      64
      56
      46
      47
      51
      55
      49
      45
      29
      40
      32
      37
      23
      36
      25
      27
      21
      23
      13
      14
      18
      13
      12
      13
      14
      12
      15
      13
       9
      13
      12
       6
      12
       9
       7
       3
      10
       8
       5
       8
      11
       5
       8
      13
       3
       8
       6
       6
       8
       4
       5
       9
       7
       4
       2
       2
       7
       6
       8
       6
       1
       5
       7
       5
       8
       8
       6
       9
       4
       5
       4
       8
       5
       4
       9
       5
       6
      11
       4
       9
      11
       3
       4
       2
       9
       8
       4
       6
       3
       1
       4
       5
       4
       4
       5
       8
       8
       9
       3
       3
       5
       3
       6
       8
       9
       1
       6
       6
       3
       5
       5
       4
       7
       5
      11
       4
       7
       5
       9
       6
       2
       8
       9
       4
       7
       0
       6
       6
       8
       6
       7
       1
       3
       5
       7
       7
       6
       4
       7
       4
       9
       4
       2
       6
       2
      11
      10
       5
       3
       1
       6
       5
       2
       4
       8
       2
       3
       6
       7
       3
       3
       5
       0
       9
       6
       6
       4
       2
      10
       7
       9
       5
       3
       2
       6
       5
       4
       7
       4
       6
       8
       3
       7
       7
       4
       5
       3
       4
       9
       7
       6
       5
       6
       6
       6
       7
       3
       4
       4
       5
       6
       3
       4
       8
       8
       6
       0
       9
       8
       9
       4
       5
       8
       7
       5
       5
       5
       5
       4
       2
       7
       4
       8
       7
       9
       6
       2
       3
       4
       7
       4
       3
       3
       6
       5
       9
       4
       2
       5
       7
       4
       3
       5
       5
       5
       2
       4
       6
       4
       5
       9
       8
       5
       3
       5
       3
       4
       5
      10
       5
       7
       6
       3
       1
       4
       9
       6
       4
       4
       5
      10
       4
       5
       5
       1
       6
       3
       6
       2
       5
       7
       6
       6
       8
       5
       8
      10
       5
       6
       1
      10
       4
       2
       3
       4
       6
      10
       8
       5
       3
       4
       4
       9
       5
       7
       5
       3
       4
       2
       3
       7
       9
       4
       3
       4
       5
       8
       3
       5
       5
       9
       6
       2
       7
      10
       3
       3
       5
       5
       9
       2
       3
       7
       8
       3
       5
       8
       3
       6
       6
       3
       9
       5
       3
       2
       8
       4
       4
       4
       6
       6
       6
       5
       4
       4
       6
       4
       3
       5
       1
       5
       7
       5
       9
       3
       5
       5
       6
       6
       8
       8
       3
       4
       4
       2
       2
       4
       6
       3
       7
       3
       5
       6
       4
       2
       8
       3
       3
       6
       8
       3
       8
       3
       5
       9
       2
       5
       5
       6
       6
       8
       3
       5
       7
       7
       2
       4
       3
       8
       2
       6
       6
       9
       4
       4
       7
      13
      10
      11
       5
       4
       5
       5
       7
       8
       4
       6
       5
       7
       4
       5
      10
       6
       4
       7
       8
       4
       7
       9
       5
       7
       1
       5
       7
       6
      10
      10
       8
       3
       7
       4
       6
       5
       6
       4
       6
       5
       3
       4
       1
       3
       6
       3
       2
       2
      10
       7
       7
       4
       2
       5
      11
       6
       5
       4
       5
       6
       4
       5
       4
       5
       8
       3
       4
       2
       3
       2
       2
       5
       4
       4
       2
       3
       2
       0
       6
       5
       4
       4
       2
       5
       3
       4
       2
       2
       6
       0
       3
       1
       3
       5
       2
       7
       5
       6
       9
       3
       3
       1
       7
       3
       7
       7
       7
       9
       6
       2
       2
       5
       5
       9
       4
       3
       3
       4
       4
       3
       4
       7
       3
       5
       7
       5
       7
       5
       7
       5
       4
       2
       4
       2
       4
       5
       7
       2
       5
       2
       2
       7
       8
       3
       3
       2
       3
      10
       2
       5
       2
       3
       2
       9
       3
       1
       3
       3
       3
       5
       7
       3
       1
       5
       3
       1
       6
       0
       3
       6
       6
       9
       6
       3
       4
       4
       1
       3
       2
       4
       2
       4
       6
       3
       3
       4
       0
       6
       2
       8
       7
       4
       5
       1
       5
       3
       5
       5
       8
       1
       3
       3
       2
       5
       3
       4
       5
       6
       3
       9
       3
       4
       5
       6
       2
       4
       9
       3
       5
       8
       1
       3
       4
       5
       7
       3
       7
       3
       2
       6
       4
       1
       5
       1
       1
       6
       2
       3
       2
       5
       4
       6
       6
       3
       5
       7
       7
       4
       2
       7
       9
       6
       3
       4
       3
       3
       3
       8
      11
       4
       5
       8
       2
       6
       4
       6
       4
       3
       3
       2
       5
       6
       2
       0
       5
       2
       4
       6
       2
       4
       5
       4
       3
       3
       4
       2
       5
       5
      10
       5
       3
       4
       4
       2
       5
       5
       1
      10
       1
      11
       4
       4
       4
       3
       6
       2
       6
       3
       6
       3
       3
       1
       3
       2
       5
       3
       4
       6
       5
       5
       6
       2
       4
       2
       7
       2
       3
       3
       4
       1
       7
       8
       2
       3
       3
       9
       2
       5
       3
       1
       2
       1
       6
       5
       4
       5
       3
       4
       4
       5
       4
       2
       7
       7
       5
       4
       5
       5
       3
       4
       7
       5
       2
       3
       2
       3
       7
       6
       4
       5
       4
       6
       4
       2
       3
       2
       5
       3
       6
       4
       5
       4
       3
       4
       4
       6
       5
       0
       2
       6
       4
       5
       4
       7
       4
       4
       7
       6
       5
       3
       5
       4
       5
       4
       3
       5
       4
       5
       4
      10
       2
       4
       3
       3
       6
       8
       2
       3
       3
       4
       2
       3
       4
       5
       4
       4
       2
       4
       7
       1
       6
       8
       3
       5
       6
       4
       3
       5
       2
       5
       7
       3
       2
       5
       8
       5
       4
       4
       4
       7
      10
       4
       6
       6
       5
       3
       6
       3
       5
       5
       7
       3
       5
       5
       1
       3
       6
       9
       4
       6
       4
       4
       3
       5
       4
       8
       3
       5
       2
       2
       7
       6
       6
       5
       7
       4
       5
       7
       6
       6
       2
       5
      10
       3
       2
       4
       4
       7
       7
       5
       3
       8
       4
       2
       7
       5
       6
       7
       6
       5
       7
       7
       4
       4
       4
       7
       7
       5
       6
       5
       6
       5
       3
       2
       8
       3
       7
       8
       9
       5
       2
       0
       3
       5
       3
       3
       7
       4
       8
       5
       5
       4
       5
       8
       2
       4
       5
       3
       7
       1
       2
       4
      10
       6
       7
       3
       7
       9
       3
       9
      10
       8
      10
       8
       5
       2
       6
       7
       6
       8
       8
       3
       5
       4
       8
       5
       6
       7
       4
       6
       3
       5
       4
       5
       5
       7
       6
      10
       7
       2
       6
       5
      10
       8
       2
       6
       4
       9
       9
       7
       4
       6
       5
       4
       3
       7
       8
       6
       3
       1
       5
       4
       4
       4
       4
       6
       5
       5
       4
       5
       4
       4
       2
       2
      10
       6
       5
       5
      10
       1
       3
       9
       6
       7
       2
       3
       5
       8
       3
       3
       2
       3
       4
       8
       3
       5
       2
       1
       6
       5
       3
       2
       4
       2
       3
       7
       9
       4
       5
       4
       5
       6
       9
       8
       2
       5
       5
       6
       6
       1
       7
       5
       2
       7
       3
       3
       2
       6
      11
       4
       6
       3
       1
       6
       3
       5
       3
       4
       7
       5
       5
       8
       7
       3
       8
       4
       4
       2
       5
       7
       2
       0
       4
       5
       4
       5
       3
       5
       3
       4
       6
       5
       4
       9
       2
       8
       8
       4
       5
      10
       5
       6
       8
       9
       4
       7
       5
       3
       5
       6
       2
       4
       5
       7
       7
       2
       6
       5
       4
       6
       4
       6
       5
      10
       7
       4
       2
       2
       7
       8
       2
       2
       5
       5
       4
       2
       4
       4
       3
       1
      12
       7
       7
       8
       5
       2
       3
       6
       5
       4
       7
       8
       5
       5
       4
       0
       0
       0
       0
       0
       0
       0
       0
       0
       0
       0
       0
       0
       0
       0
       0
       0
       0
       0
       0
       0
       0
       0
       0
       0
       0
       0
       0
       0
       0
       0
       0
       0
       0
       0
       0
       0
       0
       0
       0
       0
       0
       0
       0
       0
       0
       0
       0
       0
       0
       0
       0
       0
       0
       0
       0
       0
       0
       0
       0
       0
       0
       0
       0
       0
       0
       0
       0
       0
       0
       0
       0
       0
       0
       0
       0
       0
       0
       0
       0
       0
       0
       0
       0
$ROI:
1
712 830
$PRESETS:
Live Time
120
0
$ENER_FIT:
-23.656767 2.297974
$MCA_CAL:
3
-2.365677E+001 2.297974E+000 2.836717E-005 keV
$SHAPE_CAL:
3
0.000000E+000 0.000000E+000 0.000000E+000
