$SPEC_ID:
Sample025
$SPEC_REM:
DET# 1
DETDESC# DESKTOP-I499GD2 Easy-MCA-2k SN 18191655
AP# Maestro Version 7.01
$DATE_MEA:
03/01/2024 12:49:06
$MEAS_TIM:
120 120
$DATA:
0 2047
       0
       0
       0
       0
       0
       0
       2
       1
     116
      64
      54
      87
      64
      59
      67
      91
      79
      72
      77
      94
      85
      72
      75
      73
      79
      81
      75
      77
     109
     126
     121
     128
     137
     147
     148
     111
     114
     105
     139
     128
     121
     120
     131
     158
     136
     156
     192
     179
     174
     210
     210
     228
     249
     243
     255
     258
     256
     247
     251
     277
     298
     325
     424
     467
     532
     517
     470
     357
     324
     287
     247
     245
     221
     219
     223
     193
     210
     229
     226
     222
     241
     224
     216
     219
     230
     196
     208
     238
     218
     230
     229
     210
     216
     187
     188
     205
     189
     179
     161
     163
     206
     200
     171
     194
     172
     167
     164
     189
     173
     196
     195
     168
     195
     155
     164
     148
     142
     141
     152
     148
     168
     163
     154
     117
     141
     139
     118
     148
     133
     147
     160
     135
     132
     128
     122
     117
     121
      96
     135
     124
     114
     113
     118
     115
     125
     107
      87
     127
     112
      91
      94
      84
     111
      97
     103
      97
      88
      94
      82
      92
      90
     111
      95
     102
      76
      94
      87
     106
      66
      75
      85
      89
      88
      78
      75
      63
      81
      63
      75
      86
      77
      77
      72
      64
      75
      67
      74
      87
      66
      81
      67
      81
      66
      57
      71
      72
      66
      58
      67
      51
      73
      71
      53
      70
      66
      60
      53
      53
      77
      65
      76
      73
      65
      90
      74
      88
      79
      76
      92
     109
     111
     135
     124
     133
     141
     147
     146
     134
     143
     160
     135
     147
     157
     150
     113
     129
     106
     107
     103
      83
      92
      87
      54
      49
      45
      72
      56
      56
      51
      60
      40
      46
      57
      52
      56
      31
      52
      38
      41
      57
      39
      51
      44
      46
      47
      40
      50
      59
      52
      47
      36
      50
      44
      39
      38
      37
      53
      46
      42
      40
      51
      37
      39
      53
      34
      38
      35
      40
      29
      34
      43
      36
      35
      38
      53
      31
      38
      39
      41
      29
      42
      43
      30
      38
      36
      43
      39
      28
      42
      32
      31
      35
      37
      38
      31
      40
      29
      33
      34
      38
      38
      39
      34
      35
      36
      34
      32
      40
      45
      34
      41
      32
      38
      40
      27
      36
      34
      36
      39
      33
      35
      42
      33
      27
      31
      26
      34
      34
      32
      38
      32
      36
      39
      36
      47
      37
      28
      35
      38
      39
      36
      37
      28
      49
      27
      29
      41
      40
      45
      41
      34
      27
      45
      42
      29
      32
      35
      37
      26
      37
      33
      34
      26
      23
      25
      22
      31
      22
      40
      25
      23
      25
      21
      30
      34
      25
      19
      26
      24
      23
      23
      30
      23
      31
      26
      18
      28
      23
      24
      32
      41
      27
      30
      28
      25
      17
      31
      33
      26
      29
      25
      28
      42
      32
      21
      25
      35
      28
      33
      25
      26
      20
      29
      26
      18
      25
      30
      28
      22
      30
      31
      28
      16
      22
      28
      21
      23
      29
      22
      24
      29
      38
      31
      22
      28
      23
      29
      26
      29
      27
      31
      27
      34
      23
      19
      30
      31
      29
      23
      30
      18
      30
      23
      33
      27
      23
      28
      40
      41
      32
      41
      37
      36
      25
      45
      37
      28
      48
      36
      27
      31
      36
      43
      45
      29
      32
      25
      32
      28
      32
      30
      34
      22
      28
      29
      23
      25
      23
      23
      29
      28
      27
      28
      22
      31
      28
      35
      12
      23
      22
      20
      19
      26
      27
      27
      22
      25
      22
      25
      15
      20
      18
      30
      29
      36
      19
      28
      30
      30
      23
      25
      24
      34
      27
      33
      22
      26
      25
      20
      20
      30
      33
      29
      43
      23
      28
      28
      19
      33
      31
      20
      30
      25
      26
      22
      27
      33
      26
      23
      17
      26
      23
      28
      27
      25
      28
      36
      22
      23
      27
      24
      26
      29
      27
      28
      22
      22
      25
      17
      21
      25
      26
      26
      19
      34
      22
      17
      21
      15
      25
      31
      30
      24
      27
      18
      30
      25
      25
      30
      31
      25
      28
      24
      26
      23
      29
      31
      41
      22
      36
      35
      34
      37
      31
      34
      26
      33
      27
      47
      26
      26
      38
      37
      40
      27
      29
      30
      29
      29
      37
      34
      24
      34
      24
      40
      27
      25
      27
      27
      22
      20
      27
      26
      16
      17
      17
      27
      25
      21
      15
      22
      23
      18
      15
      19
      17
      26
      22
      14
      14
      20
      19
      13
      19
      20
      10
      13
      13
      17
      11
      14
      15
      17
      19
      10
      14
      11
      12
       6
      13
       7
      10
      13
      10
      12
      10
      11
       9
       9
      10
       4
       6
      12
      11
       9
       8
      12
      16
      12
      16
      14
       7
      10
       7
      10
      12
      14
      11
      10
      16
       9
      13
       8
       9
       9
      10
      12
      11
      11
      12
       9
      18
      18
      20
      21
      23
      18
      24
      22
      31
      27
      36
      40
      31
      30
      45
      53
      35
      58
      60
      66
      67
      58
      78
      69
      53
      72
      76
      88
      90
      94
      86
      72
      78
      74
      72
      96
      79
      80
      69
      65
      71
      65
      84
      78
      59
      59
      63
      56
      49
      53
      38
      36
      30
      28
      33
      34
      26
      20
      16
      23
      21
      22
      21
      14
      13
      16
      10
      10
      13
      10
       9
       7
      18
       7
      10
       8
      13
      11
       5
       9
      10
       6
       8
       7
       9
       5
       7
       7
      12
       6
       5
      11
       4
       4
      16
       7
       3
       7
       6
       3
       7
       4
       7
       6
       3
       8
       5
       8
       7
       8
       6
       6
      10
      11
       6
       8
       9
       9
       7
       5
      10
       9
       6
       5
       5
       8
       9
      11
       6
       6
       4
       9
       9
       8
       7
       9
       9
       7
       9
       5
       6
       7
       2
       4
       8
       9
      12
       7
       7
       3
       2
       8
       5
       5
       6
       0
      13
       6
       4
       5
       4
       4
       5
       6
       7
       9
       7
       2
       6
       8
       7
       7
       8
       5
       7
       5
       4
       4
       3
       5
       7
       5
       7
       7
       2
       7
       5
       5
       7
       6
       4
       4
       7
       6
      11
       6
       8
       5
       6
       8
       7
       7
       4
       4
      10
       7
       2
       3
       1
       5
       6
       8
       6
       4
       6
       4
       8
       3
       5
       3
       7
       5
       2
       6
       6
       7
       9
       5
       3
      12
       9
       8
       4
       5
       5
      12
       5
       7
       9
      11
       3
       9
      12
       9
       5
       9
       6
       4
       6
      14
      10
       9
       5
       9
       4
       3
      11
       8
       6
       2
       8
       5
       8
       5
      13
       9
       2
       9
       4
      10
       8
       3
       4
       6
       7
       0
       9
       5
       3
       3
       7
       2
       5
       6
       9
       2
       7
       5
       4
       7
      11
       6
       7
       7
       8
       5
       4
       4
       8
       6
       4
       6
       2
       8
       4
       8
       9
       4
       7
       7
       4
       4
       6
       3
       6
       7
       0
       5
       6
       5
       6
       8
       3
       3
       7
       3
       6
       5
       7
       8
       4
       2
       9
       6
       2
       4
       9
       6
       6
       8
       6
       6
       3
       4
       5
       4
       6
       6
       6
       8
       4
       4
       3
       3
       4
       7
       5
       3
       4
       7
       4
       3
       3
       3
      10
       6
       3
       6
       7
       6
       4
       5
       6
       3
       5
       3
       4
       7
       6
      10
       3
       4
       4
       5
       8
       9
       4
       2
       5
       6
       1
       5
       7
       5
       6
       5
       7
       4
       5
       4
       3
      10
       4
       2
       5
       1
       2
       9
       5
       7
       4
       5
       7
       5
       8
       7
       6
       6
       3
       7
       4
       5
       5
       4
       5
       2
       3
       2
       6
       7
       3
       3
       5
       4
       5
       7
       7
       8
       3
       7
       8
       4
       7
       4
       4
       5
      10
      12
       2
       6
       6
       3
       7
       6
       5
       4
       8
       7
       4
       5
       7
       5
       6
       3
       8
       5
       9
      10
       4
       6
       5
       4
       2
      11
       4
       4
       7
      11
       7
       3
       4
       8
      10
       5
       5
       8
       2
       4
       4
       4
       5
      11
       2
       9
       7
       6
       6
       6
       7
       5
       4
       2
       3
       8
       3
       3
       4
      11
       4
       2
       2
       4
       1
       5
       4
       4
       6
       3
       3
       8
       3
       3
       4
       4
       5
       7
      11
       5
       3
       4
       6
       4
       1
       5
       5
       2
       5
       2
       6
       2
       5
      10
       5
       2
       1
       4
       7
       3
       5
       5
       5
       6
       2
       5
       2
       7
       8
       4
       6
       4
       4
       3
       3
       8
      10
       9
       5
       5
       6
       8
       4
       6
       5
       5
       5
       3
       2
       6
       6
       4
       4
       2
       3
       3
       2
       9
       3
       5
       5
       9
       5
       7
       5
      11
       7
       4
       5
       3
       4
       8
       4
      10
       6
       4
       4
       3
       4
       8
       6
       8
       7
       3
       7
       6
       6
       3
       5
       3
       5
      10
       3
       5
       4
       8
       3
       6
       5
       2
       4
       2
       3
       5
       9
       8
       5
       1
       4
       8
       5
       3
       1
       3
       4
       4
       4
       4
       7
       6
       3
       3
      11
       3
       4
       2
       3
       2
       2
       3
       3
       2
       7
       9
       3
       3
       3
       2
       5
       6
       6
       2
       6
       3
       2
       2
       4
       1
       7
       2
       2
       6
       2
       7
       4
       1
       3
       5
       4
       5
       4
       6
       4
       3
       2
       2
       4
       3
       2
       6
       6
       4
       5
       1
       5
       5
       4
       4
       7
       7
       5
       4
      12
       6
       5
       5
       6
       3
       3
       4
       9
       8
       4
       1
       5
       6
       8
       7
       4
       1
       3
       3
       5
       4
       7
       4
       3
       4
       5
       4
       5
       7
       3
       5
       7
       6
       1
       1
       3
       2
       6
       6
       4
       4
       7
       5
      10
       2
       7
       4
       5
       8
       4
       8
       3
       6
       7
       5
       6
       3
       6
       4
       9
       9
       9
       5
       8
       3
       5
       8
       3
       6
       2
       2
       7
       6
       5
       5
       6
       9
       7
       5
      10
       6
       8
       3
       4
       7
       4
       6
       5
       1
       7
       3
       4
      10
       8
       8
       9
       4
       6
       4
       4
       4
       7
      10
       5
       2
       5
      10
       7
       4
       1
       7
       1
       2
      12
       7
       5
       8
       4
      11
       6
       7
       3
       7
       7
       3
       1
       2
       1
       7
       3
       6
       4
       5
       3
       1
       8
       3
       3
       7
       3
       5
       5
       6
       1
       6
       8
       8
      10
       9
       7
       6
       5
       5
       5
       4
       4
       7
       9
       6
       4
       6
       7
       1
       3
       9
       5
       4
       3
       5
       1
       4
       3
       3
       9
       5
       9
       1
       6
       3
       5
       4
       4
       5
       4
       3
       4
       3
       9
       5
       5
       6
       6
       5
       2
       2
       7
       5
      10
       8
      10
       6
       6
       5
       6
       4
       3
       6
       3
       5
       5
       4
       9
       9
       3
       5
       7
       4
      13
       5
       7
       8
       7
       5
       7
       5
       2
       5
       5
       5
       4
       6
       1
       6
       6
       5
       6
       6
       5
       7
       3
       7
       4
       3
       5
       2
       8
       5
       4
       1
       7
       7
       4
       2
       9
       2
       6
      13
       2
       5
       7
       8
       8
       2
       4
       5
       7
      10
      12
       4
       8
      12
       2
       9
       7
      10
       9
       9
       4
       4
       8
       6
       5
       6
       4
       8
       6
       7
       8
       7
       6
       5
       6
       8
       3
       7
       3
       6
       3
       2
       4
       6
       5
       6
       6
       3
       4
       4
       7
       6
       6
       9
       7
       4
      11
       7
       7
       5
       5
       9
       3
       7
       4
      11
       4
       3
       5
       6
       4
       6
       5
       9
       7
       4
       7
       2
       7
       4
       5
       6
       5
      10
       5
       8
       6
       3
      12
       8
       5
       5
       9
       4
       5
       5
      12
       5
       4
       9
       6
       8
       7
       6
       7
       2
       5
       9
       4
       8
       7
       7
       6
       3
       4
       5
       4
       5
       6
       5
       6
       6
       7
       9
       8
       7
       4
       4
       3
       7
       3
       6
       3
       3
       5
       6
       5
       7
       7
       8
       5
       4
       6
      11
       1
       5
       3
       3
       1
       8
       7
       5
       5
       6
       6
       3
       3
       5
       5
       3
       6
       3
       5
       5
       4
       5
       4
       5
       5
       1
       8
       8
       6
       5
       3
       3
       5
       3
       3
       4
      10
       3
       2
       3
       7
       7
       4
      10
       3
       5
       2
       3
       4
       3
       5
       4
       5
       9
       1
       3
       6
       2
       6
       6
       5
       2
       3
       1
       7
       4
       4
      12
       5
       1
       3
       7
       9
       4
      12
       9
       6
       3
       3
       4
       3
       7
       6
       5
       6
       3
       5
       4
       6
       4
       8
       4
       3
       5
       7
       5
      11
       5
       4
       5
       6
       6
       5
       4
       3
       8
       6
       5
      10
       7
       6
       3
       5
       4
       3
       4
       5
       7
       7
       2
       4
       0
       0
       0
       0
       0
       0
       0
       0
       0
       0
       0
       0
       0
       0
       0
       0
       0
       0
       0
       0
       0
       0
       0
       0
       0
       0
       0
       0
       0
       0
       0
       0
       0
       0
       0
       0
       0
       0
       0
       0
       0
       0
       0
       0
       0
       0
       0
       0
       0
       0
       0
       0
       0
       0
       0
       0
       0
       0
       0
       0
       0
       0
       0
       0
       0
       0
       0
       0
       0
       0
       0
       0
       0
       0
       0
       0
       0
       0
       0
       0
       0
       0
       0
       0
$ROI:
2
204 249
712 830
$PRESETS:
Live Time
120
0
$ENER_FIT:
-23.656767 2.297974
$MCA_CAL:
3
-2.365677E+001 2.297974E+000 2.836717E-005 keV
$SHAPE_CAL:
3
0.000000E+000 0.000000E+000 0.000000E+000
