$SPEC_ID:
Sample016
$SPEC_REM:
DET# 1
DETDESC# DESKTOP-I499GD2 Easy-MCA-2k SN 18191655
AP# Maestro Version 7.01
$DATE_MEA:
03/01/2024 11:51:45
$MEAS_TIM:
120 120
$DATA:
0 2047
       0
       0
       0
       0
       0
       0
       0
       3
      79
      58
      52
      53
      77
      56
      56
      73
      75
      67
      81
      83
      69
      63
      72
      74
      80
      74
      66
      78
     101
     135
     104
     102
     115
     137
     132
     101
      86
     114
      86
     109
     112
     121
     127
     158
     153
     128
     146
     175
     182
     173
     213
     226
     254
     298
     245
     252
     256
     236
     227
     277
     263
     374
     391
     501
     528
     467
     465
     375
     310
     216
     207
     211
     238
     178
     208
     194
     215
     177
     176
     182
     173
     228
     184
     183
     168
     167
     194
     206
     218
     177
     222
     209
     206
     224
     202
     211
     181
     159
     174
     175
     169
     164
     183
     181
     159
     164
     169
     143
     145
     163
     147
     161
     165
     143
     153
     133
     141
     146
     125
     148
     141
     169
     131
     138
     142
     113
     110
     140
     122
     108
     121
     107
     105
      97
      99
     106
     112
      87
     113
     103
     115
     109
     112
     111
     107
     103
     103
     102
      71
      94
     101
      81
      81
     106
     103
      87
      72
     104
      95
      85
      88
      83
      76
      89
      63
      78
      70
      71
      68
      75
      80
      61
      76
      76
      52
      61
      62
      67
      64
      68
      69
      62
      60
      59
      71
      56
      59
      54
      67
      44
      66
      56
      45
      63
      58
      60
      74
      60
      54
      57
      50
      47
      48
      69
      57
      70
      50
      48
      53
      57
      73
      80
      57
      51
      61
      65
      73
      74
      85
      82
      88
      92
     105
     108
     113
     121
     132
     129
     144
     128
     124
     126
     104
     124
      98
     107
      95
      77
      64
      65
      64
      60
      58
      51
      50
      55
      42
      32
      41
      37
      40
      33
      48
      41
      42
      37
      46
      52
      45
      48
      39
      42
      44
      38
      56
      42
      46
      42
      44
      34
      34
      36
      42
      34
      31
      55
      39
      43
      40
      29
      27
      27
      35
      32
      27
      34
      25
      27
      35
      36
      31
      18
      39
      18
      37
      37
      32
      32
      29
      27
      31
      37
      28
      26
      35
      22
      24
      21
      44
      25
      30
      33
      34
      27
      38
      41
      33
      24
      36
      30
      32
      27
      26
      31
      28
      34
      32
      35
      29
      20
      27
      27
      36
      29
      27
      22
      33
      30
      28
      24
      36
      27
      20
      32
      30
      27
      24
      22
      23
      24
      27
      35
      22
      25
      31
      34
      36
      36
      28
      24
      36
      29
      37
      21
      32
      24
      30
      34
      32
      24
      37
      26
      35
      33
      23
      25
      26
      27
      25
      32
      26
      29
      17
      29
      27
      30
      20
      36
      22
      29
      13
      22
      19
      15
      24
      29
      28
      26
      38
      30
      27
      22
      30
      22
      36
      20
      18
      24
      22
      21
      20
      22
      19
      25
      14
      22
      29
      28
      22
      25
      18
      23
      27
      19
      26
      13
      30
      27
      28
      20
      19
      20
      21
      11
      20
      21
      20
      19
      24
      15
      18
      19
      23
      18
      22
      23
      18
      23
      26
      13
      23
      22
      21
      18
      17
      26
      16
      17
      21
      22
      21
      24
      24
      17
      14
      29
      22
      21
      21
      21
      23
      25
      21
      33
      26
      25
      34
      28
      33
      28
      26
      38
      38
      39
      31
      23
      32
      29
      39
      31
      33
      25
      31
      25
      26
      33
      19
      19
      26
      28
      26
      20
      25
      29
      25
      22
      15
      18
      25
      21
      23
      14
      24
      22
      17
      14
      20
      23
      21
      19
      19
      20
      17
      26
      12
      20
      22
      13
      21
      20
      19
      15
      24
      23
      20
      20
      23
      17
      20
      28
      17
      20
      15
      21
      15
      14
      23
      15
      19
      22
      29
      22
      25
      20
      28
      21
      23
      23
      29
      30
      27
      24
      22
      19
      25
      30
      22
      20
      19
      24
      22
      21
      19
      14
      21
      16
      13
      23
      15
      24
      23
      26
      25
      16
      13
      15
      19
      17
      22
      20
      22
      15
      24
      24
      18
      28
      19
      20
      13
      16
      21
      16
      21
      16
      22
      22
      26
      23
      24
      13
      28
      16
      30
      24
      21
      22
      27
      28
      20
      25
      25
      32
      34
      16
      31
      23
      22
      29
      20
      26
      26
      33
      25
      26
      28
      25
      24
      27
      25
      27
      20
      21
      23
      29
      23
      22
      27
      21
      23
      24
      24
      31
      15
      24
      20
      18
      19
      12
      20
      18
      21
      10
       7
      19
      23
      14
      11
      12
      14
      10
       9
      12
      16
      15
      16
      12
      14
       7
      12
      13
       8
       7
      14
       9
      14
      12
      11
      12
       7
       8
      15
      16
       8
       8
       8
       6
       7
      11
      15
       4
      10
       5
       8
      14
      17
      11
       7
       7
       8
      12
      13
       7
      13
       7
       5
       6
      10
       7
      12
      13
       7
       3
       9
      19
      13
      16
      11
      10
       9
      10
      14
      16
      14
      10
      15
      12
      11
      14
      20
      21
      24
      28
      40
      33
      27
      30
      32
      47
      38
      45
      43
      58
      51
      50
      65
      81
      51
      68
      49
      59
      61
      61
      47
      65
      67
      71
      59
      57
      61
      51
      63
      56
      43
      43
      43
      53
      38
      46
      37
      45
      31
      33
      32
      30
      34
      32
      26
      24
      24
      23
      19
      13
      12
      12
      16
      12
      12
       6
       8
       9
       7
      10
       6
       8
       8
       5
       7
       7
      10
       5
       6
       9
       5
       6
       8
       8
       2
       6
       7
       2
       6
       8
       2
       6
       2
       6
       3
       6
       3
       3
       5
       4
       9
       6
       6
      10
       7
       3
       8
       4
       6
       7
       6
       7
       8
       6
       0
       4
       2
       7
       5
       5
       2
       4
       4
       4
       7
       5
       1
       5
       5
       5
       4
       5
       8
       7
       4
       4
       2
       6
       6
       7
      11
       2
       6
       8
       3
       3
       6
       7
       1
       5
       4
       4
       6
       2
      11
       8
       9
      11
       8
       4
       4
       6
       4
       6
       5
       9
       8
       5
       4
       5
       5
       4
       5
       5
       4
       5
      12
       5
      10
       5
       1
       5
       6
       3
       6
       3
       3
       8
       2
       8
       4
       4
       4
       4
       6
       5
       7
       7
       8
       3
       5
       6
       5
       2
       3
       4
       6
       3
       6
       4
       3
       5
      10
       3
       7
       5
       5
       4
       8
       5
       6
       5
       3
       5
       5
       4
       3
       5
       4
       2
       2
       1
       4
       4
       7
       5
       6
       8
       4
       4
       4
       8
       3
       6
       4
       2
       5
       3
       3
       4
       4
       6
       5
       6
       7
       4
       7
       2
       5
       7
       6
       7
       3
       5
       2
       9
       2
       5
       3
       7
       6
       2
       8
       3
       5
       6
       2
       4
       4
       2
       5
       1
       4
       6
       3
       9
       2
       7
       5
       3
       1
       1
       6
       2
       7
       2
       4
       7
       5
       3
       2
       3
       6
       2
       2
       3
       5
       7
       7
       1
       5
       1
       3
       4
       4
       3
       3
       5
       2
       5
       3
       4
       7
       5
       6
       7
       1
      11
       5
       4
       5
       4
       5
       6
       9
       6
       4
       4
      12
       4
       8
       5
       1
       4
       2
       8
       6
       5
       3
       8
       2
       1
       8
       4
       2
       4
       2
       7
       7
       4
       6
       6
       9
       4
       4
       5
       9
       5
       3
       5
       6
       4
       7
       4
       1
       5
       4
       4
       3
       7
       7
       7
       4
       3
       6
       3
       3
      11
       3
       5
       5
       8
       6
       2
       5
       4
       5
       7
       4
       7
       1
       4
       6
       2
       3
       4
       7
       2
       2
       6
      12
       4
       1
       6
       2
       6
       1
       5
       4
       4
       7
       4
       1
       2
       3
      11
       4
       2
       6
       2
       1
       8
       6
       3
       5
       4
       5
       3
       4
       3
       5
       3
       4
       3
       1
       5
       3
       5
       6
       6
       8
       3
       5
       3
       4
       8
       5
       3
       2
       6
       7
       8
       5
       1
       6
       5
       5
       8
       5
       5
       9
       8
       9
      10
       3
       2
       4
       4
       4
       2
       6
       1
       4
       4
       4
       6
       4
       5
       5
       3
       5
       7
       6
       6
       3
       4
       4
       7
       4
       1
       2
       6
       4
       5
       5
       3
       3
       7
       6
       1
       3
       7
       4
       1
       4
       1
       6
       4
       4
       5
       3
       1
       6
       4
       4
       4
       2
       3
       2
       1
       4
       2
       4
       4
       7
       5
       2
       7
       5
       3
       4
       6
       2
       7
       4
       4
       7
       5
       3
       6
       3
       2
       5
       7
       4
       6
       1
       3
       2
       3
       7
       6
       1
       3
       3
       1
       4
       4
       6
       4
       5
       1
       2
       6
       3
       2
       4
       6
       5
       1
       3
       2
       4
       9
       5
       3
       3
       7
       5
       3
       4
       3
       4
       5
       4
       2
       5
       2
       4
       2
       3
       3
       1
       5
       3
       7
       4
       4
       4
       3
       5
       0
       2
       5
       4
       3
       3
       2
       3
       4
       4
       7
       4
       1
       2
       3
       7
       4
       2
       3
       4
       7
       6
       3
       6
       7
       2
       3
       5
       2
       2
       3
       7
       4
       4
       4
       1
       2
       6
       2
       6
       1
       1
       4
       2
       3
       6
       2
       7
       5
       5
       3
       2
       2
       6
       5
       2
       7
       5
       4
       1
       4
       5
       3
       3
       6
       2
       5
       3
       4
       1
       2
       6
       4
       1
       4
       4
       3
       7
       9
       6
       4
       2
       0
       2
       4
       3
       5
       3
       2
       3
       4
       3
       3
       5
       3
       1
       2
       2
       5
       2
       2
       4
       5
       4
       5
       6
       3
       3
       2
       4
       7
       1
       5
       4
       5
       4
       4
       1
       2
       2
       8
       1
       6
       8
       6
       1
       5
       2
       1
       3
       4
       2
       3
       3
       6
       8
       7
       3
       2
       5
       4
       2
       5
       3
       4
       3
       6
       3
      10
       3
       2
       5
       2
       3
       5
       3
       4
       2
       1
       2
       3
       2
       6
       3
       3
       0
       2
       1
       3
       5
       5
       7
       5
       3
       8
       2
       4
       6
       4
       3
       3
       3
       5
       4
       0
       5
       5
       3
       2
       2
       2
       2
       5
       4
       0
       3
       4
       4
       4
       3
       6
       4
       4
       6
       7
       4
       7
       2
       1
       4
       7
       5
       9
       3
       1
       5
       7
       4
       4
       7
       5
       5
       3
       7
       3
       4
       3
       0
       5
       3
       5
       3
       2
       3
       4
       4
       3
       6
       5
       1
       7
       6
       5
       1
       8
       2
       4
       3
       5
       4
       1
       5
       1
       3
       4
       5
       6
       6
       4
       5
       4
       8
       5
       3
       1
       6
       2
       8
       2
       2
       3
       1
       2
       2
       7
       9
       2
       2
       8
       3
       3
       5
       4
       5
       1
       3
       2
       4
       3
       4
       3
       3
       4
       9
       3
       3
       4
       2
       7
       2
       4
       3
       2
       4
       7
       1
       2
       7
       2
       4
       5
       2
       5
       4
       2
       1
       3
       3
       7
       3
       7
       5
       2
       5
       3
       3
       1
       4
       0
       3
       3
       3
       7
       1
       7
       5
       8
       1
       4
       4
       5
       4
       4
       3
       9
       7
       3
       7
       3
       3
       5
      11
       7
       4
       2
       9
       6
       2
       7
       4
       7
       5
       2
       5
       6
       5
       5
       6
       6
       2
       2
       3
       3
       2
       5
       5
       5
       5
      10
       4
       3
       8
       3
       6
       6
       2
       2
       3
       6
       8
       5
       6
       0
       4
       5
       6
       9
       2
       5
       6
       4
       4
       5
       3
       5
       4
       5
       6
       3
       4
       5
       4
       2
       5
       3
       3
       7
       5
       7
       4
       6
       1
       4
       2
       5
       4
       5
       3
       7
       9
       5
       8
       5
       4
       8
       6
       7
       5
       3
       6
       4
       3
       3
       7
       3
       6
       4
       1
       6
       5
       5
       6
       5
       5
       3
       7
       4
       3
       2
       3
       2
       3
       3
       4
       5
       6
       4
       9
       3
       5
       5
       4
       2
       6
       6
       3
       6
       8
       6
       3
       6
       6
       4
       6
       4
       3
       1
       6
       7
       1
       4
       7
       2
       7
       5
       8
       1
       5
       5
       7
       6
       2
       5
       7
       2
       4
       2
       3
       5
       5
       0
       3
       1
       6
       2
       5
       4
       3
       6
      10
       5
       2
       4
       6
       2
       3
       6
       1
       7
       6
       3
       4
       5
       3
       7
       5
       5
       4
       3
       2
       5
       7
       4
       3
       8
       5
       2
       8
       3
       3
       6
       4
       3
       6
       5
       2
       3
       6
       8
       4
       3
       4
       8
       1
       2
       4
       4
       2
       3
       5
       3
       4
       0
       1
       3
       3
       4
       7
       5
       5
       6
       3
       2
       4
       4
       5
       3
       6
       3
       3
       7
       1
       1
       3
       6
       4
       3
       4
       6
       1
      10
       5
       4
       2
       1
       4
       5
       4
       4
       6
       2
       4
      12
       3
       5
       6
       1
       6
       6
       4
       2
       1
       0
       0
       0
       0
       0
       0
       0
       0
       0
       0
       0
       0
       0
       0
       0
       0
       0
       0
       0
       0
       0
       0
       0
       0
       0
       0
       0
       0
       0
       0
       0
       0
       0
       0
       0
       0
       0
       0
       0
       0
       0
       0
       0
       0
       0
       0
       0
       0
       0
       0
       0
       0
       0
       0
       0
       0
       0
       0
       0
       0
       0
       0
       0
       0
       0
       0
       0
       0
       0
       0
       0
       0
       0
       0
       0
       0
       0
       0
       0
       0
       0
       0
       0
$ROI:
2
204 249
712 830
$PRESETS:
Live Time
120
0
$ENER_FIT:
-23.656767 2.297974
$MCA_CAL:
3
-2.365677E+001 2.297974E+000 2.836717E-005 keV
$SHAPE_CAL:
3
0.000000E+000 0.000000E+000 0.000000E+000
