$SPEC_ID:
Sample011
$SPEC_REM:
DET# 1
DETDESC# DESKTOP-I499GD2 Easy-MCA-2k SN 18191655
AP# Maestro Version 7.01
$DATE_MEA:
03/01/2024 11:41:41
$MEAS_TIM:
120 120
$DATA:
0 2047
       0
       0
       0
       0
       0
       1
       0
       2
      81
      59
      61
      55
      60
      54
      73
      65
      76
      62
      64
      66
      54
      66
      71
      75
      67
      77
      76
      80
      90
     105
      99
     109
     114
     128
     139
      97
     101
      97
      93
     110
     128
     147
     145
     141
     157
     129
     177
     187
     192
     221
     221
     230
     278
     254
     307
     260
     282
     253
     240
     258
     277
     345
     402
     488
     524
     582
     494
     402
     331
     257
     210
     205
     201
     202
     213
     179
     204
     187
     219
     201
     210
     207
     207
     209
     178
     188
     195
     199
     210
     219
     226
     205
     205
     182
     191
     198
     182
     198
     187
     192
     157
     169
     178
     189
     185
     154
     157
     152
     150
     170
     181
     157
     175
     155
     160
     141
     139
     127
     143
     143
     128
     147
     142
     115
     112
     130
     125
     114
     129
     125
     131
     114
     116
     109
     107
     108
     123
     106
     130
     118
     109
     107
     116
     119
     118
     106
      99
     109
     109
     101
      85
      98
      93
      88
      85
     100
      84
      87
      86
      83
      82
      86
     102
     101
      80
      81
      77
      77
      73
      91
      80
      94
      79
      77
      71
      81
      69
      64
      63
      71
      70
      62
      71
      52
      46
      84
      57
      67
      57
      79
      62
      73
      60
      58
      54
      53
      49
      49
      53
      58
      55
      53
      59
      60
      44
      52
      51
      62
      58
      60
      74
      64
      65
      73
      52
      64
      74
      87
      87
      86
      81
      90
     104
     124
     132
     140
     139
     124
     123
     130
     125
     123
     132
      93
     104
     118
     124
      97
      78
      87
      72
      61
      64
      61
      42
      49
      51
      51
      48
      50
      46
      50
      52
      39
      38
      27
      34
      47
      30
      38
      53
      43
      46
      55
      36
      31
      44
      41
      38
      39
      46
      47
      34
      34
      47
      40
      41
      50
      25
      31
      37
      49
      36
      41
      33
      39
      24
      40
      28
      31
      36
      27
      27
      31
      34
      34
      35
      37
      38
      27
      30
      35
      36
      41
      27
      35
      27
      41
      29
      41
      28
      37
      28
      26
      30
      31
      33
      24
      31
      35
      31
      32
      31
      40
      23
      23
      30
      25
      30
      43
      38
      28
      27
      32
      31
      35
      19
      28
      31
      30
      27
      33
      25
      27
      21
      23
      36
      41
      27
      30
      28
      36
      28
      18
      25
      33
      28
      33
      33
      33
      29
      34
      42
      37
      28
      38
      39
      22
      29
      29
      25
      28
      43
      27
      30
      27
      26
      24
      24
      27
      32
      26
      18
      22
      25
      26
      20
      30
      23
      23
      33
      30
      27
      26
      24
      19
      24
      30
      25
      34
      29
      19
      25
      29
      26
      26
      29
      21
      24
      24
      22
      18
      17
      28
      14
      25
      22
      19
      20
      19
      27
      21
      20
      20
      28
      19
      25
      20
      15
      20
      30
      32
      28
      21
      24
      20
      25
      21
      22
      21
      18
      27
      20
      24
      18
      32
      24
      19
      25
      21
      20
      24
      19
      27
      21
      23
      26
      25
      19
      19
      24
      26
      23
      20
      25
      25
      20
      22
      21
      23
      28
      25
      17
      29
      17
      33
      27
      30
      37
      22
      32
      36
      30
      32
      27
      27
      33
      28
      26
      38
      24
      25
      35
      22
      32
      30
      24
      17
      26
      22
      27
      24
      20
      16
      30
      21
      26
      24
      18
      25
      26
      28
      17
      22
      21
      17
      21
      18
      16
      18
      18
      13
      20
      17
      23
      23
      17
      22
      18
      24
      30
      24
      22
      18
      18
      18
      22
      20
      30
      26
      18
      21
      12
      20
      27
      25
      21
      29
      32
      18
      24
      26
      20
      13
      30
      31
      25
      26
      25
      22
      26
      31
      23
      16
      22
      24
      21
      22
      32
      19
      19
      16
      25
      13
      12
      28
      20
      18
      26
      18
      23
      24
      26
      23
      24
      20
      14
      23
      19
      12
      19
      22
      13
      15
      22
      23
      27
      14
      21
      25
      20
      22
      22
      16
      22
      24
      18
      15
      21
      14
      17
      23
      18
      18
      20
      20
      22
      22
      31
      20
      29
      17
      16
      18
      11
      20
      34
      26
      25
      33
      30
      25
      22
      30
      28
      27
      24
      28
      30
      26
      23
      21
      11
      24
      26
      26
      29
      23
      24
      35
      16
      24
      24
      24
      31
      22
      15
      27
      17
      19
      19
       9
      16
      19
      23
      17
      19
       8
      10
      20
      15
      13
      15
      10
      10
      13
       9
      11
      14
      15
      22
      10
       9
       8
      13
       9
      12
      13
      10
      15
      10
       7
      11
      10
       2
       8
      11
       7
       7
       9
      10
       7
      11
      14
      11
      12
       8
      10
       8
      15
      10
       4
       8
       9
      12
       9
      10
      12
      12
       8
      10
       7
      11
       4
      10
      13
      10
      10
       9
      14
      10
      10
      19
      13
      17
      20
      12
      21
      16
      29
      23
      33
      22
      29
      27
      51
      42
      39
      41
      44
      47
      59
      51
      66
      64
      61
      48
      67
      61
      60
      69
      59
      62
      77
      71
      73
      68
      72
      60
      66
      61
      68
      70
      65
      58
      56
      45
      33
      29
      39
      39
      34
      23
      32
      31
      23
      23
      28
      27
      20
      18
      20
      21
      11
      11
      13
      12
      13
      10
      20
      10
       4
       9
       8
       4
       7
       8
       5
       9
       7
       5
      10
       7
       3
       8
       7
       5
       8
       3
       3
       5
       8
       7
       3
       6
       4
       6
       9
       3
       6
      11
      11
       5
       5
       5
       8
       2
       4
       4
      10
       4
       8
       5
       8
       6
       2
       3
       1
       6
      10
      10
       5
       4
       5
       4
       2
       8
       7
       8
       5
       6
       9
       2
       6
       6
       4
       9
       8
       3
       8
       8
       8
       5
       6
      10
      10
       5
       2
       8
       5
       4
      11
       6
       6
       3
       6
       4
       8
       3
       7
       6
       7
       7
       3
       1
       1
       5
       8
       9
       5
       4
       5
       7
       6
       0
       6
      11
       7
       1
       4
       8
       6
       2
       3
       5
       3
       4
       5
       4
       3
       7
       5
       5
       3
       5
       1
       4
       7
       4
       5
       4
       7
       7
       7
       5
       2
       8
       4
       7
       4
       5
       3
       4
       7
       7
       7
       3
       7
       3
       7
       4
       3
       4
       8
       2
      10
       6
       5
       3
       3
       5
       8
       6
       3
       7
       4
       5
       2
       2
       5
       4
       5
      10
       7
       3
       6
       6
       4
      10
       7
       3
       5
       5
      12
       6
       5
       4
       2
       9
       5
       6
       1
       6
       4
       6
       4
       5
       4
       8
       4
      11
      12
       5
       9
       6
       3
       4
      11
       7
       8
       6
       6
       8
       5
       1
       8
       3
       8
       5
      10
       2
       7
       7
       6
       5
       5
       2
       3
       6
       2
       4
       5
       6
      10
       4
       3
       6
       5
       6
       3
       1
       6
       8
       5
       6
       6
       7
       5
       5
       3
       5
       3
       7
       5
       5
       3
       9
       4
       6
       6
       5
       4
       5
       9
       5
       5
      10
       3
       5
       3
       9
       4
       5
       7
       4
       5
       4
       6
       1
       2
       6
       5
       4
       7
       2
       6
       5
       5
       7
       3
       0
       6
       4
       3
       3
       7
       6
       3
       7
       8
       3
       6
       9
      11
       4
       8
       2
       4
       8
       7
       2
       7
       3
       8
       8
       5
       3
       4
       4
       4
       4
       3
       2
       6
       7
       4
       2
       4
       3
       6
       3
       4
       6
       4
       4
       3
       3
       5
       7
       3
       6
       2
       5
       4
       7
       5
       5
       5
       4
       7
       2
       2
       1
       1
       4
       6
       4
       3
       6
       5
       3
       2
       1
       9
       1
       5
       0
       1
       4
       3
       1
       4
       6
      14
       6
       7
       1
       5
       3
       3
       1
       5
       7
       7
       4
       5
       4
       5
       7
       4
       8
       8
       5
       4
       3
       6
       6
       6
       4
       4
       6
       4
       7
       6
       2
       2
       7
       4
       4
       3
       6
       3
       4
       5
      11
       5
       5
       5
       3
      10
       6
       3
       5
       5
       4
       5
       9
       5
       3
       2
       3
       2
       3
       4
       1
       0
       5
       3
       3
      10
       5
       5
       4
       5
       3
       4
       4
       3
       3
       5
       4
       8
       8
       4
       3
       4
       6
       2
       2
       2
       6
       4
       5
       7
       4
       3
       5
       4
       6
       5
       4
       6
       6
       5
       4
       1
       3
       5
       6
       4
       1
       5
       2
       5
       4
       3
       1
       3
       9
       3
       3
       5
       6
       4
       3
       5
       5
       5
       3
       4
       3
       4
       3
       8
       3
       4
       3
       3
       4
       1
       6
       3
       2
       3
       7
       4
       3
       1
       5
       4
       8
       6
       4
       7
       6
       4
       3
       5
       2
       1
       3
       2
       3
       3
      11
       3
       3
       5
       3
       8
       3
       5
       2
       5
       4
       7
       6
       6
       5
       3
       6
       3
       7
       3
       6
       3
       4
       3
       6
       3
       4
       3
       3
       5
       3
       3
       5
       3
       6
       1
       2
       2
       3
       5
       6
       3
       4
       3
       2
       2
       3
       1
       7
       2
       0
       0
       1
       2
       7
       3
       1
       2
       4
       5
       5
       7
       5
       3
       3
       6
       6
       3
       3
       3
       8
       4
       2
       6
       4
       5
       4
       3
       3
       4
       4
       1
       2
       2
       4
       1
       6
       3
       4
       1
       4
       2
       8
       5
       4
       5
       4
      11
       3
       4
       7
       4
       1
       2
       4
       3
       3
       3
       6
       1
       4
       1
       9
       5
       5
       5
       4
       3
       2
       6
       4
       3
       1
       5
       3
       1
       5
       1
       3
       4
       6
       5
       5
       4
       4
       6
       5
       1
       5
       3
       5
       4
       1
       1
       5
       6
       8
       8
       4
       2
       7
       5
       4
       6
       2
       6
       4
       6
       5
       5
       6
       2
       2
       5
       3
       8
       2
       2
       2
       3
       4
       5
      10
       4
       4
       3
       7
       4
       4
       3
       4
       2
       4
       8
       7
       5
       6
       0
       3
       1
       6
       5
       1
       3
       5
      10
       7
       3
       7
       6
       9
       5
       5
       0
       4
       1
       5
       8
       3
       2
       8
      10
       2
       1
       6
       4
       4
       4
       6
       4
       2
       5
       5
       3
       4
       3
       6
       3
       4
       3
       4
       4
       3
       9
       3
       5
       5
       5
      10
       2
       1
       5
       5
       3
      10
       2
       2
       9
       6
       4
       3
       2
       3
       4
       7
       3
       5
       5
       8
       2
       9
       7
       2
       4
       5
       3
       6
       3
       8
       1
       2
       2
       1
       3
       3
       3
       7
      10
       3
       2
       5
       1
       1
       7
       6
       9
       7
       2
       6
       3
       3
       4
       7
       4
       7
       3
       1
       4
       7
       4
       4
       6
       5
       3
       2
       0
       4
       2
       3
       3
      10
       6
       3
       3
       5
       3
       8
       0
       7
       6
       7
       8
       5
       6
       2
       4
       7
       4
       3
       7
       2
       2
       4
       3
       6
       5
       6
       5
       8
       4
       5
       7
       2
       8
       4
       7
       2
       4
       9
       2
       8
       7
       6
       8
       6
       5
       4
       9
       7
       2
       4
       2
       1
       2
       4
       0
       1
       2
       4
       5
       4
       3
       3
       8
       5
       3
       8
       5
       7
       9
       3
       2
       2
       9
       3
       4
       6
       6
       3
       3
       4
       4
       8
       4
       6
       4
       4
       6
       7
       4
       7
       6
       7
       3
       6
       1
       7
       2
       6
       0
       4
       6
       5
       4
       6
       8
       2
       4
       3
       3
       3
       6
       8
       7
       1
       7
       1
       8
      11
       5
       4
       5
       9
       9
       4
       7
       5
       4
       2
       5
       5
       4
       5
       7
       3
       3
       6
       3
       6
       7
       6
       9
       4
       2
       4
       4
       3
       3
       7
       8
       6
       7
       5
       6
       5
       9
       4
       4
       3
      10
       8
       5
       4
       4
       6
       8
       7
       6
       7
       0
       3
       6
       2
       0
       8
       8
       6
       6
       4
       0
       3
       1
       5
       6
       6
       2
       4
       1
       4
       2
       4
       6
       6
       6
       3
       8
       3
       3
       7
       3
       5
       3
       3
       3
       2
       5
       3
       1
       4
       3
       2
       4
       5
       2
       5
       3
       3
       3
       7
       2
       3
       2
       8
       6
       2
       1
       4
      10
       2
      10
       4
       4
       6
       3
       4
       5
       4
       2
       2
       0
       5
       7
       3
       7
       4
       4
       2
       6
       3
       4
       4
       5
       5
      10
       7
       7
       2
       1
      10
       4
       4
       7
       6
       2
       4
       1
       5
       8
       4
       8
       4
       8
       3
       5
       5
       3
       4
       5
       2
       6
       6
       6
       7
       4
       4
       3
       2
       5
       3
       3
       5
       6
       4
       5
      10
       1
       6
       4
       2
       6
       8
       2
       4
       5
       6
       4
       2
       4
       4
       3
       3
       7
       4
       6
       3
       1
       5
       2
       3
       3
       0
       0
       0
       0
       0
       0
       0
       0
       0
       0
       0
       0
       0
       0
       0
       0
       0
       0
       0
       0
       0
       1
       0
       0
       0
       0
       0
       0
       0
       0
       0
       0
       0
       0
       0
       0
       0
       0
       0
       0
       0
       0
       0
       0
       0
       0
       0
       0
       0
       0
       0
       0
       0
       0
       0
       0
       0
       0
       0
       0
       0
       0
       0
       0
       0
       0
       0
       0
       0
       0
       0
       0
       0
       0
       0
       0
       0
       0
       0
       0
       0
       0
       0
       0
$ROI:
1
712 830
$PRESETS:
Live Time
120
0
$ENER_FIT:
-23.656767 2.297974
$MCA_CAL:
3
-2.365677E+001 2.297974E+000 2.836717E-005 keV
$SHAPE_CAL:
3
0.000000E+000 0.000000E+000 0.000000E+000
