$SPEC_ID:
Sample010
$SPEC_REM:
DET# 1
DETDESC# DESKTOP-I499GD2 Easy-MCA-2k SN 18191655
AP# Maestro Version 7.01
$DATE_MEA:
03/01/2024 12:18:54
$MEAS_TIM:
120 120
$DATA:
0 2047
       0
       0
       0
       0
       1
       1
       0
       4
     125
      77
      75
      73
      61
      86
      91
      59
      80
      85
      77
      87
      72
      83
      88
      84
     109
     102
     125
     104
     117
     150
     133
     150
     150
     175
     160
     119
     126
     135
     140
     125
     145
     137
     157
     158
     193
     184
     169
     190
     214
     183
     239
     247
     257
     267
     292
     287
     283
     274
     243
     308
     313
     340
     426
     501
     546
     555
     484
     420
     376
     292
     270
     257
     245
     260
     254
     261
     258
     234
     232
     232
     242
     254
     241
     245
     254
     234
     249
     247
     248
     254
     228
     222
     239
     220
     232
     243
     226
     232
     226
     217
     223
     183
     214
     190
     193
     213
     188
     175
     222
     210
     179
     225
     202
     186
     182
     189
     184
     170
     172
     161
     185
     175
     161
     169
     164
     156
     147
     157
     141
     153
     150
     144
     149
     171
     149
     150
     168
     135
     135
     142
     132
     141
     140
     117
     125
     122
     121
     127
     119
     117
     120
     122
     125
     105
     118
     112
     115
      89
     125
     114
     116
     130
     122
     108
     110
     101
     108
      86
     101
     102
      99
     105
      99
      90
      85
      92
     114
      95
      90
      86
      75
      94
      90
      78
      97
      81
      83
      63
      72
      81
      61
     102
      80
      60
      71
      82
      81
      66
      76
      66
      83
      72
      75
      82
      55
      78
      78
      86
      92
      65
      87
      89
      82
      92
      95
      97
     100
     102
     126
     119
     125
     145
     153
     167
     170
     153
     169
     189
     178
     173
     204
     153
     177
     160
     152
     165
     154
     125
     122
     103
     120
      82
      80
      78
      73
      67
      51
      51
      66
      55
      66
      50
      55
      51
      54
      55
      50
      47
      52
      46
      47
      61
      51
      77
      66
      64
      53
      45
      64
      56
      70
      49
      51
      46
      56
      46
      46
      55
      64
      51
      56
      53
      54
      56
      53
      55
      46
      59
      44
      52
      51
      50
      48
      62
      53
      50
      53
      45
      44
      42
      41
      47
      47
      34
      42
      44
      37
      48
      45
      36
      51
      55
      45
      52
      45
      46
      46
      44
      44
      55
      43
      50
      38
      51
      35
      40
      38
      39
      51
      40
      42
      43
      39
      40
      34
      52
      59
      35
      46
      46
      36
      52
      48
      45
      45
      40
      46
      49
      33
      36
      38
      40
      39
      40
      44
      45
      53
      40
      44
      35
      39
      44
      52
      46
      36
      42
      47
      38
      50
      46
      38
      37
      46
      45
      35
      30
      46
      35
      44
      36
      34
      36
      34
      34
      30
      41
      29
      55
      28
      45
      41
      31
      44
      43
      57
      30
      33
      26
      29
      36
      24
      43
      38
      35
      34
      40
      36
      32
      32
      35
      39
      25
      26
      39
      33
      24
      25
      35
      30
      35
      39
      33
      29
      31
      25
      29
      33
      36
      35
      30
      29
      25
      38
      31
      28
      27
      39
      35
      32
      32
      35
      34
      23
      25
      29
      33
      31
      29
      33
      32
      25
      39
      39
      26
      38
      41
      38
      27
      32
      36
      34
      32
      35
      39
      33
      36
      31
      33
      28
      26
      34
      32
      33
      32
      27
      43
      42
      44
      30
      32
      29
      47
      37
      52
      43
      41
      43
      41
      46
      35
      44
      45
      40
      25
      41
      37
      40
      39
      29
      30
      33
      28
      39
      32
      37
      35
      27
      31
      29
      37
      32
      32
      35
      33
      35
      28
      30
      32
      19
      25
      30
      25
      35
      27
      22
      34
      30
      27
      26
      37
      27
      21
      28
      26
      41
      25
      32
      37
      30
      36
      28
      27
      35
      37
      26
      26
      31
      31
      43
      28
      30
      35
      32
      42
      36
      39
      39
      43
      27
      36
      43
      33
      31
      31
      41
      24
      28
      34
      28
      29
      35
      25
      31
      30
      36
      23
      40
      34
      35
      24
      24
      29
      29
      35
      26
      34
      22
      49
      38
      37
      18
      32
      32
      23
      27
      23
      29
      32
      31
      34
      38
      34
      21
      35
      25
      41
      41
      30
      36
      36
      27
      40
      31
      37
      39
      34
      23
      27
      38
      33
      52
      32
      31
      39
      42
      43
      37
      39
      32
      34
      42
      33
      37
      49
      39
      31
      35
      44
      30
      31
      47
      37
      25
      25
      37
      35
      38
      25
      45
      34
      28
      42
      36
      28
      40
      34
      28
      32
      32
      26
      31
      36
      30
      29
      35
      27
      24
      21
      25
      22
      34
      27
      21
      18
      18
      15
      12
      23
      18
      10
      14
      14
      16
      19
      17
      17
      14
      24
      15
      11
      16
      17
       8
      15
      14
      20
      18
      17
       9
      14
      10
      18
       6
      12
      20
      13
      15
      18
      14
      12
       8
      17
      14
       9
      12
      23
      13
      15
       8
      17
      14
      12
      14
      19
      11
      16
      18
      16
      11
      16
      14
      20
      21
      27
      21
      33
      23
      19
      18
      30
      41
      59
      35
      61
      59
      68
      70
      68
      73
      76
      74
      82
      80
      90
      67
      94
      98
      92
     103
     108
     101
      99
      97
     121
     113
      98
     100
      95
      92
      87
     110
     101
      96
      92
      78
      89
      65
      69
      69
      47
      53
      54
      47
      40
      40
      30
      29
      38
      30
      27
      27
      25
      25
      29
      18
      22
      27
      15
      14
      16
      12
      16
      10
      13
      12
       7
      10
      11
       7
      11
       6
      10
       8
      15
       5
       7
      12
      18
       7
      10
       9
       6
       9
       6
       4
       8
       6
       8
       5
      12
       8
       7
       7
       4
       6
       8
      10
      11
       6
      10
      14
      14
       7
      11
       4
       9
      10
       8
       8
      10
      10
       3
       8
       6
       9
       6
      10
       9
       9
      10
      13
       3
      10
       6
       8
       9
       9
       9
       9
       8
       8
      11
      12
      12
      12
       8
      10
      10
       7
       6
       9
      10
      11
       5
      12
      12
       7
      13
       8
      11
       5
       8
       5
       5
       5
       7
       5
      11
      13
       4
       6
       9
       8
       8
      11
       7
       8
       5
       3
       6
      13
       7
       8
       4
      10
      11
       6
       6
      13
       9
       7
      16
       9
       1
       8
       5
       5
       5
       6
       8
       4
      11
       8
       3
       5
       4
       8
      11
       7
       3
      10
       5
       6
      11
       7
       8
       9
       5
       3
       5
       9
       5
       6
       4
      13
       7
      10
       6
       8
       6
      11
       9
       5
       5
       8
      10
       4
       7
      12
       5
       5
       5
       6
       8
      11
      12
      15
       7
       5
      10
      11
       8
      10
       9
       6
       7
       7
       7
       6
       7
      10
      12
       2
      12
      15
       6
      14
      10
      10
       6
      11
       4
      10
       7
       6
       6
      12
       7
       7
       6
      11
       8
       3
       7
       8
       4
      10
       4
       8
      12
       6
       6
       6
       3
      12
       4
       6
       6
       7
       7
       5
      10
       5
      11
       5
      12
      11
       8
       9
       6
       9
       5
      17
       5
      11
       4
       5
       8
       8
       8
       8
       4
       5
      11
       4
       4
       5
       7
       6
       9
       7
       8
       4
       9
       6
       9
       5
       4
       9
       7
       7
       6
      11
       8
      11
       2
       9
       4
       3
       3
       8
       7
       5
       5
       8
       8
       5
       6
       5
       6
       7
       6
       8
       8
       3
       5
       4
      10
       6
       6
       9
       5
       7
       4
       9
       8
       4
       6
       9
       7
       5
       6
       3
       4
      11
       5
       5
       5
       4
       6
       5
       9
       4
       5
       6
       9
       4
       5
      12
       5
       6
       9
       7
       5
       8
       9
       5
       2
       9
       5
       2
       6
       8
       9
       7
       6
       6
       6
       5
       9
       6
       2
       7
      12
       7
       7
       3
       6
       2
       5
       6
       6
       8
      10
       6
       5
       9
       3
       6
       6
       3
       6
      10
       6
       5
       6
       8
       5
       7
      12
       7
       4
       9
       8
       6
      11
       7
       8
      10
       7
      14
       7
       8
      10
       6
      10
      16
      10
       8
       6
      10
       9
       4
       7
       2
       4
       9
       7
       9
       7
       7
       9
       7
       9
       7
      12
       8
       9
       8
      11
      10
       7
      15
       5
       4
       5
       8
       7
       2
       5
      10
       6
      11
       7
       8
       6
       7
       6
      13
       4
       7
       2
      10
       8
       5
       8
       2
       7
       5
      10
       5
       9
       3
       8
       3
       6
       7
       7
       8
       6
       7
       3
       9
       7
       7
       9
       1
       3
       5
       7
       7
       5
       7
       4
      10
       7
       7
       6
      16
       4
       6
       6
       3
       5
       8
       3
       4
       1
       4
       4
       6
       4
       9
       8
      11
       6
       8
       5
       5
       6
       6
       6
       3
       5
       2
      10
       7
       7
       8
       4
       7
       2
       5
       6
      12
       4
       5
       9
       2
       4
       5
       4
      11
       6
       9
      14
       6
       2
       5
       5
       5
      10
       5
       3
       6
       8
       8
       6
       4
       8
       3
       6
       7
       2
       6
       3
       5
       1
       3
       6
       7
       5
       5
       8
       6
       8
       4
       5
       6
      11
       4
       6
       4
       5
       7
      11
      10
       7
       7
       7
       8
       4
       6
       7
       5
       3
       3
       3
       7
       6
       7
       2
       8
       3
       7
       4
       2
       3
       3
       5
       6
       5
       3
       3
       9
       6
       5
       8
       7
       6
       3
       7
       5
       3
       3
       5
       2
       5
       8
       9
       4
       8
       8
       5
       5
       9
       4
       6
       7
       8
       6
      10
       7
       3
       7
       3
       7
       4
       6
       2
       8
       1
       6
       6
       9
       4
       8
       7
       4
       6
       6
       6
       0
       8
       7
       4
       7
       5
       6
       5
       5
       4
       8
       6
       5
       5
       7
       7
       1
       9
      11
       5
      14
       6
       1
       5
       5
       8
       4
       6
      10
       6
       7
       6
       2
       7
       8
       4
       8
       5
       5
       7
       4
       6
       3
       9
       7
       4
      10
       2
       9
       5
       1
       7
       3
      10
       5
       4
       4
       5
       9
      10
       3
      11
      10
       4
       8
       8
       8
       1
       5
       6
       3
       0
       8
       1
       6
       7
       4
       7
       1
       4
       7
       6
       4
       7
       7
       7
       3
       5
       6
       8
       7
       7
       7
       7
       5
       9
       3
       4
       2
      11
       7
       6
      10
       8
       6
       4
       5
       6
       6
       6
       7
       6
       9
       9
       4
       9
       6
       5
      10
       2
       3
       6
       7
       8
      15
       6
       3
       8
       8
       8
       6
      10
       9
       6
      11
       4
       8
       7
       8
       8
       6
       8
       7
       4
      12
      11
       4
       7
       8
       4
       8
       6
       8
       8
       5
       6
       9
       4
      11
       4
       5
       6
       7
       7
       6
       9
       4
       2
       6
       5
       6
       1
       5
       7
       3
       7
       6
       6
       5
       4
       6
       9
      10
       1
       6
       8
       4
      11
       6
      10
       8
       6
       2
       9
       8
       6
       4
      10
       5
       5
       4
       9
       3
       4
      11
       3
       1
       3
       7
      10
       5
       4
      10
       8
      10
       3
       5
       6
       5
       9
       7
       4
       5
       5
       9
       7
       6
       3
       6
       6
       7
      12
      13
       8
       8
       7
       7
       8
       7
      12
       8
       5
       5
       8
       7
       7
      10
       4
       8
       6
      12
       6
       9
       6
      11
       5
       8
       7
      12
       6
       4
       4
       5
       9
       2
       7
      12
      11
       9
       4
       6
      15
       7
      10
       6
      12
       9
       8
       9
       9
       8
       5
       4
       6
       5
      14
       5
       8
       6
       6
       7
       6
      12
      12
       4
       8
       9
      12
       5
       2
       9
       3
       3
       2
       5
       9
      10
      10
       8
       9
       5
       6
       7
       9
       5
       6
       7
       8
       7
       3
       4
       7
       5
       7
      10
       6
       7
       9
       7
      15
      12
      11
       7
      10
       6
       6
       9
       8
      10
       7
       6
       9
      10
      10
      10
       3
       6
       9
      15
      12
       6
      10
      11
       6
       7
       8
       5
       7
       5
       3
       7
       8
      11
       5
       6
       6
       6
       6
       6
       8
       7
       5
       4
       7
       4
       8
       8
       9
       3
       4
       2
       5
       8
       3
       6
       7
       9
       8
       6
       6
       5
       8
       4
       6
       5
       6
       8
       5
      11
       5
       7
       3
       8
       5
       5
       7
       9
       5
       6
       5
       5
       6
       6
       3
       5
       7
       4
       4
       6
       2
       8
       2
       6
      10
       6
       5
       9
       6
       5
       9
       8
       4
       9
       6
      10
       9
       6
       7
       7
       6
       7
       7
       7
      10
       6
       5
       2
       3
      11
       7
       6
       9
       8
       6
       7
      11
       6
       5
       4
      10
       6
       6
       5
       9
       8
       5
       9
       9
       5
       4
       9
       6
       9
      11
       8
       6
      11
       4
       2
       6
       5
       3
       5
       6
       8
       8
       6
       8
       6
       8
       5
       7
      10
       7
       6
       2
       4
       6
       2
       9
       7
       8
       6
       7
       3
       6
       8
       3
       7
       7
       5
       6
       1
       4
       8
       8
       4
       9
       7
       5
       5
       6
       0
       0
       0
       0
       0
       0
       0
       0
       0
       0
       0
       0
       0
       0
       0
       0
       0
       0
       0
       0
       0
       0
       0
       0
       0
       0
       0
       0
       0
       0
       0
       0
       0
       0
       0
       0
       0
       0
       0
       0
       0
       0
       0
       0
       0
       0
       0
       0
       0
       0
       0
       0
       0
       0
       0
       0
       0
       0
       0
       0
       0
       0
       0
       0
       0
       0
       0
       0
       0
       0
       0
       0
       0
       0
       0
       0
       0
       0
       0
       0
       0
       0
       0
       0
$ROI:
2
204 249
712 830
$PRESETS:
Live Time
120
0
$ENER_FIT:
-23.656767 2.297974
$MCA_CAL:
3
-2.365677E+001 2.297974E+000 2.836717E-005 keV
$SHAPE_CAL:
3
0.000000E+000 0.000000E+000 0.000000E+000
