$SPEC_ID:
No sample description was entered.
$SPEC_REM:
DET# 1
DETDESC# DESKTOP-I499GD2 Easy-MCA-2k SN 18191655
AP# Maestro Version 7.01
$DATE_MEA:
02/29/2024 12:13:34
$MEAS_TIM:
26 26
$DATA:
0 2047
       0
       0
       0
       0
       0
       0
       0
       2
      29
      19
      25
      19
      13
      13
      20
      23
      19
      16
      32
      17
      18
      19
      30
      18
      27
      25
      19
      24
      25
      22
      35
      34
      21
      21
      28
      24
      23
      25
      28
      30
      36
      34
      44
      36
      45
      15
      36
      44
      51
      45
      53
      44
      46
      48
      54
      50
      41
      51
      53
      61
      59
      68
      62
      61
      60
      75
      66
      59
      52
      55
      50
      56
      53
      61
      57
      58
      59
      52
      62
      52
      51
      52
      55
      60
      66
      51
      45
      58
      49
      54
      57
      71
      59
      49
      56
      57
      40
      46
      54
      57
      58
      50
      57
      58
      44
      40
      47
      59
      53
      40
      49
      53
      48
      52
      37
      48
      39
      53
      40
      43
      34
      50
      41
      28
      35
      36
      42
      40
      33
      32
      32
      41
      35
      39
      27
      43
      41
      33
      29
      40
      33
      38
      28
      29
      37
      27
      26
      30
      21
      27
      28
      34
      27
      36
      25
      26
      23
      27
      35
      20
      23
      23
      25
      28
      25
      29
      23
      36
      29
      24
      29
      22
      14
      13
      25
      23
      24
      15
      29
      25
      17
      25
      21
      25
      21
      21
      24
      21
      24
      15
      34
      16
      21
      18
      19
      16
      18
      13
      25
      14
      16
      15
      20
      15
      18
      20
      16
      17
      20
      13
      25
      19
      21
      23
      19
      33
      24
      25
      21
      33
      44
      25
      33
      44
      36
      40
      47
      48
      56
      41
      50
      46
      43
      37
      32
      34
      44
      32
      25
      27
      32
      33
      17
       9
      18
      18
      12
      11
      23
      15
      21
      16
      13
      12
      18
      12
      16
      18
      10
      16
      13
      10
      10
      15
      24
      12
       9
      10
      12
      11
      15
      19
       9
      16
      15
      13
      12
      13
      16
      10
       8
       8
      22
      15
      14
      12
       9
      13
      17
       9
      11
       8
      16
      13
       9
      10
      12
      11
      12
      12
       6
      11
      10
      14
      15
      12
      18
       9
      14
      12
       8
      19
       6
      10
      14
      11
      12
      10
      13
       9
      16
       6
      12
      12
       9
       9
      11
      18
      14
       8
       8
      14
      11
       9
      10
       6
      11
       9
      10
      14
       7
      12
       9
      13
       6
       7
      14
       6
      10
       5
      13
      16
      13
      11
      11
       4
      15
      12
       7
      10
       9
      10
      14
      12
       9
      12
      12
      11
      11
      14
      12
       7
      11
      10
      13
       9
      12
       8
       8
       6
      10
      11
      12
       8
       9
       7
      17
      11
      15
      12
      11
       7
       5
       4
       7
       9
       8
      11
      13
       8
       9
       4
      14
      12
       5
       8
       7
       8
       8
       7
      14
      13
       6
      13
      12
      13
       8
      12
       9
       9
       7
       8
      10
       9
       6
       6
      10
       8
      10
       8
       7
       7
       8
       9
      12
      11
      10
       9
       5
       8
       5
       9
       3
      11
       6
       8
       7
       6
       9
       7
       4
       4
       6
       9
      12
       8
      12
       8
       8
       6
       6
      13
      10
       6
      10
       7
       5
      11
      10
       9
       8
       4
      12
       9
       9
       4
       7
      12
      11
       8
       8
      14
       7
       9
      17
      12
      16
      11
      18
      12
      11
       5
       4
       9
      15
       9
       9
       9
       7
       9
       8
       6
      13
      16
      13
       7
       8
       5
       6
      10
      10
      12
       6
      10
       6
       8
      11
       7
       4
       9
       9
       5
      10
       9
       7
       8
      13
       2
       4
       8
       8
       7
      12
      10
       7
       6
      10
      10
       9
      10
       3
       7
       9
       9
      10
      10
       4
       9
      14
       9
      11
      16
       8
       6
       7
      10
       9
      14
       5
       9
      18
      13
      16
       9
       5
      11
      16
       6
      14
       9
      10
      11
      14
       8
       9
       9
       5
      11
       5
       7
       9
       7
       8
       6
       8
       9
      10
       6
       5
      11
       7
       9
       8
       7
       9
       4
      11
      11
      14
      10
      10
       6
      18
       8
      11
      10
       8
      15
       7
      12
       8
      10
       8
       8
       8
       9
       8
      12
      13
       8
       8
      12
       9
      13
       5
       7
      10
      12
       7
      16
       9
      10
      13
      11
       8
       5
      11
      10
      12
      14
      14
      10
      11
      10
       8
       8
      10
       7
       7
       7
      13
       5
       8
       8
       5
       7
       5
       7
       7
      10
       3
       5
      10
       5
       6
       5
       7
       5
      11
      10
       4
       6
      11
       7
       6
       6
       4
       4
       5
       2
       5
       3
       6
       6
       7
       1
       4
       3
       3
       3
       4
       0
       4
       7
       5
       1
       4
       2
       3
       1
       5
       5
       4
       3
       0
       2
       2
       5
       2
       2
       2
       4
       3
       4
       2
       4
       2
       4
       5
       5
       1
       1
       5
       4
       3
       5
       6
       0
       5
       8
       1
       2
       7
       4
       9
       8
      11
      16
      12
       7
      10
      14
      10
      18
      13
      23
      18
      14
      29
      11
      23
      22
      30
      24
      29
      30
      27
      26
      26
      29
      28
      29
      32
      27
      31
      36
      31
      30
      25
      23
      22
      25
      22
      37
      23
      18
      13
      16
      26
      17
      22
      13
      13
      11
      11
       7
      12
      12
      12
      12
       7
      13
       5
       4
       5
       6
       8
      12
       3
       3
       3
       3
       2
       4
       6
       2
       3
       2
       2
       6
       8
       1
       2
       3
       2
       3
       3
       5
       1
       1
       0
       3
       1
       1
       1
       1
       1
       3
       1
       5
       3
       2
       4
       9
       1
       1
       1
       4
       0
       1
       5
       4
       1
       1
       2
       2
       3
       3
       1
       2
       4
       1
       4
       1
       3
       1
       2
       4
       6
       1
       1
       4
       3
       3
       0
       2
       5
       1
       2
       2
       3
       3
       4
       3
       4
       0
       1
       1
       3
       5
       3
       5
       6
       6
       4
       1
       1
       1
       1
       3
       2
       1
       1
       1
       2
       2
       6
       4
       5
       2
       0
       2
       2
       1
       4
       1
       2
       3
       0
       2
       0
       3
       2
       4
       0
       1
       2
       2
       1
       3
       4
       2
       0
       1
       0
       0
       3
       1
       7
       2
       3
       3
       2
       6
       4
       4
       3
       1
       3
       2
       4
       4
       2
       1
       0
       1
       1
       2
       3
       2
       2
       3
       3
       2
       1
       2
       2
       7
       1
       1
       1
       5
       1
       2
       1
       0
       5
       0
       2
       1
       2
       4
       3
       7
       3
       2
       4
       4
       1
       5
       3
       6
       5
       0
       4
       1
       4
       3
       1
       4
       3
       2
       4
       2
       3
       1
       1
       3
       3
       5
       1
       2
       4
       2
       3
       5
       1
       6
       2
       3
       0
       3
       3
       4
       4
       3
       0
       3
       3
       2
       3
       2
       1
       3
       4
       0
       2
       1
       2
       0
       5
       1
       2
       0
       3
       5
       1
       0
       2
       3
       5
       1
       3
       1
       3
       4
       3
       2
       1
       2
       2
       2
       1
       0
       2
       3
       1
       2
       1
       2
       0
       3
       0
       1
       1
       6
       2
       1
       4
       3
       2
       6
       2
       0
       6
       2
       3
       0
       5
       1
       3
       4
       1
       1
       3
       2
       3
       1
       4
       2
       2
       0
       1
       2
       1
       2
       1
       3
       1
       1
       3
       1
       3
       0
       2
       2
       3
       0
       3
       2
       1
       1
       2
       3
       0
       3
       1
       0
       3
       2
       1
       0
       2
       2
       1
       1
       0
       2
       1
       2
       1
       1
       0
       0
       4
       3
       2
       4
       2
       2
       1
       1
       3
       1
       2
       0
       3
       4
       3
       1
       4
       2
       0
       0
       1
       0
       3
       2
       1
       1
       2
       5
       3
       1
       0
       1
       0
       3
       3
       2
       3
       2
       2
       2
       0
       3
       5
       2
       0
       3
       1
       3
       1
       3
       1
       3
       5
       4
       4
       5
       4
       3
       5
       3
       3
       5
       2
       4
       6
       0
       1
       2
       3
       8
       4
       6
       4
       5
       3
       6
       8
       5
       4
       3
       6
       4
       2
       3
       5
       2
       2
       1
       3
       4
       6
       3
       1
       1
       1
       2
       2
       0
       1
       1
       3
       2
       2
       2
       3
       2
       1
       1
       1
       3
       0
       1
       0
       2
       1
       0
       2
       0
       2
       2
       1
       0
       2
       1
       0
       4
       2
       2
       1
       0
       3
       0
       1
       3
       2
       0
       2
       2
       1
       0
       2
       3
       0
       0
       1
       2
       1
       4
       0
       1
       2
       1
       2
       1
       3
       2
       1
       0
       0
       1
       7
       1
       0
       2
       2
       1
       1
       1
       0
       2
       1
       2
       1
       3
       0
       3
       4
       1
       0
       2
       3
       1
       1
       1
       1
       3
       1
       2
       1
       2
       1
       0
       2
       4
       1
       4
       2
       0
       0
       2
       2
       0
       1
       2
       0
       2
       1
       2
       0
       0
       1
       1
       3
       1
       0
       1
       2
       1
       1
       1
       2
       2
       3
       2
       3
       0
       4
       1
       0
       1
       2
       1
       0
       1
       2
       4
       0
       1
       0
       1
       1
       1
       2
       1
       2
       1
       0
       1
       0
       1
       1
       4
       2
       1
       1
       2
       1
       1
       1
       0
       0
       1
       0
       0
       2
       1
       1
       0
       1
       1
       0
       1
       2
       1
       0
       1
       3
       2
       3
       0
       1
       1
       0
       2
       2
       1
       1
       1
       1
       2
       1
       3
       3
       2
       0
       3
       1
       1
       0
       2
       1
       0
       1
       1
       1
       0
       3
       3
       1
       5
       0
       0
       1
       0
       1
       1
       1
       2
       2
       1
       1
       0
       0
       1
       1
       2
       3
       1
       2
       1
       1
       1
       2
       0
       0
       2
       3
       0
       2
       0
       2
       0
       0
       2
       2
       3
       1
       1
       4
       1
       1
       0
       1
       2
       2
       1
       1
       0
       0
       0
       1
       1
       2
       0
       2
       1
       0
       0
       2
       1
       0
       1
       0
       2
       0
       1
       2
       2
       1
       1
       1
       2
       1
       3
       2
       0
       2
       2
       1
       2
       1
       1
       1
       3
       1
       1
       2
       1
       0
       0
       1
       2
       0
       2
       1
       1
       0
       1
       0
       2
       0
       3
       4
       1
       1
       3
       1
       0
       2
       1
       1
       1
       0
       0
       3
       1
       3
       1
       2
       3
       2
       0
       0
       3
       1
       2
       0
       0
       2
       1
       2
       1
       1
       1
       0
       4
       1
       5
       1
       1
       1
       1
       0
       3
       2
       1
       1
       1
       0
       0
       0
       1
       2
       1
       1
       1
       0
       1
       1
       2
       1
       3
       4
       3
       0
       1
       0
       0
       1
       1
       1
       4
       1
       1
       0
       0
       2
       1
       0
       1
       1
       1
       0
       1
       2
       0
       2
       0
       2
       2
       0
       2
       1
       0
       1
       1
       0
       0
       1
       0
       1
       1
       2
       1
       0
       2
       0
       2
       2
       1
       4
       2
       3
       3
       0
       2
       0
       1
       2
       2
       1
       0
       1
       1
       1
       1
       1
       1
       1
       0
       2
       1
       1
       2
       1
       3
       4
       1
       2
       1
       1
       4
       0
       4
       3
       3
       2
       0
       1
       2
       0
       2
       1
       1
       1
       4
       1
       1
       1
       2
       0
       1
       1
       2
       1
       3
       1
       1
       1
       0
       1
       0
       0
       1
       2
       1
       0
       1
       1
       4
       3
       2
       2
       2
       0
       2
       1
       1
       1
       1
       1
       0
       1
       2
       0
       1
       0
       0
       1
       3
       0
       2
       1
       2
       2
       1
       2
       0
       1
       1
       1
       0
       1
       3
       3
       1
       0
       1
       1
       1
       1
       1
       4
       3
       0
       0
       1
       1
       2
       1
       2
       1
       2
       0
       4
       2
       2
       2
       0
       0
       1
       0
       0
       6
       0
       2
       3
       1
       1
       0
       1
       2
       3
       1
       1
       2
       3
       0
       3
       0
       1
       2
       3
       1
       1
       3
       7
       3
       1
       5
       4
       1
       1
       2
       0
       0
       1
       1
       0
       2
       0
       2
       1
       1
       2
       1
       2
       1
       0
       0
       0
       2
       2
       3
       2
       0
       1
       0
       2
       1
       0
       4
       4
       1
       1
       2
       3
       1
       3
       0
       0
       0
       0
       1
       1
       1
       2
       1
       1
       1
       0
       1
       1
       1
       3
       1
       3
       2
       1
       0
       3
       1
       0
       1
       1
       1
       1
       1
       3
       2
       1
       2
       0
       0
       1
       1
       0
       1
       3
       1
       3
       2
       0
       1
       2
       0
       2
       0
       1
       2
       0
       2
       0
       0
       2
       3
       1
       2
       1
       3
       1
       0
       3
       1
       2
       2
       0
       0
       0
       1
       0
       1
       0
       2
       0
       2
       1
       4
       2
       1
       3
       1
       0
       1
       0
       1
       3
       0
       0
       0
       0
       2
       3
       3
       1
       0
       0
       0
       2
       0
       1
       0
       1
       1
       0
       0
       2
       2
       4
       2
       0
       0
       0
       0
       0
       0
       0
       0
       0
       0
       0
       0
       0
       0
       0
       0
       0
       0
       0
       0
       0
       0
       0
       0
       0
       0
       0
       0
       0
       0
       0
       0
       0
       0
       0
       0
       0
       0
       0
       0
       0
       0
       0
       0
       0
       0
       0
       0
       0
       0
       0
       0
       0
       0
       0
       0
       0
       0
       0
       0
       0
       0
       0
       0
       0
       0
       0
       0
       0
       0
       0
       0
       0
       0
       0
       0
       0
       0
       0
       0
       0
       0
       0
       0
$ROI:
1
712 830
$PRESETS:
None
0
0
$ENER_FIT:
-23.656767 2.297974
$MCA_CAL:
3
-2.365677E+001 2.297974E+000 2.836717E-005 keV
$SHAPE_CAL:
3
0.000000E+000 0.000000E+000 0.000000E+000
