1021.05 110.20293064237862 2.2616242735178473 0
1020.85 106.20319063129513 2.3487286027624155 0
1020.65 108.85220666177844 2.6007963495343644 0
1020.45 110.39296792489252 3.2269007827104255 0
1020.25 110.06853110290768 2.188248974471974 0
1020.05 107.2617654893996 1.931729615683756 0
1019.85 107.19459091388133 3.8174060435739308 0
1019.65 103.60419977635166 1.9718319048825756 0
1019.45 91.37272463080706 2.0565490896403262 0
1019.25 81.2449410026992 1.754842990931054 0
1019.14 80.42176518469957 2.330520245299247 1
1018.94 54.590420440390034 1.2779259585714835 1
1018.74 32.45130550318264 1.0760910963128132 1
1018.54 14.988500890658148 0.46041205025012605 1
1018.34 8.993447594760697 0.4416574902213164 1
1018.14 4.417750540112429 0.4725922927532316 1
1017.94 2.5619754544714795 0.46227001895435166 1
1017.74 1.9395029032904774 0.29303870470563265 1
1017.54 1.5876293830901382 0.2174891260679518 1
1017.34 1.075245837529998 0.22011392248676054 1
