1851.2 52.880094900459646 1.953863878451314 0
1850.9 53.68660235616715 1.8759048669356602 0
1850.6 54.25974750813926 2.247742941014897 0
1850.3 52.82040775683231 1.8719747849257764 0
1850.0 47.876501313745386 2.546899254307156 0
1849.7 35.48011338843623 1.5621440165921565 0
1849.4 22.38430249894997 1.8442215785906897 0
1850.19 49.24247396788136 1.5789561218454184 1
1850.09 49.775492657382465 2.220014254553141 1
1849.99 38.92993965842971 2.2347256975770553 1
1849.89 44.196608095984026 2.5310703331635085 1
1849.79 36.558220754324005 1.980862129736736 1
1849.69 34.404405303485476 1.481120067964475 1
1849.59 30.37180859547212 1.9794658315385985 1
1849.49 27.72793578304262 1.3861118082725883 1
1849.39 24.567434434599747 1.0969493569579116 1
1849.29 16.649258711486517 0.7316238469500229 1
1849.19 14.318344163088316 1.0943667935820407 1
1849.09 13.851970566412039 0.9286806770894281 1
1848.99 11.142267045735313 0.6352366100533792 1
1848.89 8.820657469868634 0.6423815304618612 1
1848.79 8.245022937773252 0.5658505355333574 1
1848.69 6.180202338536626 0.567457669405572 1
1848.59 7.085793348813782 0.8439187982174312 1
1848.49 5.526326376137943 0.6608194806325464 1
1848.39 4.6995959297030545 0.6227495495657016 1
1848.29 6.694898933831695 1.6891318769164119 1
1848.19 4.84080839858907 0.8489682852423855 1
1848.09 5.085130226478118 0.6206568940690573 1
1847.99 4.511013378052602 0.44470712316277183 1
1847.89 4.614341765303697 0.9501282636990434 1
