1247.89 25.34978113030656 0.7306763323273464 2
1247.79 24.988488902493405 0.5783458862229829 2
1247.69 24.650804374734086 0.437016415409263 2
1247.59 24.379428018032645 0.7802530452480021 2
1247.49 24.68411727073562 0.576252600894946 2
1247.39 24.5580252277465 0.5684756678610721 2
1247.29 25.564119493784233 0.6750049092182887 2
1247.19 24.17033240533011 0.5329732441906523 2
1247.09 23.99149031400749 0.6893553671560531 2
1246.99 24.874873965433874 0.6731911655248985 2
1246.89 23.690871495484128 0.5659584748307438 2
1246.79 19.1724411328234 0.4341251026387326 2
1246.69 18.95778206436791 0.5347876098317218 2
1246.59 16.868432902073184 0.448399745938649 2
1246.49 13.706486818350626 0.39529049081429257 2
1246.39 11.41311077769181 0.3645927725154604 2
1246.29 8.472679902843755 0.3986099784133408 2
1246.19 5.94500330102142 0.2687626031597131 2
1246.09 4.4182293729133875 0.3180472119627184 2
1245.99 3.790740231274232 0.22046361990926236 2
1245.89 3.5966134196313337 0.3336753541729417 2
1245.79 2.4517999658017797 0.2928796513671421 2
1245.69 1.8374727674572484 0.3363759085703784 2
1245.59 1.6261798795677238 0.29521906151754723 2
1245.49 1.5715549732522527 0.19033781333864772 2
1245.39 1.3395122233302068 0.18482570056919664 2
