$SPEC_ID:
No sample description was entered.
$SPEC_REM:
DET# 1
DETDESC# DESKTOP-I499GD2 Easy-MCA-2k SN 18191655
AP# Maestro Version 7.01
$DATE_MEA:
02/27/2024 12:33:01
$MEAS_TIM:
89 89
$DATA:
0 2047
       0
       0
       0
       0
       0
       0
       1
       0
      58
      56
      37
      41
      53
      49
      51
      66
      57
      54
      45
      54
      60
      55
      44
      63
      59
      67
      60
      68
      74
     110
      93
     123
     119
     142
     111
     122
      86
      83
      79
      96
      94
     111
      94
      93
     110
     118
     147
     167
     160
     192
     196
     229
     266
     242
     273
     264
     233
     207
     217
     228
     289
     347
     443
     536
     576
     682
     553
     375
     314
     253
     197
     154
     177
     146
     138
     170
     156
     136
     167
     154
     156
     155
     161
     147
     146
     158
     155
     159
     153
     163
     147
     178
     182
     168
     164
     152
     159
     138
     137
     122
     128
     135
     134
     121
     127
     145
     126
     146
     116
     107
     108
     115
     108
     130
     104
     115
     117
      95
      91
     100
     105
     115
      88
      90
      89
     107
     102
      91
     120
      89
      79
      93
     101
      88
      87
      82
      82
     101
      86
      67
      66
      76
      74
      76
      71
      73
      65
      66
      69
      67
      61
      75
      60
      71
      65
      76
      62
      60
      69
      64
      62
      72
      52
      66
      68
      59
      45
      48
      50
      58
      58
      61
      45
      54
      47
      49
      53
      52
      46
      44
      56
      46
      38
      44
      42
      42
      40
      41
      45
      48
      42
      44
      35
      27
      35
      39
      52
      34
      32
      43
      52
      48
      46
      46
      48
      42
      41
      38
      48
      45
      53
      48
      45
      48
      59
      55
      45
      68
      52
      68
      74
      77
      83
      72
      86
      88
      95
     107
      86
     101
      90
      79
      92
      90
      76
      86
      85
      75
      70
      49
      66
      46
      38
      47
      51
      41
      36
      38
      39
      24
      21
      26
      33
      25
      20
      25
      34
      37
      34
      25
      30
      18
      35
      29
      26
      27
      26
      23
      38
      21
      28
      31
      33
      31
      29
      24
      18
      22
      32
      32
      34
      18
      24
      26
      37
      24
      26
      18
      29
      26
      20
      33
      22
      28
      14
      22
      18
      13
      24
      23
      18
      23
      21
      17
      22
      24
      13
      23
      25
      27
      33
      21
      16
      32
      20
      24
      18
      28
      20
      31
      20
      20
      27
      22
      17
      19
      16
      23
      19
      22
      25
      22
      18
      33
      23
      28
      23
      28
      30
      21
      15
      20
      27
      17
      21
      22
      23
      22
      13
      24
      23
      16
      26
      24
      26
      17
      22
      28
      24
      22
      22
      16
      24
      22
      17
      16
      18
      22
      16
      23
      18
      32
      25
      19
      26
      16
      16
      21
      19
      23
      24
      18
      15
      15
      21
      20
      17
      13
      13
      16
      20
      17
      15
      17
      18
      22
      23
      14
      15
      16
      10
      19
      19
      13
      12
      16
      12
      17
      20
      28
      25
      11
      16
      14
      11
      15
      15
      14
      18
      16
      21
      18
      11
      20
      17
      21
      11
      16
      15
      15
      11
      20
      14
      16
      18
      18
      20
      14
      20
      12
      11
      15
      16
      12
      15
      24
      12
      17
      12
      17
      14
      14
       6
      15
      12
      10
       7
      21
       8
      17
      14
      12
      20
      12
      19
      14
      14
      26
      13
      13
      15
      23
      15
      22
      20
      20
      21
      17
      22
      19
      27
      25
      30
      16
      17
      20
      26
      18
      28
      18
      14
      26
      19
      23
      17
      24
      21
      23
      19
      29
      10
      12
      22
      13
      17
      15
      18
       9
      17
      23
      14
      18
      18
      22
      18
      18
      11
      13
      14
      18
      19
      12
      12
      13
      16
      13
      13
      13
      14
      14
       7
      14
      15
      13
      16
      19
      19
      15
      17
      15
      16
      17
      15
      18
      15
      15
      17
      19
      13
      17
      16
      17
      19
      16
      16
      19
      14
      15
      14
       5
      18
      18
      16
      18
      12
      18
      12
      13
      21
      24
      18
      19
      20
      10
      18
      15
      12
      13
      11
      14
      10
      13
      10
      10
      11
      12
      17
      15
      15
      15
      14
      17
      12
      16
      14
      11
      13
      18
      13
      12
      11
      16
      12
      13
      17
      23
       9
       9
      17
      17
      14
      10
      10
      22
      20
      16
      13
      16
      12
      20
      21
      15
      23
      10
      11
      16
      18
      22
      24
      12
      19
      16
      18
      23
      17
      21
      24
      23
      13
      13
      21
      21
      17
      14
      21
      11
      16
      17
      16
      16
      16
      13
       7
      16
      12
      12
       9
      13
      11
      21
      16
      20
       8
      14
      11
       7
      16
      11
      12
      11
       9
      12
      10
      15
       5
       8
       8
      11
      15
       9
      14
       9
       7
       6
      12
       4
       6
       5
      10
       5
       7
       5
       3
       9
      10
       4
       9
       4
       5
       4
       8
      10
       6
       5
       4
       6
       7
      10
       5
       4
       7
       6
       6
       7
       1
       6
       7
       8
       4
      11
       7
       6
       8
       4
       4
      15
      10
       7
       9
       9
       5
       5
      11
       7
      15
       9
      12
       9
      13
      14
       7
      14
      18
      13
      20
      21
      19
      19
      22
      20
      26
      34
      33
      28
      37
      39
      54
      38
      24
      42
      44
      42
      39
      45
      46
      43
      41
      46
      42
      37
      41
      39
      37
      37
      39
      32
      46
      28
      39
      27
      23
      28
      35
      25
      23
      23
      23
       8
      12
      19
      18
      12
      17
       8
       5
       8
      13
       7
      11
      12
       5
       6
       5
       6
      10
       4
       6
       7
       1
       8
       5
       5
       9
       3
       4
       2
       2
       5
       2
       2
       5
       2
       2
       6
       1
       3
       3
       5
      10
       5
       2
       6
       4
       5
       4
       3
       7
      10
       5
       4
       3
       8
       9
       4
       3
       7
       9
       8
       7
       1
       4
       3
       8
       6
       5
       4
       5
       2
       3
       4
       4
       2
       2
       5
       5
       6
       8
       6
       4
       4
       4
       1
       7
       6
       4
       4
       1
       4
       8
       5
       2
       4
       0
       2
       4
       6
       9
       1
       8
       4
       4
       1
       4
       6
       2
       3
       4
       4
       6
       5
       5
       5
       1
       5
       6
       5
       1
       7
       7
       3
       7
       3
       2
       4
       5
       4
       3
       2
       4
       4
       1
       6
       3
       4
       3
       5
       8
       1
       3
       5
       5
       3
       3
       3
       3
      10
       3
       4
       7
       8
       2
       5
       2
       6
       2
       4
       4
       3
       4
       3
       4
       1
       4
       5
       5
       5
       4
       5
       3
       0
       8
       1
       3
       5
       3
       4
       5
       4
       1
       5
       2
       5
       4
       4
       2
       3
       3
       4
       4
       3
       2
       3
       7
       1
       2
       7
       4
       2
       5
       1
       7
       4
       3
       5
       6
       3
       3
       5
       6
       1
       4
       3
       5
       5
       5
       5
       3
       4
       4
       4
       1
       6
       1
       4
       5
       4
       4
       2
       2
       5
       4
       1
       2
       5
       1
       3
       5
       2
       6
       4
       2
       5
       4
       3
       3
       3
       2
       1
       4
       3
       3
       0
       2
       1
       6
       7
       3
       5
       4
       1
       6
       4
       4
       5
       3
       3
       2
       5
       1
       3
       1
       4
       2
       2
       5
       1
       6
       2
       4
       6
       1
       3
       4
       1
       1
       5
       1
       6
       0
       3
       3
       4
       3
       2
       3
       1
       4
       2
       7
       5
       2
       4
       1
       3
       4
       6
       3
       8
       2
       3
       4
       4
       2
       2
       0
       4
       2
       3
       5
       6
       5
       3
       5
       4
       2
       4
       3
       2
       3
       1
       4
       2
       3
       1
       3
       2
       1
       4
       5
       0
       5
       0
       6
       3
       4
       7
       4
       1
       1
       5
       2
       3
       3
       5
       0
       1
       4
       5
       3
       1
       5
       4
       5
       2
       3
       2
       2
       4
       4
       2
       5
       6
       3
       0
       2
       1
       1
       2
       3
       4
       2
       4
       4
       3
       7
       0
       1
       3
       1
       1
       4
       1
       3
       4
       5
       2
       2
       5
       5
       3
       4
       6
       3
       8
       4
       8
       2
       4
       2
       3
       6
       1
       4
       1
       3
       4
       5
       5
       3
       0
       3
       3
       4
       3
       3
       3
       4
       2
       2
       2
       5
       5
       4
       8
       1
       4
       3
       3
       1
       7
       4
       3
       3
       3
       2
       1
       3
       5
       0
       1
       4
       1
       3
       3
       4
       0
       6
       2
       2
       2
       3
       4
       5
       3
       9
       2
       2
       4
       0
       6
       0
       1
       1
       2
       5
       2
       1
       3
       1
       1
       5
       3
       2
       3
       4
       1
       2
       4
       1
       4
       5
       2
       2
       3
       1
       3
       3
       0
       0
       3
       2
       2
       1
       3
       4
       4
       2
       3
       0
       4
       6
       3
       2
       0
       3
       6
       4
       2
       1
       0
       2
       2
       2
       4
       3
       2
       3
       3
       3
       5
       3
       0
       4
       3
       3
       1
       1
       4
       1
       5
       3
       4
       2
       4
       1
       3
       4
       4
       5
       7
       3
       4
       3
       7
       2
       4
       1
       0
       3
       3
       4
       3
       3
       4
       1
       5
       2
       3
       3
       2
       2
       3
       1
       5
       3
       3
       3
       0
       3
       3
       2
       2
       3
       2
       3
       1
       3
       4
       2
       3
       0
       3
       8
       5
       3
       7
       3
       3
       1
       4
       3
       4
       3
       1
       2
       7
       3
       2
       1
       3
       5
       4
       5
       2
       3
       4
       4
       3
       3
       1
       5
       6
       1
       3
       2
       1
       4
       3
       1
       3
       1
       4
       2
       2
       2
       3
       1
       5
       4
       2
       2
       3
       3
       1
       6
       4
       1
       1
       1
       5
       5
       2
       2
       3
       1
       5
       5
       3
       4
       4
       2
       3
       0
       1
       1
       1
       4
       2
       0
       1
       1
       1
       5
       1
       3
       0
       1
       2
       1
       6
       1
       2
       4
       4
       2
       2
       2
       4
       3
       4
       5
       4
       4
       3
       4
       2
       4
       0
       0
       4
       1
       4
       5
       3
       3
       6
       4
       3
       5
       0
       1
       2
       4
       1
       4
       3
       2
       3
       3
       1
       4
       1
       2
       4
       2
       1
       4
       2
       0
       1
       2
       3
       1
       2
       3
       1
       1
       4
       5
       3
       4
       4
       7
       1
       0
       5
       4
       2
       2
       3
       3
       4
       1
       6
       0
       6
       4
       2
       1
       1
       6
       2
       0
       2
       3
       5
       7
       7
       1
       3
       3
       3
       3
       5
       4
       4
       3
       5
       2
       4
       5
       1
       3
       3
       1
       7
       0
       3
       3
       3
       2
       2
       2
       6
       3
       0
       2
       2
       5
       4
       3
       4
       3
       5
       3
       9
       4
       5
       0
       2
       0
       5
       2
       1
       2
       2
       2
       1
       5
       2
       2
       2
       7
       1
       4
       2
       3
       7
       1
       4
       5
       2
       1
       1
       5
       6
       3
       2
       4
       2
       5
       1
       1
       5
       0
       1
       4
       1
       2
       3
       3
       1
       5
       3
       6
       4
       3
       0
       4
       8
       4
       1
       3
       2
       1
       4
       1
       6
       4
       3
       4
       3
       0
       5
       2
       6
       1
       3
       5
       2
       4
       7
       4
       2
       7
       4
       4
       7
       1
       5
       5
       3
       9
       7
       2
       5
       3
       8
       1
       4
       4
       2
      10
       6
       5
       3
       3
       4
       6
       3
       4
       5
       5
       3
       4
       2
       4
       5
       4
       3
       2
       4
       6
       6
       2
       7
       4
       7
       7
       2
       3
       2
       5
       5
       6
       6
       2
       7
       2
       4
       2
       7
       2
       6
       4
       4
       2
       5
       2
       3
       2
       2
       7
       4
       4
       1
       7
       1
       1
       2
       1
       3
       4
       3
       3
       3
       4
       6
       7
       3
       1
       6
       8
       2
       1
       4
       2
       5
       2
       2
       3
       3
       7
       4
       1
       5
       3
       1
       9
       5
       3
       5
       6
       1
       5
       4
       8
       4
       3
       5
       1
       3
       9
       5
       4
       4
       8
       3
       3
       5
       6
       1
       2
       4
       6
       3
       7
       1
       1
       2
       4
       5
       2
       5
       6
       4
       3
       5
       6
       5
       3
       5
       5
       6
       2
       2
       4
       3
       1
       3
       2
       4
       6
       2
       4
       6
       2
       4
       4
       5
       0
       5
       3
       5
       1
       6
       4
       1
       2
       5
       6
       4
       5
       6
       5
       1
       3
       2
       1
       6
       5
       3
       8
       4
       3
       3
       3
       3
       5
       5
       0
       4
       5
       6
       3
       2
       0
       3
       3
       5
       5
       4
       0
       1
       4
       4
       4
       2
       3
       5
       5
       3
       5
       1
       5
       4
       4
       2
       9
       4
       5
       1
       5
       1
       5
       5
       3
       4
       4
       2
       5
       1
       3
       6
       2
       4
       3
       2
       5
       4
       3
       2
       1
       3
       6
       3
       2
       5
       4
       7
       1
       2
       4
       2
       5
       6
       2
       4
       1
       1
       5
       2
       2
       3
       4
       4
       2
       3
       3
       4
       6
       4
       4
       2
       6
       3
       3
       2
       5
       4
       4
       4
       3
       6
       0
       0
       0
       0
       0
       0
       0
       0
       0
       0
       0
       0
       0
       0
       0
       0
       0
       0
       0
       0
       0
       0
       0
       0
       0
       0
       0
       0
       0
       0
       0
       0
       0
       0
       0
       0
       0
       0
       0
       0
       0
       0
       0
       0
       0
       0
       0
       0
       0
       0
       0
       0
       0
       0
       0
       0
       0
       0
       0
       0
       0
       0
       0
       0
       0
       0
       0
       0
       0
       0
       0
       0
       0
       0
       0
       0
       0
       0
       0
       0
       0
       0
       0
       0
$ROI:
1
712 830
$PRESETS:
None
0
0
$ENER_FIT:
-23.656767 2.297974
$MCA_CAL:
3
-2.365677E+001 2.297974E+000 2.836717E-005 keV
$SHAPE_CAL:
3
0.000000E+000 0.000000E+000 0.000000E+000
