$SPEC_ID:
No sample description was entered.
$SPEC_REM:
DET# 1
DETDESC# DESKTOP-I499GD2 Easy-MCA-2k SN 18191655
AP# Maestro Version 7.01
$DATE_MEA:
02/27/2024 12:35:20
$MEAS_TIM:
108 108
$DATA:
0 2047
       0
       0
       0
       0
       0
       1
       3
       2
      51
      45
      49
      45
      47
      64
      60
      56
      65
      65
      69
      58
      45
      67
      51
      66
      52
      69
      80
      63
      88
     102
     128
     115
     133
     151
     142
     112
      79
      89
      91
     103
     102
     130
     106
     167
     147
     155
     162
     166
     191
     215
     214
     264
     284
     348
     312
     280
     284
     231
     269
     282
     311
     371
     530
     579
     704
     731
     606
     542
     352
     289
     213
     194
     183
     185
     173
     169
     157
     176
     157
     157
     160
     186
     187
     147
     157
     178
     171
     155
     204
     174
     181
     186
     175
     174
     151
     167
     136
     163
     134
     144
     123
     143
     124
     123
     130
     116
     120
     136
     124
     136
     103
     124
     121
     119
     111
     109
      93
     121
     106
      89
     101
     120
     117
      96
     120
      86
     104
      98
      90
      73
      86
      83
      89
      72
      72
      75
      92
      79
      97
      63
      78
      81
      79
      76
      86
      79
      65
      78
      72
      72
      64
      80
      65
      66
      65
      59
      69
      63
      56
      60
      61
      57
      64
      65
      51
      55
      66
      48
      63
      43
      44
      53
      54
      37
      42
      50
      59
      52
      49
      51
      63
      41
      57
      51
      38
      44
      42
      37
      43
      70
      48
      32
      35
      47
      48
      56
      39
      40
      46
      32
      40
      39
      48
      38
      55
      52
      43
      50
      54
      43
      50
      50
      59
      55
      66
      51
      49
      51
      68
      70
      69
      73
      70
      55
      72
      81
      93
      89
      81
      89
      76
      79
      89
      73
      70
      72
      62
      85
      66
      55
      51
      53
      43
      44
      41
      43
      29
      37
      24
      32
      22
      29
      27
      43
      30
      24
      23
      19
      30
      22
      30
      27
      28
      29
      29
      24
      31
      25
      26
      36
      29
      29
      21
      27
      26
      28
      29
      19
      32
      27
      31
      27
      34
      29
      22
      21
      17
      21
      22
      28
      26
      23
      18
      25
      18
      16
      24
      35
      24
      39
      21
      19
      18
      18
      16
      15
      19
      29
      16
      13
      20
      13
      23
      16
      18
      25
      18
      27
      20
      26
      13
      23
      24
      26
      18
      18
      27
      15
      21
      18
      21
      20
      13
      24
      25
      20
      16
      11
      16
      23
      15
      22
      19
      20
      17
      14
      16
      13
      17
      20
      18
      23
      22
      15
      10
      18
      24
      17
      29
      21
      25
      22
      25
      22
      39
      17
      21
      20
      23
      20
      23
      18
      22
      20
      23
      23
      19
      15
      25
      26
      18
      11
      16
      23
      12
      15
      22
      18
      11
      12
      17
      14
      25
      10
      12
      17
      14
      19
      15
      19
      16
      21
      26
      11
      13
      12
      16
      19
      20
       7
      16
      18
      13
      16
      14
       8
      20
      19
      11
      19
      14
       9
      11
      19
      12
      17
      17
       8
      19
      22
       7
      15
      11
      11
      12
      11
      12
      13
      15
       9
      14
      15
      10
      13
      14
      21
      17
      17
      14
      11
      17
      12
      18
      13
      18
      15
      16
      12
      12
      15
      18
      12
      15
      14
      18
      10
      12
       7
      17
      12
      20
      14
      15
      19
      14
      18
      17
      30
       9
      25
      22
      14
      36
      17
      22
      19
      25
      25
      24
      20
      22
      22
      24
      20
      13
      26
      21
      17
      22
      16
      15
      19
      20
      21
      20
      16
      12
      24
      12
      11
      13
      14
      17
      11
       9
      12
      10
      16
      13
      12
      11
      14
      16
      11
      12
      14
      10
       8
      15
      15
       9
      13
      14
       6
      16
      17
      18
       6
       8
       8
       7
      13
      11
      18
      12
      20
      15
      14
      14
      11
      13
      16
      16
      13
      12
      10
      14
       5
      17
      16
       8
      10
      17
      12
      16
      14
      15
      11
      20
      13
      12
      10
      12
      14
      13
      14
      17
       8
      10
      10
      10
      22
      12
      13
       5
      10
      12
      11
       6
      12
      14
       7
      12
      10
      11
      15
      12
       7
      10
       8
      12
      18
      17
      15
      13
      10
       9
      17
       9
      14
      12
      14
       6
      15
      10
      13
      13
      11
      13
      13
      10
      17
      16
      21
      20
      17
      15
      10
       9
      16
      14
      15
      22
      19
      13
      14
      18
      17
      18
      16
      15
      17
       9
      13
      18
      12
      15
      10
      13
      13
      15
       9
      21
       9
       8
      13
      13
      11
       9
      16
      11
       8
      11
       9
      11
       8
       3
       9
      10
      10
       7
       6
       8
       8
       6
      11
       5
       7
       7
       9
       3
       8
       6
       5
      11
       6
       4
       9
       5
       7
       3
       8
       7
       5
       7
       9
       6
       8
       4
       8
       6
       3
       4
       6
      11
       5
       5
       3
       3
       4
       7
       2
       6
       7
       2
       7
       2
       3
       6
       4
       7
      10
      11
       3
       8
       5
       9
       5
       7
       4
       8
      10
       9
       9
       7
      10
       9
      13
       7
       9
      19
      15
      16
      14
      15
      10
      18
      19
      15
      22
      19
      18
      20
      20
      24
      22
      31
      37
      28
      31
      27
      34
      33
      30
      23
      38
      35
      25
      38
      41
      35
      42
      27
      27
      31
      26
      28
      31
      31
      25
      21
      21
      17
      27
      14
      10
      11
      12
      11
       6
      12
       7
      14
       7
       8
       9
      11
       6
      13
       4
       9
       4
       3
       3
       2
       2
       4
       4
       4
       3
       3
       3
       8
       7
       3
      10
       2
       3
       6
       2
       0
       5
       5
       5
       4
       1
       5
       6
       3
       5
       4
       4
       9
       3
       1
       5
       2
       6
       7
       2
       5
       5
       4
       1
       6
       4
       3
       3
       4
       2
       4
       3
       3
       6
       1
       5
       4
       0
       4
       2
       1
       4
       3
       2
       3
       5
       4
       3
       5
       2
       5
       1
       2
       8
       3
       1
       4
       5
       3
       4
       6
       2
       3
       2
       6
       4
       4
       4
       4
       0
       3
       2
       4
       3
       4
       6
       5
       2
       1
       6
       7
       6
       2
       1
       2
       2
       1
       3
       2
       2
       2
       3
       0
       2
       7
       2
       3
       4
       4
       3
       6
       3
       3
       2
       6
       5
       2
       0
       5
       3
       1
       3
       3
       3
       5
       3
       5
       1
       4
       5
       5
       1
       3
       5
       4
       4
       0
       2
       3
       4
       0
       4
       2
       2
       3
       4
       4
       3
       2
       6
       4
       0
       2
       3
       4
       3
       4
       3
       6
       2
       1
       2
       3
       4
       3
       3
       6
       3
       2
       2
       3
       5
       6
       2
       4
       1
       4
       2
       3
       3
       1
       3
       2
       5
       5
       0
       4
       3
       1
       3
       4
       4
       4
       1
       3
       3
       6
       4
       5
       2
       2
       5
       3
       4
       5
       6
       2
       1
       5
       0
       1
       2
       4
       2
       2
       2
       4
       4
       3
       6
       4
       2
       1
       2
       1
       1
       3
       2
       4
       1
       5
       3
       2
       2
       0
       1
       2
       2
       5
       4
       3
       2
       2
       2
       6
       4
       3
       2
       4
       2
       4
       4
       1
       2
       2
       3
       3
       2
       7
       2
       5
       5
       2
       6
       1
       4
       4
       2
       3
       3
       2
       0
       2
       1
      10
       3
       3
       3
       3
       2
       3
       2
       2
       2
       3
       3
       4
       5
       1
       3
       5
       7
       5
       4
       5
       2
       6
       5
       5
       6
       3
       4
       1
       5
       4
       1
       2
       2
       1
       6
       5
      10
       3
       6
       1
       5
       2
       2
       6
       5
       4
       2
       6
       4
       4
       2
       6
       1
       3
       2
       1
       2
       6
       3
       1
       3
       1
       2
       4
       3
       4
       4
       3
       1
       1
       5
       5
       3
       1
       2
       4
       5
       4
       0
       3
       5
       2
       0
       3
       3
       2
       2
       3
       2
       1
       4
       1
       1
       6
       0
       4
       3
       4
       3
       2
       2
       1
       5
       4
       6
       0
       8
       1
       1
       2
       2
       3
       8
       2
       1
       3
       2
       5
       5
       2
       4
       6
       1
       2
       3
       6
       1
       1
       0
       4
       4
       4
       3
       5
       6
       0
       5
       5
       1
       1
       3
       4
       2
       1
       1
       4
       1
       2
       3
       2
       3
       1
       2
       1
       1
       5
       4
       1
       3
       0
       0
       1
       0
       3
       3
       4
       5
       2
       4
       3
       1
       3
       2
       3
       2
       1
       8
       2
       3
       1
       3
       4
       2
       2
       0
       4
       2
       3
       1
       4
       2
       1
       1
       6
       6
       4
       0
       1
       1
       4
       3
       0
       2
       0
       3
       0
       4
       5
       4
       4
       3
       2
       1
       3
       3
       4
       4
       2
       1
       1
       2
       4
       3
       3
       1
       1
       2
       3
       2
       2
       3
       5
       1
       3
       2
       2
       5
       2
       2
       5
       5
       8
       3
       0
       4
       4
       3
       3
       7
       3
       3
       5
       5
       2
       1
       1
       4
       4
       4
       3
       3
       1
       5
       2
       3
       6
       4
       1
       3
       5
       3
       3
       3
       0
       2
       2
       4
       1
       1
       4
       2
       2
       3
       2
       5
       3
       3
       3
       0
       2
       4
       0
       1
       4
       1
       3
       4
       1
       7
       4
       4
       1
       1
       5
       2
       2
       3
       3
       3
       5
       9
       3
       3
       0
       2
       2
       0
       3
       2
       1
       3
       0
       4
       2
       0
       3
       1
       5
       7
       5
       2
       1
       3
       0
       4
       4
       3
       4
       4
       0
       1
       8
       3
       3
       4
       0
       2
       2
       3
       2
       1
       2
       4
       2
       7
       4
       2
       1
       3
       2
       2
       3
       3
       3
       4
       2
       3
       0
       3
       1
       3
       0
       1
       1
       2
       2
       2
       2
       3
       4
       2
       4
       0
       2
       3
       4
       3
       2
       1
       3
       0
       5
       3
       2
       3
       3
       0
       3
       4
       2
       1
       1
       2
       0
       2
       2
       6
       2
       3
       2
       1
       5
       3
       5
       2
       2
       2
       3
       2
       4
       1
       1
       3
       4
       2
       2
       2
       3
       1
       1
       6
       0
       2
       3
       2
       4
       2
       1
       4
       4
       4
       5
       0
       6
       3
       1
       5
       2
       2
       1
       2
       6
       2
       1
       2
       4
       1
       0
       4
       4
       0
       4
       6
       3
       3
       2
       6
       3
       2
       4
       2
       4
       2
       1
       1
       6
       1
       1
       4
       4
       1
       3
       1
       2
       7
       0
       2
       1
       1
       1
       5
       2
       1
       1
       0
       3
       1
       1
       1
       5
       6
       2
       5
       0
       3
       3
       3
       3
       1
       2
       0
       1
       4
       6
       2
       2
       2
       3
       3
       3
       4
       4
       3
       2
       1
       2
       3
       0
       3
       3
       1
       3
       3
       1
       2
       4
       3
       3
       1
       2
       4
       0
       4
       1
       3
       3
       1
       7
       2
       4
       3
       4
       1
       2
       0
       2
       1
       5
       2
       2
       2
       9
       4
       6
       3
       3
       2
       2
       1
       4
       5
       6
       3
       1
       3
       0
       4
       4
       2
       0
       2
       0
       2
       7
       2
       4
       6
       4
       3
       1
       1
       4
       4
       3
       1
       2
       3
       2
       4
       1
       1
       5
       2
       2
       2
       2
       4
       2
       5
       3
       5
       5
       2
       7
       0
       2
       2
       5
       2
       1
       3
       1
       2
       6
       1
       2
       3
       2
       1
       3
       2
       4
       3
       2
       3
       6
       3
       4
       2
       1
       8
       3
       2
       3
       5
       3
       8
       1
       4
       1
       3
       2
       7
       4
       4
       4
       2
       4
       1
       0
       0
       4
       1
       2
       3
       8
       2
       2
       5
       2
       2
       3
       4
       4
       4
       5
       3
       4
       4
       1
       4
       4
       1
       2
       2
       0
       7
       7
       1
       1
       4
       2
       5
       1
       3
       2
       1
       2
       3
       4
       6
       4
       2
       6
       3
       3
       6
       1
       3
       4
       4
       2
       2
       4
       3
       9
       4
       5
       4
       1
       0
       0
       3
       2
       6
       5
       6
       2
       5
       4
       2
       1
       2
       5
       1
       4
       4
       7
       5
       3
       4
       2
       4
       1
       3
       0
       5
       2
       5
       5
       2
       2
       2
       2
       5
       3
       5
       2
       3
       1
       2
       5
       0
       2
       2
       4
       3
       3
       3
       5
       2
       1
       3
       7
       3
       0
       3
       8
       1
       2
       3
       4
       3
       5
       3
       2
       6
       3
       4
       2
       0
       2
       3
       3
       1
       7
       2
       2
       2
       5
       3
       2
       4
       2
       1
       4
       2
       5
       9
       1
       1
       2
       6
       1
       2
       3
       3
       4
       4
       3
       6
       5
       3
       4
       1
       4
       2
       2
       5
       1
       4
       2
       5
       3
       1
       4
       2
       3
       2
       2
       6
       2
       1
       2
       7
       2
       6
       5
       3
       4
       4
       2
       4
       2
       1
       3
       4
       3
       3
       3
       6
       4
       4
       5
       3
       3
       6
       3
       6
       3
       4
       5
       6
       6
       2
       7
       3
       6
       1
       1
       0
       0
       0
       0
       0
       0
       0
       0
       0
       0
       0
       0
       0
       0
       0
       0
       0
       0
       0
       0
       0
       0
       0
       0
       0
       0
       0
       0
       0
       0
       0
       0
       0
       0
       0
       0
       0
       0
       0
       0
       0
       0
       0
       0
       0
       0
       0
       0
       0
       0
       0
       0
       0
       0
       0
       0
       0
       0
       0
       0
       0
       0
       0
       0
       0
       0
       0
       0
       0
       0
       0
       0
       0
       0
       0
       0
       0
       0
       0
       0
       0
       0
       0
$ROI:
1
712 830
$PRESETS:
None
0
0
$ENER_FIT:
-23.656767 2.297974
$MCA_CAL:
3
-2.365677E+001 2.297974E+000 2.836717E-005 keV
$SHAPE_CAL:
3
0.000000E+000 0.000000E+000 0.000000E+000
