$SPEC_ID:
No sample description was entered.
$SPEC_REM:
DET# 1
DETDESC# DESKTOP-I499GD2 Easy-MCA-2k SN 18191655
AP# Maestro Version 7.01
$DATE_MEA:
02/27/2024 12:43:17
$MEAS_TIM:
92 93
$DATA:
0 2047
       0
       0
       0
       0
       0
       0
       0
       1
      30
      37
      30
      30
      29
      32
      31
      35
      34
      46
      41
      47
      28
      42
      36
      46
      37
      36
      44
      59
      55
     105
      87
      98
      97
     109
     111
      79
      61
      59
      45
      65
      73
      76
      88
      73
     108
     102
     123
     125
     146
     165
     164
     206
     226
     224
     224
     227
     211
     192
     217
     219
     232
     303
     398
     523
     589
     554
     499
     425
     298
     186
     158
     135
     102
     107
     110
     117
     122
     139
     109
     119
     119
     122
     123
     121
     110
     126
     117
     120
     135
     137
     134
     145
     134
      96
     111
     140
      99
     103
     114
     103
      74
      88
      83
      85
      76
      79
      70
      87
      70
      87
      75
      82
      78
      74
      78
      90
      77
      79
      75
      67
      65
      73
      60
      65
      60
      64
      70
      49
      59
      55
      67
      58
      65
      40
      54
      63
      53
      56
      61
      48
      48
      49
      62
      59
      32
      48
      50
      45
      45
      41
      33
      41
      40
      46
      47
      49
      34
      44
      39
      47
      34
      29
      45
      35
      46
      33
      36
      34
      31
      26
      28
      35
      27
      30
      31
      32
      25
      24
      36
      41
      27
      24
      27
      39
      24
      31
      27
      25
      27
      30
      26
      19
      21
      21
      19
      23
      25
      24
      26
      25
      33
      23
      22
      29
      24
      34
      25
      25
      23
      26
      28
      31
      27
      30
      41
      29
      33
      40
      37
      41
      41
      50
      45
      48
      53
      41
      44
      47
      36
      32
      42
      43
      41
      33
      47
      30
      36
      38
      44
      33
      20
      20
      26
      22
      14
      23
      18
      26
       9
      17
      12
      11
      13
      18
      16
      14
      15
      20
      14
      22
      15
      22
      13
      13
      16
      16
       7
      15
      17
      22
      17
      25
      14
      15
      15
      12
      13
      13
      18
      17
      17
      15
      13
      24
       8
       9
      13
      14
      10
      13
       9
      14
       8
      11
       8
      11
      11
      11
      12
      17
      12
      11
      18
       9
      10
      11
       6
      10
      11
       5
      15
      11
      16
      13
      13
      11
      16
       7
       6
      13
       9
       9
      13
       8
      11
      11
      13
       3
      14
       8
      10
      17
      17
       6
      15
      15
      17
      10
      12
      12
      10
       9
       9
       9
       9
       6
      14
       6
      10
      10
      13
      13
      11
       3
      13
       8
      13
      13
      11
      12
       8
      17
      12
      12
      10
       7
       9
      10
      13
      15
      11
      13
      13
      12
       8
      15
      12
       8
       8
       6
      12
      16
       9
       9
      11
      10
       8
      14
       7
       4
       9
       9
       5
       9
       8
       6
       8
       6
       9
       5
       8
      15
       9
       4
       8
       9
       7
       5
      11
      12
       9
       8
      11
       5
       8
       7
       5
       6
       6
       5
       9
       5
       4
       8
       4
       6
       8
       7
       6
       6
       4
       8
       6
       6
      10
       5
       4
       6
       8
       7
       4
       7
       5
       5
       9
       8
       5
       5
       3
       7
       9
       8
       4
       9
       2
       8
       7
       7
       4
       7
       4
       5
       5
       4
       6
       3
       9
       9
       6
       4
       3
       5
      13
      15
       9
       8
      11
       9
      14
      10
      14
      12
      12
      18
       6
      15
      11
      19
      19
      17
       8
       9
      17
      10
      11
      11
      15
      11
       9
       6
       8
       8
       4
       5
       4
      10
       4
       5
       6
       4
       5
       7
       4
       5
       5
      11
       4
      11
       6
       2
       4
      10
       4
       3
       8
       4
       3
       5
       7
       5
       5
       3
       4
       5
       9
       4
       4
       3
       5
       6
       6
       5
       5
       4
       8
       8
       6
       2
       1
       2
       3
       6
       6
       3
      10
       6
       4
       1
       1
       4
       2
       6
       4
       3
       2
       3
       4
       1
       6
       6
       5
       2
       1
       3
       4
       5
       7
       2
       5
       2
       3
       4
       5
       5
       3
       9
       3
       4
       7
       2
       5
       3
       3
       2
       4
       4
       2
       2
       4
       7
       4
       3
       0
       4
       4
       3
       1
       4
       5
       4
       7
       3
       2
      16
       4
       5
       5
       5
       3
       5
       3
       3
       8
       6
       6
      13
       4
       5
      13
       3
       9
       7
       3
       8
       3
       6
       8
       1
       4
       7
      11
       6
       3
      10
       6
       6
       3
       7
       6
       5
       3
      13
       2
       6
       3
       2
       4
       6
       5
       2
       4
       5
       1
       2
       0
       1
       0
       2
       7
       3
       4
       2
       0
       2
       2
       2
       1
       4
       1
       1
       4
       4
       3
       1
       2
       4
       0
       3
       4
       1
       5
       2
       1
       3
       4
       3
       0
       1
       4
       1
       1
       2
       0
       0
       1
       1
       6
       2
       1
       1
       3
       3
       0
       0
       1
       2
       1
       2
       3
       3
       3
       1
       0
       3
       2
       4
       2
       2
       3
       2
       4
       0
       2
       5
       1
       2
       2
       6
       2
       2
       6
       3
       5
       1
       1
       3
       0
       5
       5
       5
       6
       7
       4
       9
       4
       5
       5
      10
       2
       8
       9
       7
       5
       6
      10
       6
       9
       5
       9
       5
       7
       8
       6
       4
       3
       3
       1
       6
       5
       4
       2
       4
       2
       7
       5
       2
       3
       7
       4
       4
       2
       2
       3
       2
       1
       3
       0
       2
       4
       2
       0
       2
       1
       2
       0
       0
       0
       0
       1
       0
       2
       2
       4
       4
       0
       2
       1
       0
       1
       1
       1
       1
       1
       1
       0
       0
       4
       1
       2
       0
       0
       2
       0
       1
       1
       1
       0
       0
       1
       1
       0
       1
       3
       1
       1
       2
       0
       1
       1
       1
       1
       2
       2
       3
       1
       0
       0
       1
       4
       5
       2
       2
       2
       3
       0
       2
       2
       1
       6
       1
       4
       1
       0
       0
       2
       3
       1
       1
       0
       0
       2
       1
       3
       1
       2
       3
       0
       2
       2
       4
       6
       2
       6
       3
       1
       0
       1
       1
       2
       1
       0
       1
       3
       0
       1
       2
       6
       2
       1
       1
       1
       2
       2
       1
       2
       2
       1
       1
       1
       1
       1
       6
       2
       1
       0
       2
       1
       4
       2
       1
       1
       1
       3
       2
       2
       1
       1
       5
       2
       0
       1
       2
       2
       0
       5
       1
       2
       1
       2
       0
       1
       0
       1
       1
       1
       0
       1
       0
       1
       0
       1
       0
       2
       1
       0
       3
       1
       0
       1
       0
       2
       0
       5
       1
       1
       1
       5
       1
       1
       1
       0
       1
       1
       1
       2
       2
       0
       2
       3
       2
       3
       4
       1
       1
       2
       1
       0
       1
       0
       0
       1
       2
       0
       0
       3
       1
       0
       0
       2
       2
       1
       0
       4
       0
       1
       1
       0
       2
       0
       3
       0
       3
       2
       5
       1
       1
       0
       1
       1
       1
       0
       0
       3
       1
       1
       1
       3
       0
       0
       0
       1
       3
       2
       1
       0
       2
       4
       2
       2
       2
       0
       0
       0
       2
       1
       1
       3
       0
       0
       2
       2
       1
       2
       1
       1
       4
       1
       2
       0
       0
       2
       0
       1
       0
       0
       0
       2
       0
       0
       0
       1
       1
       0
       0
       1
       0
       2
       3
       3
       1
       1
       0
       4
       2
       2
       1
       1
       3
       4
       3
       1
       2
       0
       3
       1
       2
       1
       1
       2
       1
       2
       1
       2
       0
       1
       3
       0
       0
       1
       2
       0
       0
       2
       1
       3
       0
       2
       1
       4
       3
       1
       3
       1
       1
       1
       2
       2
       0
       1
       1
       1
       1
       3
       4
       1
       0
       1
       2
       1
       3
       0
       1
       0
       1
       1
       0
       4
       2
       0
       3
       0
       4
       0
       7
       1
       1
       2
       0
       0
       0
       0
       0
       2
       0
       3
       1
       1
       0
       1
       2
       0
       1
       0
       0
       1
       0
       2
       0
       1
       0
       1
       0
       1
       0
       3
       1
       1
       1
       0
       0
       0
       1
       1
       1
       1
       2
       2
       1
       2
       2
       1
       1
       1
       1
       1
       0
       0
       1
       1
       0
       1
       2
       2
       2
       2
       2
       0
       1
       0
       1
       2
       2
       1
       0
       0
       2
       5
       2
       0
       1
       2
       1
       2
       1
       1
       0
       1
       0
       2
       1
       1
       0
       2
       1
       1
       1
       2
       1
       1
       1
       1
       0
       0
       2
       1
       0
       1
       2
       0
       0
       0
       1
       1
       0
       1
       0
       1
       0
       0
       1
       0
       0
       0
       2
       1
       3
       0
       3
       2
       1
       1
       1
       0
       1
       1
       0
       2
       2
       0
       1
       1
       1
       1
       2
       0
       3
       0
       1
       2
       0
       0
       1
       3
       1
       0
       0
       1
       1
       1
       0
       1
       1
       3
       0
       2
       1
       0
       1
       2
       0
       2
       2
       1
       0
       1
       1
       1
       2
       0
       3
       3
       1
       0
       1
       1
       1
       0
       1
       2
       0
       1
       0
       1
       0
       1
       1
       0
       1
       0
       1
       2
       1
       2
       0
       3
       2
       2
       1
       1
       1
       2
       0
       0
       1
       2
       1
       0
       0
       2
       0
       1
       0
       1
       1
       1
       0
       1
       4
       3
       3
       1
       3
       1
       3
       1
       1
       1
       1
       1
       2
       1
       1
       1
       3
       1
       2
       2
       2
       0
       1
       1
       1
       0
       0
       0
       1
       1
       1
       3
       1
       0
       0
       0
       2
       0
       3
       2
       1
       0
       0
       0
       2
       1
       3
       0
       1
       2
       2
       1
       2
       2
       1
       1
       0
       0
       1
       0
       0
       1
       1
       1
       3
       0
       1
       1
       0
       1
       0
       1
       1
       0
       2
       0
       0
       0
       2
       1
       0
       0
       1
       2
       1
       0
       0
       1
       2
       0
       1
       1
       2
       1
       0
       1
       0
       2
       0
       1
       1
       1
       2
       1
       0
       1
       0
       2
       1
       0
       1
       0
       1
       0
       0
       2
       1
       0
       2
       2
       1
       2
       3
       1
       0
       1
       1
       0
       2
       0
       2
       1
       1
       1
       0
       0
       2
       0
       1
       1
       0
       0
       2
       0
       2
       1
       1
       1
       1
       4
       1
       2
       1
       0
       2
       1
       1
       5
       0
       2
       0
       0
       1
       0
       1
       2
       1
       2
       3
       1
       1
       0
       1
       2
       3
       0
       0
       0
       3
       3
       2
       2
       2
       1
       2
       4
       1
       0
       0
       3
       2
       1
       2
       1
       1
       0
       0
       1
       0
       0
       1
       0
       1
       0
       2
       1
       0
       1
       3
       2
       2
       0
       0
       1
       0
       1
       0
       0
       1
       1
       1
       2
       1
       1
       6
       1
       1
       1
       1
       2
       1
       2
       0
       1
       2
       2
       1
       0
       1
       0
       0
       0
       2
       1
       0
       2
       1
       2
       1
       0
       0
       1
       0
       2
       0
       0
       1
       0
       2
       1
       1
       0
       2
       0
       1
       0
       1
       2
       1
       4
       1
       0
       2
       1
       1
       1
       1
       0
       1
       3
       1
       2
       1
       3
       3
       3
       1
       2
       2
       2
       1
       1
       1
       2
       1
       2
       1
       2
       2
       2
       1
       1
       5
       1
       2
       3
       0
       0
       4
       0
       2
       1
       1
       0
       0
       2
       1
       4
       0
       0
       1
       1
       2
       1
       0
       1
       1
       1
       0
       1
       1
       1
       1
       1
       2
       0
       4
       1
       0
       1
       0
       4
       0
       0
       1
       3
       0
       1
       1
       2
       0
       2
       0
       1
       1
       0
       0
       2
       3
       0
       1
       3
       3
       0
       2
       2
       2
       1
       2
       0
       2
       1
       2
       0
       4
       1
       0
       1
       2
       1
       1
       4
       1
       2
       2
       2
       2
       3
       0
       0
       1
       1
       0
       0
       2
       1
       1
       2
       1
       0
       1
       1
       2
       2
       0
       0
       0
       1
       1
       3
       1
       0
       0
       1
       3
       1
       3
       3
       0
       1
       1
       1
       1
       0
       3
       0
       0
       0
       3
       1
       1
       1
       0
       1
       2
       2
       1
       2
       2
       0
       2
       1
       1
       3
       2
       0
       0
       3
       1
       0
       1
       0
       2
       0
       1
       2
       2
       0
       0
       2
       0
       0
       2
       1
       2
       1
       1
       2
       1
       0
       1
       2
       1
       2
       0
       1
       0
       1
       0
       2
       2
       1
       1
       0
       4
       2
       4
       2
       1
       1
       0
       3
       1
       1
       0
       4
       3
       4
       2
       2
       2
       0
       1
       2
       4
       1
       2
       1
       3
       0
       2
       0
       1
       1
       2
       3
       2
       0
       4
       2
       1
       0
       1
       5
       1
       3
       0
       1
       0
       2
       1
       2
       0
       0
       0
       1
       3
       1
       0
       2
       1
       0
       1
       2
       1
       0
       2
       1
       0
       1
       0
       2
       0
       2
       0
       2
       3
       1
       1
       0
       3
       0
       0
       0
       2
       3
       0
       0
       2
       1
       1
       1
       3
       2
       2
       3
       0
       0
       0
       0
       0
       0
       0
       0
       0
       0
       0
       0
       0
       0
       0
       0
       0
       0
       0
       0
       0
       0
       0
       0
       0
       0
       0
       0
       0
       0
       0
       0
       0
       0
       0
       0
       0
       0
       0
       0
       0
       0
       0
       0
       0
       0
       0
       0
       0
       0
       0
       0
       0
       0
       0
       0
       0
       0
       0
       0
       0
       0
       0
       0
       0
       0
       0
       0
       0
       0
       0
       0
       0
       0
       0
       0
       0
       0
       0
       0
       0
       0
       0
       0
       0
$ROI:
1
712 830
$PRESETS:
None
0
0
$ENER_FIT:
-23.656767 2.297974
$MCA_CAL:
3
-2.365677E+001 2.297974E+000 2.836717E-005 keV
$SHAPE_CAL:
3
0.000000E+000 0.000000E+000 0.000000E+000
