$SPEC_ID:
No sample description was entered.
$SPEC_REM:
DET# 1
DETDESC# DESKTOP-I499GD2 Easy-MCA-2k SN 18191655
AP# Maestro Version 7.01
$DATE_MEA:
02/28/2024 18:07:18
$MEAS_TIM:
51 54
$DATA:
0 2047
       0
       0
       0
       1
       1
       7
      20
      36
     773
     589
     594
     639
     654
     649
     677
     770
     714
     716
     866
     846
     774
     790
     782
     749
     739
     781
     821
     862
    1081
    1351
    1444
    1442
    1774
    2108
    1924
    1527
    1019
     863
     935
    1027
    1036
    1122
    1259
    1375
    1530
    1699
    1772
    1950
    2154
    2303
    2377
    2607
    2685
    2787
    2933
    3162
    3406
    3600
    4117
    4965
    6188
    8281
   11209
   14628
   16744
   16621
   14085
   10463
    7029
    4402
    2794
    1982
    1650
    1580
    1644
    1720
    1855
    1782
    1699
    1692
    1591
    1466
    1371
    1346
    1379
    1337
    1246
    1292
    1361
    1359
    1382
    1429
    1377
    1326
    1374
    1322
    1278
    1240
    1250
    1208
    1191
    1131
    1131
    1181
    1104
    1175
    1059
    1009
    1012
    1060
    1035
    1091
    1014
    1002
    1008
     978
     995
     935
     992
     904
     955
     949
     943
     893
     931
     901
     856
     896
     837
     950
     943
     930
     949
     899
    1007
    1104
     971
    1023
     987
     895
     928
     940
     946
     809
     878
     812
     772
     756
     757
     729
     702
     755
     716
     702
     648
     689
     629
     684
     684
     679
     670
     645
     679
     636
     642
     618
     643
     633
     626
     600
     674
     630
     566
     621
     578
     624
     600
     580
     604
     596
     572
     550
     574
     541
     569
     522
     565
     568
     593
     552
     584
     604
     590
     577
     571
     546
     541
     552
     570
     557
     547
     552
     542
     517
     556
     575
     570
     543
     538
     544
     530
     526
     554
     549
     566
     579
     515
     584
     569
     554
     557
     606
     536
     571
     577
     593
     621
     589
     569
     558
     593
     560
     566
     590
     614
     553
     545
     514
     506
     538
     501
     555
     527
     448
     494
     500
     442
     475
     538
     500
     526
     525
     449
     494
     472
     466
     487
     519
     491
     512
     517
     503
     520
     484
     483
     493
     492
     404
     445
     507
     441
     449
     420
     431
     453
     405
     376
     388
     381
     370
     360
     368
     353
     354
     326
     322
     295
     298
     284
     319
     239
     241
     242
     262
     281
     273
     228
     269
     220
     239
     216
     239
     237
     241
     234
     199
     198
     224
     195
     216
     225
     184
     213
     211
     240
     191
     231
     199
     192
     190
     244
     212
     220
     216
     217
     195
     213
     207
     206
     197
     187
     210
     171
     213
     198
     198
     191
     209
     207
     186
     215
     215
     232
     204
     263
     268
     265
     304
     362
     360
     403
     501
     517
     615
     663
     743
     878
     959
    1111
    1240
    1383
    1481
    1669
    1734
    1922
    2091
    2059
    2207
    2234
    2365
    2326
    2425
    2355
    2370
    2218
    2139
    2064
    1902
    1826
    1682
    1533
    1326
    1244
    1068
    1006
     832
     720
     634
     535
     449
     403
     322
     258
     205
     186
     144
     123
     124
     101
      91
      92
      67
      75
      56
      56
      61
      47
      51
      48
      53
      58
      50
      48
      60
      61
      57
      49
      49
      75
      72
     106
      98
     116
     110
     133
     166
     168
     176
     205
     241
     207
     254
     285
     282
     270
     302
     354
     327
     380
     423
     405
     392
     433
     392
     410
     419
     375
     392
     368
     341
     293
     327
     286
     258
     232
     226
     191
     185
     165
     140
     122
     113
     117
      83
      71
      82
      64
      48
      60
      30
      37
      36
      37
      42
      33
      25
      26
      32
      31
      34
      16
      32
      29
      20
      16
      18
      24
      37
      22
      25
      25
      12
      20
      36
      12
      30
      35
      20
      20
      18
      20
      27
      23
      17
      19
      17
      18
      23
      27
      13
      17
      23
      27
      22
      14
      21
      21
      20
      16
      19
      17
       7
      17
      17
      15
       7
      20
      15
      10
       9
      18
      15
      17
      20
      15
      17
      14
      15
      16
      14
      27
      17
      12
      27
      25
      11
      16
      21
      14
      13
      21
      18
      15
      18
      19
      17
      20
      21
      16
      25
      16
      16
      20
      12
      20
      18
      19
      20
      23
      15
      19
      23
      18
      17
      12
      15
      20
      16
      22
      19
      20
      14
      18
      13
      25
      14
      19
      18
      18
      17
      19
      16
      25
      21
      25
      19
      18
      18
      22
      17
      12
      18
      15
      16
      18
      21
      23
      15
      17
      22
      21
      17
      14
      23
      18
      18
      20
      13
      20
      15
      16
      15
      12
      13
      22
      14
      17
      23
      13
      12
      21
      20
      14
       8
      12
      12
      16
      20
      15
      14
      17
      13
      19
      17
      10
      22
      10
      13
      18
      14
      15
      15
      16
      22
      12
      16
       8
       9
      11
      11
      21
      16
      10
       6
       8
      14
       6
      15
      10
      11
      11
      10
       9
      12
       8
       8
       7
       8
      13
      10
      10
       7
       6
       7
       4
       9
       9
       7
      10
       9
       4
       7
      11
       6
       8
       9
       3
       8
       9
       8
       5
       8
       8
       9
       3
      12
       8
       7
      10
       6
       3
       6
      10
       7
       4
       6
       6
       9
      13
       6
       4
       9
       6
       9
       5
       8
      12
      10
       9
       6
       6
       8
       7
      11
       6
      20
       6
      19
      11
      17
      11
      18
      24
      17
      15
      29
      17
      24
      28
      27
      34
      21
      33
      39
      40
      33
      30
      43
      35
      44
      33
      38
      31
      47
      39
      31
      31
      27
      44
      24
      44
      28
      29
      40
      27
      35
      27
      35
      29
      24
      23
      27
      21
      16
      18
      17
      14
      12
      13
      16
       9
      16
      13
       8
       6
       4
       8
       8
      10
       3
       7
       3
       9
       9
       8
       9
      10
       6
       3
       7
       8
       5
      10
       3
       2
       5
       4
       7
       4
       4
       7
       7
       2
       2
       6
       4
       3
       4
       4
       2
       7
       3
       5
       5
       4
       6
       3
       4
       2
       5
       3
       3
       6
       5
       5
       5
       1
       5
       9
       5
       2
       5
       4
       5
       6
       7
       6
       3
       6
       2
       2
       6
       7
       1
      11
       2
       2
       3
       5
       6
       3
       2
       4
       5
       6
       7
       2
       0
       7
       2
       2
       2
       5
       5
       3
       4
       5
       2
       4
       9
       6
       4
       4
       6
       4
       7
       5
       4
       4
       3
       4
      10
       6
       6
       2
       2
       5
       3
       2
       0
       1
       3
       3
       2
       5
       5
       5
       2
       5
       1
       3
       4
       2
       7
       2
       2
       2
       5
       3
       4
       6
       6
       6
       6
       3
       3
       6
       3
       5
       3
       2
       3
       2
       2
       4
       6
       2
       3
       2
       1
       4
       5
       2
       2
       2
       4
       2
       4
       3
       2
       5
       6
       4
       5
       3
       7
       4
       3
       3
       2
       6
       4
       5
       2
       1
       4
       3
       3
       4
       1
       1
       7
       2
       5
       7
       9
       5
       3
       3
       1
       3
       2
       6
       1
       3
       2
       4
       3
       0
       6
       4
       2
       5
       3
       4
       5
       6
       6
       3
      11
       1
       3
       5
       3
       3
       1
       2
       3
       1
       1
       3
       4
       3
       9
       4
       1
       2
       6
       5
       3
       4
       4
       3
       1
       5
       4
       2
       2
       1
       1
       2
       3
       3
       8
       3
       2
       7
       3
       1
       3
       5
       6
       7
       5
       5
       4
       1
       3
       3
       5
       3
       4
       0
       3
       6
       2
       3
       7
       2
       2
       6
       4
       3
       4
       7
       2
       1
       7
       5
       5
       4
       1
       5
       2
       0
       2
       3
       5
       2
       4
       2
       2
       4
       4
       2
       4
       4
       5
       2
       5
       5
       3
       8
       2
       1
       3
       0
       3
       4
       5
       9
       6
       5
       4
       6
       2
       0
       6
       5
       1
       3
       0
       2
       1
       3
       4
       2
       3
       6
       2
       5
       4
       6
       4
       5
       7
       2
       4
       2
       2
       5
       3
       3
       1
       3
       2
       3
       3
       4
       5
       5
       1
       2
       4
       3
       3
       1
       3
       0
       5
       1
       3
       1
       3
       4
       2
       3
       2
       1
       5
       2
       5
       1
       4
       4
       3
       3
       7
       2
       3
       2
       5
       2
       4
       1
       3
       3
       3
       4
       3
       6
       5
       2
       2
       6
       2
       3
       2
       3
       6
       4
       3
       2
       0
       5
       7
       4
       3
       7
       2
       7
       3
       3
       0
       4
       2
       1
       5
       4
       4
       1
       2
       1
       2
       2
       4
       2
       1
       1
       3
       1
       2
       2
       2
       2
       3
       5
       5
       1
       7
       3
       2
       1
       3
       4
       5
       1
       2
       4
       1
       1
       2
       4
       4
       1
       2
       3
       3
       3
       6
       2
       2
       6
       7
       6
       9
       1
       1
       1
       3
       3
       6
       6
       1
       5
       5
       1
       2
       4
       4
       5
       1
       3
       5
       3
       5
       3
       8
       1
       3
       2
       3
       2
       2
       4
       3
       2
       2
       0
       3
       6
       4
       2
       1
       2
       2
       3
       4
       2
       5
       5
       3
       7
       1
       3
       6
       3
       6
       5
       2
       2
       5
       4
       5
       5
       3
       2
       1
       0
       6
       0
       4
       3
       5
       4
       2
       3
       5
       2
       2
       1
       4
       1
       5
       3
       2
       2
       2
       2
       5
       4
       4
       4
       0
       4
       5
       3
       4
       4
       0
       1
       3
       5
       3
       4
       5
       2
       2
       2
       3
       3
       3
       2
       5
       2
       1
       2
       3
       3
       4
       4
       2
       3
       6
       4
       2
       5
       0
       6
       3
       3
       5
       3
       3
       2
       5
       3
       6
       3
       4
       6
       4
       2
       1
       0
       4
       3
       4
       4
       3
       3
       6
       1
       5
       2
       4
       3
       4
       2
       2
       0
       4
       1
       1
       4
       1
       1
       6
       4
       3
       4
       0
       5
       2
       6
       7
       2
       2
       2
       3
       8
       3
       6
       2
       3
       7
       3
       8
       4
       3
       2
       1
       2
       3
       8
       2
       6
       3
       4
       0
       4
       5
       1
       3
       3
       1
       3
       2
       2
       4
       6
       2
       4
       0
       2
       1
       3
       0
       6
       2
       3
      10
       4
       1
       4
       2
       3
       2
       4
       2
       3
       3
       6
       3
       2
       5
       6
       4
       3
       4
       4
       3
       5
       6
       5
       2
       4
       4
       4
       3
       2
       4
       5
       2
       2
       6
       2
       1
       3
       3
       3
       1
       4
       3
       2
       2
       4
       2
       2
       6
       1
       4
       5
       5
       3
       5
       6
       2
       4
       1
       3
       2
       1
       1
       2
       1
       3
       3
       3
       2
       3
       8
       1
       5
       1
       1
       4
       5
       1
       6
       6
       1
       0
       4
       5
       4
       3
       3
       2
       4
       3
       2
       2
       3
       6
       3
       2
       0
       2
       3
       4
       4
       3
       4
       2
       3
       3
       2
       2
       4
       1
       4
       2
       0
       2
       2
       0
       4
       1
       1
       2
       4
       4
       4
       2
       2
       3
       3
       2
       4
       3
       2
       3
       5
       3
       4
       2
       3
       3
       6
       1
       4
       8
       4
       2
       4
       1
       4
       5
       0
       4
       3
       3
       2
       2
       6
       4
       3
       3
       1
       2
       5
       2
       0
       4
       0
       1
       2
       7
       4
       2
       4
       3
       3
       2
       6
       7
       1
       7
       4
       7
       0
       3
       4
       2
       3
       5
       6
       3
       4
       2
       2
       1
       6
       5
       1
       5
       4
       5
       3
       3
       5
       6
       6
       5
       2
       7
       4
       5
       6
       1
       3
       5
       8
       2
       8
       4
       3
       3
       5
       5
       5
       2
       2
       1
       3
       3
       5
       6
       1
       4
       3
       3
       2
       3
       2
       2
       2
       3
       3
       5
       4
       5
       4
       2
       5
       4
       3
       3
       5
       3
       4
       7
       6
       5
       8
       6
       3
       2
       4
       3
       3
       1
       5
       3
       4
       4
       3
       3
       1
       2
       2
       5
       4
       1
       1
       1
       7
       3
       4
       5
       2
       4
       3
       2
       5
       3
       2
       2
       3
       3
       3
       6
       2
       5
       2
       1
       3
       6
       1
       3
       5
       4
       3
       2
       5
       3
       4
       6
       3
       5
       1
       2
       2
       1
       1
       1
       3
       4
       3
       6
       3
       5
       7
       5
       2
       0
       8
       5
       2
       4
       3
       6
       0
       1
       1
       1
       7
       2
       0
       5
       3
       4
       3
       2
       4
       4
       2
       3
       5
       4
       5
       3
       1
       2
       5
       2
       2
       3
       7
       6
       3
       9
       3
       3
       5
       2
       8
       4
       7
       9
       1
       2
       7
       2
       4
       3
       0
       2
       3
       3
       1
       3
       2
       5
       3
       4
       2
       1
       5
       3
       1
       4
       5
       3
       3
       4
       2
       3
       4
       4
       7
       3
       4
       3
       1
       4
       6
       4
       0
       2
       5
       5
       2
       2
       2
       5
       3
       2
       3
       5
       3
       2
       7
       1
       4
       5
       5
       3
       4
       4
       5
       6
       4
       3
       2
       4
       2
       3
       4
       2
       2
       2
       3
       2
       6
       3
       5
       6
       3
       3
       2
       0
       5
       1
       5
       5
       6
       2
       2
       2
       4
       3
       1
       5
       6
       3
       1
       2
       3
       6
       3
       3
       1
       3
       4
       3
       5
       1
       3
       4
       2
       2
       3
       0
       0
       0
       0
       0
       0
       0
       0
       0
       0
       0
       0
       0
       0
       0
       0
       0
       0
       0
       0
       0
       0
       0
       0
       0
       0
       0
       0
       0
       0
       0
       0
       0
       0
       0
       0
       0
       0
       0
       0
       0
       0
       0
       0
       0
       0
       0
       0
       0
       0
       0
       0
       0
       0
       0
       0
       0
       0
       0
       0
       0
       0
       0
       0
       0
       0
       0
       0
       0
       0
       0
       0
       0
       0
       0
       0
       0
       0
       0
       0
       0
       0
       0
       0
$ROI:
1
712 830
$PRESETS:
None
0
0
$ENER_FIT:
-23.656767 2.297974
$MCA_CAL:
3
-2.365677E+001 2.297974E+000 2.836717E-005 keV
$SHAPE_CAL:
3
0.000000E+000 0.000000E+000 0.000000E+000
