$SPEC_ID:
No sample description was entered.
$SPEC_REM:
DET# 1
DETDESC# DESKTOP-I499GD2 Easy-MCA-2k SN 18191655
AP# Maestro Version 7.01
$DATE_MEA:
02/28/2024 17:57:13
$MEAS_TIM:
74 79
$DATA:
0 2047
       0
       0
       0
       4
       2
      15
      42
     119
    1616
    1184
    1238
    1221
    1288
    1320
    1427
    1429
    1442
    1502
    1624
    1659
    1535
    1508
    1533
    1504
    1515
    1544
    1636
    1688
    1839
    2168
    2507
    2509
    2783
    3360
    3181
    2588
    2009
    1764
    1786
    1901
    1984
    2171
    2275
    2434
    2677
    2787
    3031
    3266
    3493
    3791
    4011
    4204
    4410
    4661
    4900
    5273
    5438
    5977
    6737
    7632
    9414
   12055
   15978
   20611
   23596
   24284
   21025
   16320
   11485
    7253
    4957
    3676
    3147
    2954
    2944
    2978
    3084
    3279
    3159
    3140
    2889
    2861
    2619
    2684
    2530
    2603
    2570
    2621
    2626
    2599
    2612
    2767
    2714
    2822
    2714
    2665
    2632
    2570
    2498
    2486
    2364
    2391
    2382
    2296
    2302
    2226
    2226
    2248
    2293
    2202
    2223
    2264
    2155
    2109
    2084
    2130
    2082
    2038
    2051
    2015
    1991
    1972
    1962
    1999
    1877
    1896
    1902
    1852
    1953
    1896
    1991
    1954
    1901
    1981
    2005
    1935
    1926
    1988
    1942
    1970
    1859
    1948
    1883
    1724
    1742
    1672
    1619
    1600
    1586
    1532
    1517
    1508
    1493
    1496
    1493
    1454
    1432
    1432
    1501
    1454
    1355
    1453
    1418
    1365
    1390
    1441
    1371
    1361
    1378
    1330
    1384
    1389
    1321
    1335
    1314
    1286
    1347
    1317
    1289
    1276
    1261
    1328
    1246
    1285
    1258
    1242
    1268
    1193
    1192
    1182
    1235
    1142
    1238
    1203
    1281
    1202
    1223
    1210
    1236
    1235
    1215
    1276
    1214
    1209
    1167
    1196
    1171
    1166
    1122
    1164
    1153
    1178
    1146
    1111
    1231
    1196
    1177
    1221
    1145
    1199
    1198
    1248
    1204
    1227
    1154
    1216
    1312
    1260
    1276
    1215
    1328
    1266
    1228
    1219
    1233
    1205
    1246
    1178
    1158
    1172
    1144
    1131
    1107
    1084
    1051
    1073
    1045
    1025
     976
    1051
    1020
    1070
    1125
    1067
     993
    1017
    1021
    1056
    1084
    1105
    1075
    1053
    1089
    1071
    1039
    1072
    1057
    1030
     995
     990
     991
     973
     976
     942
     902
     883
     872
     883
     815
     805
     773
     738
     751
     744
     711
     639
     655
     658
     663
     641
     602
     609
     586
     523
     541
     576
     561
     549
     520
     511
     536
     521
     511
     517
     475
     479
     506
     489
     477
     483
     475
     458
     455
     448
     468
     448
     468
     452
     476
     431
     468
     449
     416
     485
     413
     478
     462
     452
     465
     440
     439
     465
     452
     442
     466
     448
     431
     446
     448
     471
     423
     475
     488
     538
     530
     534
     601
     661
     692
     813
     922
    1032
    1169
    1282
    1538
    1661
    1815
    2133
    2413
    2651
    2968
    3316
    3565
    3805
    4249
    4379
    4624
    4783
    4979
    5168
    5192
    5216
    5247
    5279
    4802
    4883
    4636
    4258
    4089
    3832
    3479
    3066
    2912
    2507
    2114
    1983
    1673
    1414
    1239
     972
     911
     755
     581
     545
     440
     390
     316
     266
     210
     206
     182
     153
     137
     128
     119
     100
     109
      98
      88
     108
     128
     115
     135
     127
     108
     125
     133
     140
     162
     173
     185
     187
     215
     223
     260
     293
     299
     361
     408
     456
     475
     507
     528
     628
     663
     676
     738
     793
     790
     814
     882
     860
     867
     891
     874
     862
     807
     833
     815
     768
     706
     679
     674
     614
     564
     492
     449
     416
     356
     372
     272
     236
     267
     197
     182
     174
     117
     123
     134
     106
      86
      71
      71
      61
      71
      61
      60
      53
      50
      61
      62
      41
      43
      53
      50
      50
      45
      54
      48
      47
      38
      57
      58
      46
      38
      46
      33
      45
      52
      40
      34
      44
      39
      47
      36
      33
      34
      33
      43
      40
      41
      37
      31
      32
      36
      31
      36
      44
      32
      49
      40
      37
      28
      34
      26
      33
      28
      44
      37
      45
      32
      30
      36
      37
      31
      23
      32
      49
      37
      41
      34
      35
      31
      30
      31
      32
      36
      25
      42
      37
      32
      41
      41
      35
      43
      37
      46
      31
      29
      38
      36
      42
      34
      24
      34
      39
      38
      36
      28
      35
      36
      28
      33
      34
      29
      36
      32
      44
      37
      31
      36
      35
      44
      24
      35
      43
      29
      39
      39
      39
      30
      45
      47
      42
      43
      34
      34
      46
      37
      40
      45
      33
      28
      48
      38
      35
      38
      37
      30
      39
      44
      29
      28
      33
      32
      36
      26
      27
      36
      32
      51
      30
      38
      27
      40
      35
      36
      37
      35
      28
      35
      24
      41
      31
      37
      32
      26
      26
      32
      34
      38
      35
      35
      31
      26
      33
      23
      29
      27
      27
      32
      21
      31
      28
      22
      34
      28
      31
      23
      19
      26
      20
      20
      26
      18
      20
      32
      22
      23
      24
      15
      26
      20
      18
      23
      26
      24
      16
      10
      10
      21
      16
      22
      20
      17
      15
      12
      18
      23
      14
      10
      14
      15
      17
      15
      27
      20
      16
      14
      16
      10
      14
      15
      13
      16
      16
      23
      13
      19
      18
      11
      10
      17
      17
      18
      22
       9
      12
      17
      14
       6
      17
      18
      13
      18
      19
      17
      12
      21
      17
      22
      23
      16
      24
      27
      15
      30
      25
      17
      33
      18
      40
      42
      34
      39
      50
      49
      62
      50
      47
      44
      64
      67
      58
      75
      65
      81
      66
      77
      85
      67
      79
      68
      94
      69
      76
      76
      95
      92
      76
      61
      71
      59
      68
      61
      63
      62
      42
      65
      45
      53
      46
      37
      43
      41
      33
      41
      25
      40
      41
      35
      27
      22
      24
      17
      19
      21
      12
      23
      10
      14
      14
      14
      16
      12
      13
       7
      11
      14
       5
      14
      11
       5
       7
       9
      10
      12
       8
      10
       6
       9
       1
      11
       7
       8
       6
       7
       9
       9
      10
       5
      11
       4
       5
       7
      13
      10
      12
       9
       7
       6
       9
       9
       6
      11
      13
       7
       6
       7
      11
       9
       5
      12
       5
       6
      11
       9
       9
       9
       6
       8
       7
       5
       6
       9
       5
       4
       6
       7
      11
       7
      11
       9
       6
      11
       5
       4
       7
       7
       3
       8
      11
       3
       1
       8
      11
       6
       8
       5
      10
       7
      10
       9
       4
       5
       5
       5
       8
       5
       5
       6
      15
       5
       6
       7
      11
       2
       6
       4
      13
       6
       5
      10
       8
       6
       6
       7
      10
       6
      10
      11
      13
       4
       7
       9
       5
       3
       6
       2
       7
       7
      11
       6
       9
       5
       6
       9
      19
      11
       7
       5
       9
       8
       7
       5
      10
       6
       8
       6
      10
      11
       7
       7
       6
       7
       8
       8
      14
       6
       7
       5
       3
       6
       6
       4
       2
      10
       7
      13
       8
       6
       4
       3
       3
       9
       7
      11
       8
       8
       9
      10
       9
       8
       2
       9
       8
      10
       4
      11
       8
       9
       2
       7
       6
      10
       2
      11
       2
       4
      16
       6
       8
       6
       2
      11
       7
      10
       8
       7
       9
       8
       7
       6
       4
       4
       7
       3
       4
      10
       3
       7
       8
       7
       8
      10
       5
       6
       9
      10
       4
       9
       4
       3
       8
       5
       7
       7
       8
      10
      13
       9
       4
       2
       4
       4
       8
       5
       3
       8
       3
       7
       3
       6
      12
      13
      11
       6
       2
       3
       7
       1
       4
       6
       8
       5
       5
       9
      14
       9
       4
       8
       5
       3
       4
       7
       6
       5
       9
       8
       5
       5
       8
       7
       4
       3
      11
       6
       5
       8
       2
       8
       8
      11
       6
       3
       5
       6
       8
       3
       7
       4
       5
       8
       5
       9
       5
       7
       5
       6
       3
      10
       8
       8
       4
       7
       5
       8
       4
       3
       6
       6
       6
       5
       8
       3
       4
       8
       8
       5
       9
       9
       5
       7
       2
       1
       8
       6
       4
       3
       5
       7
       2
       4
       5
       4
       3
       5
       9
       3
       4
       5
       3
       2
       8
       7
       6
       4
       1
       7
       7
       2
       6
       3
       5
       6
       8
       7
       3
      10
       4
       8
       3
       4
       8
       4
       5
       5
       5
       3
       6
       3
       8
       2
       6
       6
       3
       5
       7
       4
       8
       5
       3
       4
       2
       5
      13
       5
       6
       7
       5
       3
       4
       4
       5
       9
      10
      10
       9
       4
       6
       6
       5
       5
       6
       7
       8
       2
       5
       2
       3
       7
       5
       8
       7
       6
      10
       1
       4
       9
       5
       6
       7
       2
       7
       2
       8
       2
       7
       4
      12
       9
       8
       1
       9
      13
       2
       5
       9
       8
       5
       6
       1
       7
       3
       2
       9
       5
       5
       6
       6
       4
       8
       5
       6
       9
       6
       5
      12
       7
       9
       3
       2
       3
      13
       4
       3
       5
       7
       4
       6
       5
       2
       5
       4
       8
       1
       8
       2
       4
       5
       5
       6
       6
       8
       5
       3
       5
       6
       9
       7
       8
       7
       3
       5
       4
       6
       2
      10
       6
       4
       2
      12
       5
       4
       6
       5
       9
       6
       8
       3
       5
       7
       4
       5
       4
       6
       7
       4
       7
       5
      11
       5
       7
       3
       5
       6
       5
       7
       5
       2
       8
       9
       2
       7
       4
       4
       2
       1
       4
       6
       4
       2
       7
       5
       5
       7
       4
       8
       6
       6
       5
       3
       7
       8
       6
       5
       7
       4
      10
       4
       7
       5
       6
      10
       3
       2
       5
       6
       4
       6
       7
       6
       2
       4
       2
       2
       6
       6
       5
       2
       4
       3
       4
       3
       6
       9
       5
       8
       6
       2
       3
       3
       7
       4
       6
       4
       3
       5
       5
       2
       5
       2
       3
       4
      10
       9
       4
       6
       6
       6
       5
       8
       6
       7
       6
       7
       7
       7
      10
       7
       2
       9
       1
       7
       5
       7
       6
       5
       5
       4
       4
       8
       4
       8
       2
       3
      11
       6
      11
       7
       9
       5
       3
       1
       5
       6
       5
       8
       8
       6
       3
       9
       5
       5
      11
       2
       5
       5
       9
       4
       6
       4
       6
      13
       4
       4
       2
       4
       5
       2
       4
       5
       4
       5
       5
       5
       6
       4
       4
      13
       9
       5
       2
       3
       6
       9
       1
       6
       1
       6
       4
       7
       7
       2
       5
      12
       3
       9
       4
       8
       7
       4
       6
       5
       5
       6
       9
       4
       7
       8
       6
       6
       7
       5
       5
       7
       7
       6
       7
       6
       9
       7
       5
       6
       9
       4
       6
       4
       4
       7
       5
      10
       3
       6
       9
       4
       6
       7
      10
       5
       6
       6
       6
       3
       6
       1
       5
       5
       2
       8
       5
       7
       4
       1
       2
       5
      10
       6
       7
       5
       5
      10
       5
       4
       3
       2
       3
       5
       9
       5
       5
       6
       5
       1
       5
       5
       3
       5
       1
       7
       8
       6
       2
       8
       7
       6
       6
       7
       5
       1
       3
       6
       4
       7
       3
       4
       5
       6
       6
       5
       6
       3
       3
       6
       1
       8
       5
      10
       4
       3
       3
       7
       2
      10
       5
      10
       7
       4
      10
       5
       5
       3
       6
       2
       6
       4
       5
       5
       8
       6
       5
       8
       9
       6
       3
       3
       3
       6
       7
       5
       5
       3
       7
       6
      10
       3
       4
       5
       4
       7
       5
       8
       6
       5
       3
       3
       7
       6
       7
       6
       3
       5
       7
       7
       3
       6
       6
       6
       9
      10
       7
       9
       5
       4
       5
      10
       7
       6
       6
       3
       6
       4
       6
       5
       4
       5
       4
       8
       4
       7
       1
       8
       6
       9
       6
       5
       4
       7
       5
       5
       3
       3
       4
       7
       6
       2
       7
       5
       6
       4
       5
       5
       1
       8
       5
       6
       6
       5
       8
       1
       8
       7
       1
       9
       7
       4
       7
       8
       9
       5
       1
       3
       6
       2
       5
       3
       4
       5
       2
       4
       7
       3
       7
       2
       5
       6
       8
       8
       5
       8
       4
       2
       7
       8
       9
       5
       4
      12
       4
       3
       4
       9
       6
       7
       7
       6
       5
      11
       1
       7
       6
       3
       7
       8
       8
       7
       5
       1
      10
       9
       3
       6
       5
       4
       6
       4
       0
       5
       3
       6
       4
       6
       5
       3
       3
       6
       4
       4
       3
       3
       7
      10
       6
       6
       2
       5
       6
       4
       5
       5
       4
       9
       7
       4
       7
       9
       7
       5
       8
       9
       5
       9
       7
       7
       7
       4
       4
       3
       9
       5
       4
       5
       4
       5
       7
       2
       6
      10
       9
       9
       6
       6
      11
       6
       9
       1
       6
       5
       4
       7
       8
       5
       6
       4
       5
       5
       5
       4
       9
       7
       3
       0
       7
       4
       4
       6
       7
       7
       6
       3
       1
       5
       9
       6
       5
       4
       4
       5
       2
       3
       3
      10
       4
      11
       5
       7
       7
       5
      10
      12
       4
       6
      13
       3
       5
       4
       7
       8
       8
       9
       5
       5
       3
       9
       6
      10
       6
       3
       7
       8
       7
       6
       6
       8
       6
       6
       6
       6
      12
       8
       8
       9
       8
       7
       1
       4
       5
       4
       9
       8
       3
       2
       2
      12
       5
       4
      10
       7
       9
       9
       7
       5
       3
       5
       8
       6
       5
       3
       8
       7
       5
       6
       4
       4
       1
       0
       0
       0
       0
       0
       0
       0
       0
       0
       0
       0
       0
       0
       0
       0
       0
       0
       0
       0
       0
       0
       0
       0
       0
       0
       0
       0
       0
       0
       0
       0
       0
       0
       0
       0
       0
       0
       0
       0
       0
       0
       0
       0
       0
       0
       0
       0
       0
       0
       0
       0
       0
       0
       0
       0
       0
       0
       0
       0
       0
       0
       0
       0
       0
       0
       0
       0
       0
       0
       0
       0
       0
       0
       0
       0
       0
       0
       0
       0
       0
       0
       0
       0
$ROI:
1
712 830
$PRESETS:
None
0
0
$ENER_FIT:
-23.656767 2.297974
$MCA_CAL:
3
-2.365677E+001 2.297974E+000 2.836717E-005 keV
$SHAPE_CAL:
3
0.000000E+000 0.000000E+000 0.000000E+000
