$SPEC_ID:
No sample description was entered.
$SPEC_REM:
DET# 1
DETDESC# DESKTOP-I499GD2 Easy-MCA-2k SN 18191655
AP# Maestro Version 7.01
$DATE_MEA:
02/28/2024 18:26:43
$MEAS_TIM:
92 95
$DATA:
0 2047
       0
       0
       0
       0
       1
       4
      17
      39
     522
     419
     392
     440
     463
     541
     676
     704
     721
     709
     816
     767
     710
     660
     662
     615
     625
     612
     690
     870
    1191
    1665
    1841
    1833
    2453
    2999
    2637
    1717
    1004
     825
     841
    1000
    1055
    1193
    1431
    1631
    1768
    2008
    2209
    2501
    2767
    2952
    3175
    3436
    3619
    3737
    3944
    4099
    4348
    4760
    5539
    6988
    9419
   13551
   19444
   25350
   28910
   27922
   23026
   16190
    9786
    5640
    3167
    2059
    1613
    1588
    1643
    1729
    1819
    1808
    1830
    1602
    1468
    1272
    1198
    1067
     978
     967
     963
     965
     992
    1022
    1062
    1021
     982
     936
     889
     875
     807
     810
     773
     748
     707
     692
     671
     608
     629
     616
     566
     626
     596
     550
     562
     576
     547
     571
     524
     566
     516
     489
     498
     485
     525
     555
     517
     490
     483
     457
     493
     487
     496
     576
     536
     618
     662
     614
     718
     653
     733
     716
     709
     712
     603
     621
     584
     510
     489
     458
     376
     350
     360
     340
     326
     324
     321
     316
     284
     312
     301
     292
     272
     272
     275
     289
     256
     276
     280
     240
     274
     273
     275
     264
     248
     246
     234
     230
     244
     279
     267
     238
     272
     228
     245
     221
     253
     205
     239
     243
     257
     251
     250
     274
     225
     257
     246
     252
     247
     217
     230
     236
     235
     235
     216
     283
     220
     242
     245
     229
     236
     228
     240
     232
     251
     248
     243
     237
     275
     256
     261
     296
     291
     286
     283
     303
     319
     282
     291
     327
     346
     319
     335
     351
     346
     320
     303
     312
     271
     279
     264
     254
     244
     246
     231
     241
     204
     190
     197
     212
     171
     189
     187
     195
     169
     169
     181
     198
     186
     199
     198
     174
     193
     214
     180
     190
     183
     177
     190
     177
     194
     162
     180
     213
     177
     185
     168
     148
     159
     141
     146
     153
     146
     123
     128
     138
     138
     112
     119
     114
     123
     104
     120
     107
     121
     109
      86
      97
      92
     107
      91
     107
      89
      98
     110
      81
      78
     100
      83
      89
      98
      98
      84
      83
      72
      86
      90
      75
      84
      95
      77
     101
      76
      76
      91
      91
      85
      79
      77
      76
      80
      82
      85
      79
      75
      90
      85
      63
      80
      90
      67
      72
      81
      67
      88
      71
      94
      97
      73
      86
      90
     117
     140
     127
     166
     199
     214
     239
     278
     273
     340
     403
     411
     442
     503
     525
     630
     646
     648
     711
     787
     766
     787
     777
     844
     780
     781
     767
     781
     731
     680
     591
     577
     534
     499
     426
     352
     346
     297
     242
     199
     194
     146
     123
     133
      91
      88
      80
      62
      62
      40
      43
      39
      38
      35
      38
      26
      24
      21
      31
      17
      32
      18
      25
      28
      20
      25
      30
      15
      31
      36
      30
      40
      38
      45
      48
      44
      48
      57
      57
      79
      71
      91
      85
     106
      99
     122
     111
     134
     150
     148
     169
     143
     143
     184
     149
     149
     172
     178
     163
     139
     132
     132
     146
     118
     117
     100
     104
     104
      78
      60
      78
      68
      62
      47
      37
      45
      39
      46
      29
      36
      30
      23
      25
      20
      21
      17
      14
      21
      23
      20
      16
      23
      22
      27
      20
      28
      31
      16
      19
      24
      20
      17
      24
      17
      18
      17
      14
      24
      28
      24
      13
      22
      13
      22
      20
      14
      17
      18
      10
      15
      12
      13
      16
      11
      13
       9
      13
      12
      11
       7
      13
      13
      18
      12
      11
      11
       9
      18
      10
      15
       8
       9
      10
      11
      11
      15
      11
      15
       6
      16
       7
      14
      15
      12
      11
      13
      15
      11
      14
      11
      12
       9
      11
      13
       8
       9
       9
       7
      13
      18
      12
      15
      13
       7
      13
      10
      11
       7
      16
       6
      14
       3
      17
       7
      12
      10
       9
      18
       8
      11
      10
      14
       9
      16
      20
      17
      16
      14
      11
      16
      17
      18
      19
      22
      16
      17
      19
      25
      16
      21
      16
      12
      14
      13
      16
      14
      10
      16
      17
      14
      22
      12
      15
       4
      16
       5
       5
      18
      14
       9
      10
      13
      12
      15
       9
      10
      15
      11
      14
      14
       9
       6
       9
      11
      13
       8
      13
      10
      15
      12
      14
      12
      12
      19
      13
      17
       8
       8
       9
      13
       6
       7
      15
      10
       9
       8
      12
      10
       5
       5
       8
       7
       7
       7
       4
       8
       6
       5
       7
      13
       7
       4
       5
       9
      10
      11
      14
       7
       4
       2
       4
       8
       9
       6
       7
       8
       3
      10
       7
       8
       8
       5
       5
       4
       4
       6
       6
       6
      10
       5
       2
       2
       6
       5
       8
       7
       8
       7
       3
      12
       8
       4
       7
       8
       5
       5
       3
       8
       6
       8
       3
       3
       4
       2
       7
      10
       5
       4
       7
       3
       2
       8
       7
       6
       4
       3
       9
       6
       4
       8
      10
       4
       5
      13
      17
      15
       9
       9
      12
      17
      14
      13
      14
      18
      15
      16
      17
      16
      20
      21
      14
      20
      22
      14
      25
      21
      22
      20
      27
      16
      18
      13
      20
      13
      16
      17
      16
      16
      15
      16
      14
      13
      13
      13
      11
       4
      19
       7
       4
       4
       9
       3
       7
      10
       4
       5
       4
       5
       8
       5
       3
       3
       5
       6
       5
       5
       8
       5
       7
       6
       3
       4
       3
       6
       1
       5
       2
       3
       2
       6
       2
       8
       5
       5
       7
       2
       7
       8
       3
      10
       5
       6
       2
       8
       4
       1
       2
       3
       5
       4
       7
       7
       2
       6
       4
       2
       4
       6
       3
       2
       6
       7
       4
       3
       4
       8
       6
       6
       6
       2
       7
       8
       5
       4
       5
       4
       5
       4
       2
       7
       3
       3
       4
       5
       6
       1
       3
       2
       5
       1
       5
       6
       6
       4
       5
       4
       7
       5
       7
       6
       6
       6
       3
       8
       2
       7
       3
       2
       6
       3
       4
       3
       1
       3
       6
       5
       3
       1
       3
       3
      10
       4
       2
       5
       1
       3
       6
       9
       5
       1
       3
       6
       2
       6
       8
       2
       5
       3
       3
       7
       4
       5
       7
       4
       4
       5
       4
       4
       4
       6
       5
       4
       3
       3
       3
       4
       3
       5
       7
       5
       5
       6
       3
       5
       1
       2
       2
       7
       3
       5
       3
       3
       4
       3
       5
       4
       3
       0
       3
       5
       6
       4
       4
       5
       7
      11
       5
       4
       2
       3
       6
       5
       3
       4
       3
       2
       6
       6
       9
       7
       7
       3
       3
       3
       3
       0
       3
       4
       4
       3
       3
       4
       2
       5
       6
       3
       6
       2
       8
       4
       4
       6
       3
       5
       3
       6
       2
       3
       4
       3
       4
       2
       3
       3
       3
       8
       2
       4
       2
       1
       5
       6
       1
       5
       5
       7
       2
       7
       3
       4
       4
       4
       2
       1
       1
       2
       3
       6
       4
       2
       2
       3
       5
       5
       6
       2
       4
       1
       3
       6
       1
       7
       6
       2
       2
       4
       7
       2
       3
       2
       6
       3
       0
       6
       0
       5
       4
       6
       6
       4
       5
       2
       5
       4
       2
       2
       2
       5
       5
       6
       5
       3
       2
       6
       3
       4
       2
       4
       5
       0
       2
       7
       6
       8
       2
       5
       4
       1
       3
       2
       3
       3
       1
       3
       5
       5
       4
       5
       6
       7
       4
       5
       3
       3
       3
       6
       2
       8
       3
       1
       1
       8
       8
       7
       4
       3
       3
       6
       4
       6
       6
       5
       3
       4
       4
       4
       5
       1
       3
       5
       8
       1
       4
       3
       0
       2
       2
       1
       2
       5
       2
       5
       0
       5
       5
       2
       4
       3
       1
       9
       1
       6
       8
       2
       5
       1
       5
       1
       2
       1
       6
       2
       3
       2
       2
       7
       4
       3
       3
       3
       5
       4
       1
       2
       2
       2
       5
       4
       6
       5
       5
       3
       3
       3
       4
       3
       3
       4
       5
       4
       5
       2
       3
       7
       4
       1
       4
       7
       5
       4
       6
       4
       2
       3
       1
       1
       3
       5
       3
       1
       3
       4
       4
       4
       3
       3
       6
       5
       3
       5
       5
       4
       3
       7
       6
       0
       2
       2
       8
       5
       3
       3
       2
       5
       3
       0
       2
       4
       3
       1
       1
       5
       4
       2
       2
       6
       4
       3
       2
       5
       6
       1
       4
       2
       3
       2
       4
       2
       6
       3
       6
       2
       3
       4
       1
       6
       5
       3
       1
       4
       4
       4
       2
       2
       3
       8
       1
       3
       5
       6
       3
       3
       2
       7
       5
       4
       3
       5
       0
       3
       4
       1
       2
       1
       5
       4
       2
       3
       3
       3
       5
       5
       3
       6
       6
       0
       2
       4
       5
       7
       3
       4
       5
       3
       2
       2
       1
       1
       5
       3
       2
       2
       5
       0
       3
       3
       4
       6
       6
       4
       4
       1
       5
       3
       3
       2
       3
       6
       5
       3
       5
       5
       3
       2
       3
       3
       4
       3
       3
       5
       3
       3
       4
       4
       5
       5
       3
       1
       4
       2
       2
       2
       6
       3
       1
       1
       4
       5
       2
       4
       3
       0
       4
       4
       4
       3
       5
       2
       4
       5
       3
       2
       4
       2
       2
       8
       7
       4
       3
       4
       2
       4
       2
       5
       1
       8
       5
       9
       3
       3
       4
       6
       0
       6
       5
       1
       4
       3
       3
       2
       5
       5
       4
       7
       4
       3
       2
       3
       4
       2
       4
       6
       1
       0
       3
       4
       5
       3
       2
       2
       9
       2
       2
       2
       5
       0
       3
       3
       4
       4
       7
       3
       3
       2
       1
       4
       2
       4
       6
       2
       2
       3
       7
       3
       6
       5
       2
       8
       1
       5
       6
       1
       3
       3
       3
       4
       4
       7
       6
       5
       1
       2
       1
       3
       3
       2
       2
       4
       2
       7
       2
       1
       3
       1
       6
       4
       5
       2
       3
       6
       3
       5
       5
       3
       2
       3
       4
       5
       2
       1
       4
       4
       4
       3
       5
       1
       5
       5
      11
       4
       3
       3
       3
       6
       4
       3
       6
       8
       2
       5
       7
       4
       3
       6
       5
       6
       5
       9
       4
       3
       2
       4
       4
       5
       4
       0
       5
       3
       1
       1
       4
       4
       3
       3
       4
       5
       3
       3
       3
       3
       7
       6
       1
       4
       5
       2
       5
       6
       5
       3
      10
       3
       4
       2
       6
       1
       6
       8
       2
       6
       3
       2
       2
       3
       5
       5
       4
       5
       4
       3
       6
       4
       1
       2
       4
       1
       3
       4
       6
       4
       3
       3
       2
       3
       6
       7
       2
      10
       1
       1
       3
       4
       2
       5
       5
       4
       2
       4
       5
       3
       3
       5
       3
       3
       6
       0
       3
       8
       8
       4
       7
       3
       4
       8
       5
       5
       4
       5
       3
       7
       3
       4
       2
       7
       8
       3
       4
       5
       1
       1
       3
       6
       2
       6
       3
       3
       4
       4
      10
       3
       4
       1
       5
       3
       5
       1
       5
       7
       7
       5
       0
       3
       7
       4
       7
       3
       6
       7
       5
      11
       6
       8
       4
       5
       3
       1
       7
       4
       3
       7
       2
       2
       6
       6
       5
       4
       3
       3
       6
       9
       8
       3
       4
       4
       3
       3
       6
       5
       2
       5
       7
       3
       3
       4
       4
       8
       1
       5
       6
       1
       3
       5
       6
       3
       3
       1
       7
       5
       4
       6
       7
       1
       3
       6
       1
       3
       8
       4
       5
       4
       4
       4
       6
       4
       4
      10
       5
       8
       2
       5
       2
       4
       2
       4
       2
       2
       2
       5
       4
       5
       7
       3
       4
       0
       7
       2
       3
       0
       5
       2
       2
       4
       3
       3
       2
       6
       8
       6
       5
       5
       3
       7
       7
       4
       6
       6
       2
       3
       4
       5
       0
       4
       4
       0
       4
       5
       1
      10
       4
       4
       3
       4
       5
       1
       6
       4
       7
       5
       4
       3
       4
       5
       6
       2
       2
       5
       3
       2
       2
       3
       3
       5
       9
       4
       4
       4
       4
       6
       3
       3
       3
       5
       4
       4
       9
       3
       3
       5
       6
       5
       5
       5
       4
       3
       3
       1
       7
       5
       8
       3
       8
       3
      10
       3
       2
       4
       7
       4
       1
       4
       5
       7
       3
       4
       2
       4
       4
      10
       3
       3
       7
       2
       4
       6
       6
       3
       1
       5
       6
       3
       9
       2
       2
       6
       4
       4
       3
      10
       3
       5
       5
       9
       6
       4
       8
       5
       4
       6
       5
       2
       3
       1
       2
       2
       4
       5
       3
       4
       2
       3
       2
       6
       4
      11
       4
       3
       8
       3
       6
       5
       8
       1
       2
       4
       2
       7
       2
       7
       6
       3
       5
       3
       4
       9
       6
       4
       2
       4
       4
       3
       8
       6
       3
       4
       9
       2
       2
       4
       6
       1
       4
       2
       5
       4
       3
       6
       4
       0
       0
       0
       0
       0
       0
       0
       0
       0
       0
       0
       0
       0
       0
       0
       0
       0
       0
       0
       0
       0
       0
       0
       0
       0
       0
       0
       0
       0
       0
       0
       0
       0
       0
       0
       0
       0
       0
       0
       0
       0
       0
       0
       0
       0
       0
       0
       0
       0
       0
       0
       0
       0
       0
       0
       0
       0
       0
       0
       0
       0
       0
       0
       0
       0
       0
       0
       0
       0
       0
       0
       0
       0
       0
       0
       0
       0
       0
       0
       0
       0
       0
       0
       0
$ROI:
1
712 830
$PRESETS:
None
0
0
$ENER_FIT:
-23.656767 2.297974
$MCA_CAL:
3
-2.365677E+001 2.297974E+000 2.836717E-005 keV
$SHAPE_CAL:
3
0.000000E+000 0.000000E+000 0.000000E+000
