$SPEC_ID:
No sample description was entered.
$SPEC_REM:
DET# 1
DETDESC# DESKTOP-I499GD2 Easy-MCA-2k SN 18191655
AP# Maestro Version 7.01
$DATE_MEA:
02/28/2024 18:10:33
$MEAS_TIM:
53 55
$DATA:
0 2047
       0
       0
       0
       0
       0
       4
      21
      40
     710
     514
     490
     504
     594
     573
     634
     678
     701
     672
     734
     770
     697
     720
     716
     668
     698
     689
     723
     850
    1001
    1269
    1386
    1388
    1732
    2000
    1986
    1407
     950
     818
     781
     860
    1003
    1070
    1143
    1307
    1396
    1587
    1718
    1818
    2059
    2114
    2271
    2509
    2581
    2742
    2876
    3100
    3212
    3425
    3990
    4761
    6044
    8422
   11509
   14607
   17174
   16790
   13970
   10385
    6774
    4096
    2617
    1833
    1561
    1462
    1519
    1480
    1643
    1584
    1576
    1565
    1424
    1366
    1303
    1267
    1129
    1094
    1200
    1096
    1173
    1171
    1214
    1190
    1238
    1193
    1168
    1177
    1122
    1047
    1077
    1024
    1016
    1034
     966
     978
     955
     961
     834
     906
     848
     893
     897
     868
     904
     891
     844
     836
     815
     791
     823
     833
     844
     788
     813
     755
     775
     764
     747
     745
     759
     805
     801
     854
     828
     882
     881
     865
     837
     861
     874
     847
     827
     821
     747
     679
     705
     648
     724
     625
     645
     607
     640
     637
     605
     548
     571
     586
     551
     549
     545
     605
     569
     534
     553
     552
     545
     572
     554
     546
     569
     514
     521
     505
     545
     488
     502
     514
     501
     501
     486
     475
     447
     475
     471
     471
     491
     477
     484
     489
     469
     493
     471
     463
     481
     491
     448
     469
     426
     445
     460
     447
     463
     498
     485
     448
     475
     413
     429
     462
     443
     472
     429
     430
     459
     442
     476
     492
     454
     502
     493
     451
     475
     487
     467
     460
     471
     505
     504
     522
     506
     509
     508
     485
     502
     494
     550
     479
     485
     459
     445
     411
     439
     369
     420
     400
     456
     389
     397
     440
     378
     373
     380
     403
     403
     385
     434
     446
     427
     409
     400
     378
     440
     416
     397
     434
     389
     394
     393
     371
     375
     400
     385
     384
     350
     369
     381
     307
     325
     312
     333
     309
     290
     309
     271
     264
     276
     247
     253
     233
     259
     243
     211
     218
     238
     190
     216
     217
     220
     205
     202
     213
     209
     213
     171
     201
     189
     188
     202
     174
     188
     164
     198
     180
     170
     171
     201
     147
     168
     160
     174
     163
     173
     189
     151
     171
     167
     153
     133
     183
     157
     165
     165
     173
     175
     156
     163
     164
     174
     153
     159
     186
     163
     166
     153
     186
     199
     234
     232
     237
     277
     310
     340
     421
     452
     528
     572
     665
     791
     839
     908
    1052
    1154
    1290
    1410
    1508
    1543
    1669
    1817
    1798
    1893
    1886
    1946
    2002
    1940
    1893
    1824
    1773
    1644
    1592
    1444
    1393
    1222
    1053
     964
     868
     746
     613
     579
     492
     413
     339
     287
     255
     200
     159
     131
     123
     114
      99
      65
      57
      71
      57
      50
      50
      36
      44
      46
      38
      34
      38
      41
      46
      38
      53
      47
      44
      44
      52
      54
      63
      78
      85
      88
      85
     118
     111
     153
     151
     167
     162
     212
     200
     244
     262
     266
     252
     314
     296
     329
     331
     335
     354
     342
     320
     332
     352
     288
     323
     338
     273
     280
     285
     215
     217
     202
     184
     196
     156
     122
     118
     115
     104
      83
      76
      60
      57
      41
      34
      41
      27
      42
      33
      25
      19
      14
      17
      18
      20
      23
      27
      18
      14
      12
      20
      22
      25
      21
      16
      22
      21
      23
      19
      21
      16
      21
      24
      22
      16
      22
      19
      14
      14
      14
      18
      21
      17
      14
       6
      18
      13
      21
      19
      15
      14
      15
      10
      16
      12
      10
      12
      13
      21
      22
      25
      13
      19
      17
      12
      18
      16
      23
      17
      20
      17
      14
      12
      23
      19
      12
      14
      14
      13
      20
      10
      13
      11
      11
      14
      14
      12
      13
      17
      15
      10
      17
      16
      13
      12
      17
      13
       9
      13
      11
      12
      21
      11
      21
      13
      13
      12
      13
      14
      16
      12
      13
      13
      11
      15
      19
      19
      15
       9
      18
      22
      15
      15
      20
      18
      17
       5
      19
      14
      17
      11
      11
      13
      19
      16
      20
      21
      16
      13
      13
      17
      19
      12
      13
      16
      14
      14
      13
      19
      13
      20
      15
      13
       7
      13
      16
       8
      11
      14
       9
      18
      11
      14
      13
      12
      12
      17
      10
      10
       8
      15
      15
      15
      14
      11
      10
       9
      14
      14
      10
      12
       6
      10
      13
      15
      12
      16
       9
       9
      10
      11
      11
      11
      16
       8
      15
      10
      15
      10
       5
       4
      12
       9
      10
       9
       5
       7
       7
       6
       5
       1
      15
       4
       4
       7
      13
       5
       4
       8
       1
       7
      10
       7
       4
       2
       6
      10
       6
       5
       6
       9
       7
      13
      10
       7
       7
      11
       8
       4
      10
       4
      10
       5
       9
       9
       9
      12
       7
       4
       5
       5
       5
       5
      10
       6
      12
       8
       4
       6
      11
       8
      11
       3
      10
       8
       9
      15
       6
       9
       6
       7
      13
      13
      13
      12
      15
       7
      16
      15
      22
      18
      19
      17
      20
      16
      14
      23
      28
      34
      27
      25
      33
      30
      39
      40
      31
      32
      33
      36
      43
      44
      33
      35
      35
      36
      28
      27
      31
      30
      30
      26
      32
      23
      33
      21
      17
      20
      16
      12
      18
      18
      13
      18
      10
      27
      11
      10
      11
      14
       9
       6
       9
       9
       5
       9
       7
       6
       9
       5
       6
       5
       8
       1
       3
       5
       7
       2
       6
       5
      12
       5
       6
       5
       5
       2
       4
       0
       1
       3
       4
       4
       6
       2
       3
       3
       5
       2
       7
       6
       4
       4
       5
       2
       3
       8
       6
       6
       7
       4
       3
       1
       8
       3
       5
       3
       4
       2
       3
      10
       5
       4
       5
       5
       4
       4
       2
       2
       7
       4
       3
       4
       4
       2
       4
       1
       3
       4
       5
       1
       3
       6
       2
       4
       2
       7
       1
       5
       5
       2
       4
       7
       5
       2
       4
       0
       2
       0
       6
       5
       9
       4
       6
       4
       0
       5
       4
       5
       4
       9
       3
       1
       2
       4
       2
       2
       5
       5
       5
       3
       9
       7
       3
       5
       3
       1
       4
       3
       6
       6
       2
       9
       7
       2
       3
       4
       0
       6
       3
       1
       4
       1
       3
       6
       6
       3
       2
       5
       3
       4
       5
       2
       2
       2
       5
       4
       3
       2
       2
       3
       4
       5
       2
       2
       6
       6
       4
       2
       2
       7
       4
       3
       1
       3
       6
       4
       4
       7
       5
       1
       1
       2
       0
       2
       3
       4
       2
       4
       3
       5
       5
       3
       1
       4
       3
       3
       2
       3
       5
       7
       1
       1
       5
       6
       2
       2
       8
       4
       5
       3
       4
       7
       4
       3
       6
       1
       6
       4
       4
       3
       5
       6
       1
       3
       2
       5
       2
       4
       2
       6
       2
       7
       2
       5
       4
       5
       5
       4
       4
       1
       7
       2
       2
       8
       4
       2
       3
       2
       1
       3
       5
       2
       1
       4
       4
       5
       2
       4
       5
       3
       5
       1
       2
       3
       2
       3
       4
       2
       6
       1
       4
       6
       2
       5
       5
       1
       0
       1
       3
       6
       5
       5
       4
       5
       2
       2
       4
       6
       9
       3
       3
       1
       3
       1
       4
       5
       6
       3
       2
       3
       2
       5
       2
       4
       5
       4
       0
       4
       2
       4
       9
       5
       1
       0
       6
       3
       4
       5
       5
       6
       2
       4
       5
       1
       7
       7
       2
       5
       4
       5
       2
       2
       1
       2
       3
       1
       5
       3
       6
       3
       3
       4
       1
       3
       1
       5
       2
       3
       5
       4
       2
       2
       0
       5
       1
       3
       4
       1
       3
       7
       5
       2
       0
       4
       5
       4
       3
       3
       1
       4
       3
       0
       4
       3
       4
       5
       4
       8
       2
       2
       4
       4
       3
       4
       3
       2
       1
       2
       2
       4
       2
       1
       5
       3
       2
       1
       1
       2
       1
       3
       2
       3
       2
       5
       1
       6
       0
       4
       3
       5
       1
       2
       4
       4
       3
       1
       2
       3
       4
       2
       4
       1
       3
       1
       0
       5
       0
       3
       2
       5
       1
       3
       1
       4
       3
       3
       4
       3
       2
       5
       2
       4
       2
       1
       2
       3
       3
       3
       1
       4
       6
       4
       6
       2
       0
       1
       6
       3
       4
       1
       2
       3
       2
       1
       3
       2
       2
       3
       3
       4
       2
       4
       3
       2
       2
       3
       5
       4
       0
       2
       1
       1
       2
       3
       1
       5
       7
       3
       2
       4
       2
       6
       5
       8
       3
       7
       4
       1
       1
       1
       0
       4
       3
       3
       2
       6
       2
       5
       2
       5
       5
       5
       6
       3
       4
       0
       2
       0
       4
       1
       5
       1
       3
       3
       1
       4
       2
       1
       2
       3
       4
       3
       2
       4
       1
       3
       0
       2
       1
       5
       5
       3
       3
       5
       3
       5
       5
       3
       2
       2
       4
       3
       1
       1
       3
       5
       4
       1
       5
       0
       4
       3
       0
       4
       3
       4
       2
       3
       2
       1
       1
       3
       5
       3
       2
       1
       4
       2
       1
       2
       4
       1
       1
       3
       3
       1
       4
       0
       2
       4
       4
       3
       0
       1
       2
       4
       2
       2
       6
       4
       4
       1
       2
       2
       8
       6
       3
       5
       1
       5
       2
       3
       4
       1
       7
       2
       6
       3
       2
       6
       1
       4
       0
       0
       3
       3
       2
       2
       2
       2
       1
       3
       4
       1
       4
       3
       4
       6
       3
       4
       2
       5
       2
       0
       1
       1
       4
       5
       4
       2
       1
       2
       1
       4
       5
       2
       2
       3
       2
       0
       2
       1
       3
       1
       3
       3
       3
       0
       3
       2
       2
       3
       5
       0
       0
       3
       3
       3
       2
       3
       2
       1
       2
       2
       1
       2
       3
       4
       2
       3
       1
       2
       2
       2
       5
       3
       4
       2
       2
       1
       3
       1
       0
       3
       2
       6
       4
       2
       4
       3
       3
       1
       0
       4
       4
       2
       3
       5
       3
       2
       1
       8
       1
       1
       3
       3
       0
       0
       4
       5
       0
       6
       1
       3
       1
       0
       2
       4
       2
       2
       0
       2
       2
       4
       2
       4
       2
       2
       4
       6
       6
       1
       1
       3
       3
       1
       3
       3
       2
       1
       3
       2
       1
       2
       2
       1
       2
       2
       2
       1
       2
       3
       2
       9
       6
       3
       0
       5
       2
       2
       3
       1
       2
       6
       2
       2
       3
       6
       6
       4
       3
       2
       4
       1
       3
       4
       7
       1
       3
       2
       0
       2
       6
       4
       4
       3
       2
       2
       6
       3
       4
       2
       6
       3
       2
       4
       3
       2
       3
       5
       4
       4
       2
       4
       0
       3
       0
       3
       3
       5
       1
       1
       4
       4
       9
       4
       2
       2
       2
       2
       4
       3
       1
       3
       5
       2
       4
       3
       2
       2
       6
       6
       4
       5
       3
       1
       3
       4
       1
       1
       2
       2
       3
       3
       3
       5
       2
       1
       1
       3
       2
       2
       1
       3
       3
       3
       2
       4
       5
       5
       0
       6
       1
       3
       4
       2
       3
       4
       4
       5
       4
       1
       3
       2
       5
       3
       2
       3
       1
       3
       0
       0
       4
       5
       5
       2
       2
       6
       2
       4
       5
       3
       1
       4
       2
       0
       1
       6
       4
       3
       2
       1
       2
       1
       2
       3
       2
       3
       3
       1
       3
       3
       1
       1
       2
       4
       0
       4
       5
       2
       3
       1
       1
       3
       2
       1
       7
       5
       8
       2
       3
       4
       2
       1
       4
       4
       3
       4
       3
       1
       4
       2
       5
       5
       1
       1
       2
       0
       4
       2
       8
       5
       2
       4
       4
       3
       5
       2
       4
       4
       5
       3
       1
       2
       1
       1
       1
       2
       3
       1
       2
       1
       4
       7
       1
       3
       1
       1
       1
       6
       2
       6
       3
       4
       1
       2
       1
       3
       1
       2
       3
       2
       3
       2
       2
       2
       5
       1
       2
       3
       5
       4
       3
       6
       2
       3
       1
       4
       3
       7
       4
       0
       8
       6
       5
       0
       6
       1
       1
       3
       3
       8
       5
       1
       4
       2
       4
       2
       2
       1
       1
       4
       3
       3
       7
       2
       5
       3
       2
       4
       4
       2
       5
       4
       1
       3
       2
       2
       4
       4
       2
       3
       4
       2
       4
       4
       0
       3
       1
       2
       3
       3
       3
       1
       0
       5
       3
       6
       5
       4
       5
       5
       7
       2
       1
       1
       0
       3
       7
       4
       3
       1
       1
       2
       6
       5
       3
       3
       4
       2
       1
       5
       2
       1
       5
       2
       6
       4
       1
       5
       7
       4
       3
       3
       1
       3
       2
       2
       0
       3
       1
       4
       2
       2
      10
       4
       5
       2
       1
       2
       4
       5
       3
       0
       3
       2
       6
       2
       2
       4
       2
       3
       6
       3
       6
       1
       4
       2
       6
       1
       3
       1
       7
       3
       8
       5
       3
       1
       3
       4
       5
       0
       0
       0
       0
       0
       0
       0
       0
       0
       0
       0
       0
       0
       0
       0
       0
       0
       0
       0
       0
       0
       0
       0
       0
       0
       0
       0
       0
       0
       0
       0
       0
       0
       0
       0
       0
       0
       0
       0
       0
       0
       0
       0
       0
       0
       0
       0
       0
       0
       0
       0
       0
       0
       0
       0
       0
       0
       0
       0
       0
       0
       0
       0
       0
       0
       0
       0
       0
       0
       0
       0
       0
       0
       0
       0
       0
       0
       0
       0
       0
       0
       0
       0
       0
       0
$ROI:
1
712 830
$PRESETS:
None
0
0
$ENER_FIT:
-23.656767 2.297974
$MCA_CAL:
3
-2.365677E+001 2.297974E+000 2.836717E-005 keV
$SHAPE_CAL:
3
0.000000E+000 0.000000E+000 0.000000E+000
