$SPEC_ID:
No sample description was entered.
$SPEC_REM:
DET# 1
DETDESC# DESKTOP-I499GD2 Easy-MCA-2k SN 18191655
AP# Maestro Version 7.01
$DATE_MEA:
02/28/2024 18:19:15
$MEAS_TIM:
82 85
$DATA:
0 2047
       0
       0
       0
       0
       1
       1
      16
      50
     692
     502
     469
     570
     597
     633
     727
     774
     760
     830
     914
     885
     824
     751
     757
     743
     724
     774
     783
    1056
    1231
    1682
    1734
    1837
    2346
    2886
    2645
    1754
    1126
     934
    1016
    1094
    1187
    1266
    1423
    1636
    1846
    2051
    2294
    2556
    2642
    2893
    3200
    3398
    3546
    3694
    3823
    3974
    4318
    4645
    5358
    6678
    8916
   12242
   17545
   22945
   26020
   25430
   20889
   15027
    9472
    5489
    3176
    2147
    1747
    1706
    1777
    1921
    1922
    1930
    1946
    1811
    1593
    1482
    1350
    1305
    1218
    1272
    1286
    1219
    1257
    1201
    1330
    1232
    1287
    1195
    1254
    1156
    1109
    1036
    1068
     988
    1003
     982
     935
     924
     971
     918
     895
     891
     857
     861
     842
     833
     746
     800
     832
     835
     783
     785
     729
     797
     737
     779
     751
     728
     710
     758
     735
     739
     770
     791
     777
     823
     846
     860
     920
     871
     912
     881
     866
     861
     870
     827
     748
     702
     647
     676
     652
     560
     548
     504
     564
     504
     505
     498
     509
     516
     482
     474
     483
     480
     470
     434
     468
     453
     452
     432
     472
     443
     466
     446
     443
     410
     441
     416
     436
     393
     437
     401
     417
     397
     426
     423
     386
     389
     362
     459
     407
     374
     403
     409
     413
     391
     409
     394
     392
     413
     395
     409
     432
     399
     399
     380
     383
     359
     372
     408
     409
     370
     363
     384
     378
     402
     430
     395
     413
     397
     425
     422
     438
     424
     462
     458
     438
     482
     482
     487
     488
     477
     461
     447
     456
     458
     476
     408
     448
     414
     417
     411
     367
     396
     351
     335
     360
     340
     351
     351
     363
     316
     318
     354
     320
     356
     325
     316
     329
     341
     340
     326
     327
     331
     316
     349
     361
     370
     372
     320
     316
     330
     361
     303
     331
     341
     322
     331
     306
     272
     277
     243
     260
     242
     241
     226
     217
     233
     218
     203
     181
     200
     224
     179
     188
     203
     203
     186
     185
     190
     172
     174
     134
     158
     179
     165
     141
     178
     168
     156
     159
     161
     169
     134
     166
     169
     139
     147
     155
     133
     153
     183
     147
     140
     159
     168
     131
     133
     146
     166
     131
     135
     162
     140
     162
     151
     134
     115
     151
     155
     126
     138
     111
     148
     128
     142
     145
     156
     173
     165
     186
     213
     189
     257
     268
     356
     368
     428
     462
     489
     638
     658
     766
     883
    1001
    1029
    1122
    1221
    1291
    1399
    1451
    1468
    1565
    1542
    1615
    1576
    1583
    1589
    1473
    1427
    1347
    1263
    1167
    1114
     948
     923
     769
     708
     626
     517
     470
     408
     349
     284
     248
     174
     164
     140
     123
      96
      92
      70
      71
      51
      46
      47
      43
      39
      36
      39
      30
      32
      39
      25
      43
      46
      31
      41
      40
      41
      58
      55
      56
      49
      78
      62
      80
      75
      97
     113
     109
     113
     114
     148
     177
     193
     203
     209
     207
     219
     242
     264
     283
     293
     272
     295
     283
     276
     306
     302
     245
     234
     241
     251
     229
     212
     203
     187
     156
     152
     127
     109
     112
     117
      97
      76
      60
      63
      52
      56
      47
      43
      32
      39
      29
      36
      27
      34
      32
      30
      26
      22
      20
      21
      22
      23
      21
      27
      26
      26
      28
      24
      21
      24
      26
      19
      25
      21
      24
      23
      23
      15
      16
      15
      21
      17
      19
      24
      18
      15
      14
      15
      17
      15
      24
      13
      19
      14
      17
      14
      19
       9
      18
      14
      18
      16
      11
      13
      18
      21
      14
      13
      20
      11
      10
      11
      21
      11
      20
      19
      15
      12
      11
      15
      13
      16
      11
      13
      14
      15
      14
      16
      24
      15
      15
      18
      15
      15
      13
      13
      14
      12
      13
      17
      16
      11
      14
      19
      13
      12
      18
      19
      13
      27
       8
      17
      16
      13
      19
      21
      18
      20
      11
      20
      28
      16
      16
      19
      16
      18
      20
      26
      13
      25
      21
      18
      26
      22
      22
      17
      16
      21
      13
      18
      17
      19
      20
      13
      15
      15
       8
      21
      21
      18
       8
      11
      14
      17
      15
      17
      18
      19
      16
      23
      18
      18
      15
      18
      12
      14
      18
      14
      12
      19
      16
      17
      11
      13
      10
      17
      10
      10
      15
      17
      25
      19
      15
      15
       8
      14
      18
       8
      12
      16
      11
      12
      11
      13
      16
       7
       8
      12
      13
       5
      18
       8
      13
       9
      11
      11
       6
       8
      11
      11
       8
      17
       9
      11
      12
      14
       4
       4
      10
       8
       9
      14
       8
       8
       6
       8
       7
       9
       7
       9
       8
       7
       5
       7
       6
      13
       7
       5
       5
      12
       9
       9
       4
      10
       6
       5
       9
       8
       8
       7
      10
      10
      13
      11
       6
       5
      17
      10
       4
      14
       5
       7
      10
       4
       9
       6
       5
       9
       2
      10
       7
      11
      14
      15
      12
       9
      13
       9
      17
      11
      12
      21
      15
      13
      16
       9
      30
      20
      13
      25
      28
      26
      32
      31
      22
      21
      31
      29
      28
      39
      40
      31
      32
      27
      26
      26
      30
      41
      28
      28
      20
      21
      23
      27
      25
      14
      18
      19
      12
      15
      14
      17
      10
      18
      14
      12
      13
      10
       6
      12
       7
       7
      14
       7
       7
       5
      13
       6
       6
       2
       6
       7
       5
       3
      13
       7
       6
       7
       3
       4
       6
       1
       5
       2
       5
       3
       5
       5
       6
       0
       1
       4
       9
       7
       3
       5
       4
       4
       3
       8
       4
       3
       6
       6
       2
       6
       6
       4
       5
       8
       4
      11
       2
       5
       6
       3
       7
       9
       8
       2
       5
       3
       5
       2
       7
       4
       3
       6
       4
       2
       1
       2
       7
       4
       3
      10
       3
       9
       1
       3
       5
       9
       4
       5
       3
       6
       5
       3
       8
       5
       4
       4
       1
       2
       4
       4
       5
       5
       8
       5
       9
       3
       5
       3
       2
       5
       5
       4
       2
       5
       5
       7
       2
       5
       7
       5
       4
       8
       5
       4
       2
       7
       3
       4
       3
       7
       6
       4
       4
       7
       5
       3
       7
       4
       4
       3
       3
       2
       5
       3
       6
       3
       3
       6
       7
       5
       8
       4
       2
       6
       3
       4
       5
       2
      12
       2
       6
       3
       7
       2
       3
       4
      10
       3
       3
       3
       1
       1
       7
       6
       8
       8
       5
       8
       1
       3
       8
       5
       3
       4
       6
       3
       6
       9
       2
      11
       6
       2
       2
       6
       2
       6
       3
       9
       5
       6
       4
       5
       4
       5
       5
       1
       5
       4
       6
       6
       4
       2
       9
       6
       2
       3
       4
       6
       5
       4
       3
       2
       2
       2
       7
       4
       3
       3
       5
       1
       4
       6
       4
       1
       6
       2
       4
       1
       3
       5
       5
       7
       5
       3
       7
       5
       2
       6
       5
       4
       5
       1
       4
       2
       5
       4
       3
       3
       3
       6
       4
       5
       2
       4
       5
       2
       5
       4
       3
       1
       4
       4
       3
       5
       3
       4
       3
       3
       1
       5
       4
       5
       5
       2
       2
       8
       3
       6
       3
       2
       7
       2
       2
       1
       4
       2
       8
       7
       9
       5
       1
       3
       6
       6
       3
       4
       3
       4
       3
       2
       8
       3
       2
       6
       3
       4
       8
       6
       0
       6
       6
       8
       5
       4
       3
       5
       3
       3
       3
       7
       2
       7
       5
       6
       3
       6
       8
       3
       2
       6
       4
       2
       6
       1
       4
       4
       5
       5
       5
       1
       1
       3
       4
       6
       4
       5
       7
       3
       5
       2
       7
       4
       1
       2
       3
       0
       4
       3
       5
       6
       6
       3
       3
       4
       2
       5
       5
       2
       5
       7
       8
       4
       5
       3
       4
       4
       4
       4
       4
       4
       2
       3
       5
       2
       7
       7
       0
       6
       7
       2
       5
       3
       2
       8
       3
       1
       2
       4
       4
       2
       2
       3
       7
       3
       4
       3
       6
       7
       3
       5
       2
       3
       3
       2
       3
       1
       4
       1
       3
       3
       4
       7
       2
       2
       5
       4
       4
       4
       6
       5
       4
       7
       3
       5
       7
       1
       5
       4
       4
       4
       5
       2
       5
      10
       3
       5
       2
       8
       5
       3
       6
       3
       3
       4
       3
       6
       7
       5
       5
       1
      11
       2
       3
       4
       5
       2
       5
       5
       5
       0
       6
       3
       4
       2
       2
       9
       2
       5
       1
       3
       3
       3
       3
       4
       3
       6
       3
       6
       4
       5
       5
       2
       2
       4
       4
       2
       5
       1
       3
       3
       4
       4
       4
       1
       4
       3
       4
       1
       6
       4
       2
       3
       5
       4
       7
       5
      11
       2
       1
       6
       4
       6
       1
       4
       4
       5
       4
       5
       4
       5
       0
       7
       3
       4
       3
       6
       6
       8
       5
       2
       5
       1
       3
       4
       2
       3
       7
       6
       3
       3
       3
       2
       2
       4
       3
       2
       3
      10
       3
       4
       1
       4
       6
       1
       4
       7
       2
       2
       4
       8
       5
       6
       3
       2
       5
       3
       4
       2
       9
       2
       5
       4
       5
       2
       2
       8
       5
       9
       2
       3
       6
       1
       1
       4
       2
       3
       3
       2
       2
       7
       5
       3
       4
       5
       1
       6
       2
       8
       2
       5
       6
       1
       4
       2
       5
       2
       2
       3
       7
       5
       3
       4
       4
       4
       3
       5
       2
       2
       6
       4
       3
       5
       3
       1
       5
       4
       4
       3
       0
       2
       3
       2
       1
       1
       7
       1
       5
       5
       3
       7
       6
       5
       3
       6
       4
       3
       3
       4
       1
       3
       2
       5
       4
       3
       5
       4
       3
       4
       2
       3
       4
       7
       5
       0
       2
       4
       5
       3
       3
       4
       5
       4
       3
       2
       7
       6
       2
       3
       5
       2
       5
       3
       3
       4
       4
       2
       3
       5
       2
       2
       4
       6
       3
       2
       2
      10
       3
       6
       5
       7
       8
       1
       2
       1
       4
       7
       4
       2
       4
       2
       4
       3
       3
       2
       2
       3
       1
       5
       3
       2
       4
       5
       1
       3
       5
       2
       5
       3
       9
       8
       5
       6
       5
       4
       4
       1
       3
       3
       4
       4
       3
       8
       2
       2
       5
       1
       3
       3
       5
       3
       4
       5
       1
       3
      11
       1
       1
       2
       2
       4
       4
       2
       5
       9
       3
       3
       4
       7
       3
       3
       2
       4
       3
       1
       0
       5
       1
       1
       2
       3
       6
       6
       2
       5
       3
       5
       3
       2
       1
       1
       4
       3
       5
       4
       4
       1
       2
       2
       5
       1
       3
       6
       4
       2
       3
       4
       2
       6
       6
       4
       2
       3
       2
       5
       3
       5
       5
       3
       2
       4
       5
       6
       7
       6
       4
       5
       6
       2
       3
       5
       5
       7
       5
       3
       6
       5
       5
       2
       3
       3
       2
       3
       5
       2
       8
       5
       1
       1
       5
       2
       1
       1
       4
       6
       8
       1
       6
       3
       2
       6
       5
       6
       5
       3
       5
       3
       5
       9
       4
       3
       2
       0
       4
       5
       4
       4
       7
       3
       6
       4
       2
       5
       6
       3
       5
       2
       3
       5
       2
       4
       0
       6
       4
       4
       5
       6
       6
       6
       8
       4
       3
       4
       3
       2
       3
       3
       6
       5
       3
       3
       1
       5
       1
       2
       3
       5
       4
       6
       7
       7
       1
       7
       4
       5
       4
       6
       5
       4
       2
       3
       4
       3
       4
       4
       2
       3
       1
       4
       5
       6
       5
       2
       3
       4
       5
       8
       9
       7
       2
       6
       2
       3
       3
       5
       5
       2
       5
       2
       3
       5
      10
       3
       4
       6
       5
       2
       2
       1
       8
       6
       5
       5
       2
       2
       2
       3
       1
       6
       7
       9
       2
       1
       3
       6
       5
       3
       3
       5
       5
       5
       4
       4
       5
       6
      11
       3
       7
       5
       4
       7
       5
       3
       3
       5
       1
       4
       4
       6
       1
       3
       1
       7
       5
       4
       4
       5
       9
       1
       4
       4
       5
       4
       2
       4
       7
       6
       7
       1
       6
       4
       5
       6
       6
       6
       2
       3
       3
       2
       6
       3
       3
       1
       3
       5
       5
       3
       7
       8
       2
       9
       4
       4
       6
       2
       7
       7
       4
       3
       6
       8
       4
       3
       2
       2
       2
       8
       5
       8
       3
       4
       5
       3
       4
       6
       6
       7
       5
       1
       3
       3
       6
       5
       8
       2
       6
       7
       6
       4
       3
       2
       2
       7
       2
       2
       3
       4
       2
       3
       5
       5
       6
       2
       6
       3
       1
       4
       5
       6
       8
       5
       2
       3
       4
       1
       7
       5
       6
       4
       7
       2
       2
       5
       4
       5
       4
       3
       3
       6
       4
       7
       3
       4
       4
       5
       5
       5
       4
       3
       2
       7
       2
       2
       6
       5
       5
       4
       3
       3
       5
       5
       8
       5
       4
       8
       2
       5
       7
       6
       0
       0
       0
       0
       0
       0
       0
       0
       0
       0
       0
       0
       0
       0
       0
       0
       0
       0
       0
       0
       0
       0
       0
       0
       0
       0
       0
       0
       0
       0
       0
       0
       0
       0
       0
       0
       0
       0
       0
       0
       0
       0
       0
       0
       0
       0
       0
       0
       0
       0
       0
       0
       0
       0
       0
       0
       0
       0
       0
       0
       0
       0
       0
       0
       0
       0
       0
       0
       0
       0
       0
       0
       0
       0
       0
       0
       0
       0
       0
       0
       0
       0
       0
       0
$ROI:
1
712 830
$PRESETS:
None
0
0
$ENER_FIT:
-23.656767 2.297974
$MCA_CAL:
3
-2.365677E+001 2.297974E+000 2.836717E-005 keV
$SHAPE_CAL:
3
0.000000E+000 0.000000E+000 0.000000E+000
