$SPEC_ID:
No sample description was entered.
$SPEC_REM:
DET# 1
DETDESC# DESKTOP-I499GD2 Easy-MCA-2k SN 18191655
AP# Maestro Version 7.01
$DATE_MEA:
02/28/2024 18:04:14
$MEAS_TIM:
38 40
$DATA:
0 2047
       0
       0
       0
       0
       1
       9
      26
      44
     722
     526
     522
     561
     590
     643
     675
     670
     712
     716
     726
     738
     697
     651
     734
     656
     708
     687
     741
     757
     931
    1079
    1174
    1185
    1374
    1573
    1633
    1211
     932
     842
     837
     934
     890
    1017
    1048
    1147
    1254
    1420
    1500
    1573
    1648
    1852
    1964
    2158
    2178
    2229
    2488
    2550
    2603
    2951
    3277
    3812
    4786
    6037
    8271
   10661
   12495
   12481
   10719
    8187
    5535
    3584
    2276
    1776
    1533
    1380
    1419
    1383
    1547
    1600
    1489
    1480
    1401
    1321
    1262
    1226
    1235
    1198
    1176
    1189
    1238
    1264
    1216
    1359
    1244
    1345
    1240
    1204
    1204
    1160
    1172
    1075
    1149
    1103
    1074
    1091
    1057
    1044
    1067
    1007
    1017
     936
     973
     944
     977
     961
     998
     945
     948
     930
     894
     881
     897
     882
     876
     921
     893
     876
     924
     905
     945
     850
     891
     874
     930
     857
     927
     882
     940
     923
     913
     851
     855
     811
     848
     844
     813
     728
     787
     730
     748
     667
     675
     675
     668
     659
     643
     675
     642
     641
     662
     641
     702
     647
     629
     605
     636
     635
     595
     643
     586
     619
     593
     576
     596
     612
     568
     608
     590
     596
     606
     575
     524
     564
     578
     574
     528
     549
     519
     545
     569
     498
     555
     583
     589
     532
     529
     536
     549
     470
     551
     550
     499
     501
     533
     519
     497
     512
     538
     540
     533
     516
     502
     520
     541
     545
     526
     520
     540
     552
     526
     503
     526
     530
     527
     564
     556
     583
     537
     548
     580
     582
     538
     547
     527
     542
     551
     527
     556
     549
     558
     486
     454
     528
     491
     459
     462
     468
     479
     491
     486
     496
     464
     445
     483
     490
     477
     502
     492
     466
     495
     509
     489
     528
     473
     456
     477
     485
     463
     486
     456
     444
     462
     408
     451
     389
     404
     417
     411
     386
     384
     344
     362
     356
     325
     331
     294
     306
     321
     292
     291
     282
     283
     302
     246
     222
     276
     237
     246
     236
     237
     214
     228
     198
     206
     214
     260
     212
     210
     200
     212
     189
     207
     221
     204
     219
     204
     208
     191
     221
     217
     208
     217
     206
     205
     198
     223
     236
     202
     223
     211
     207
     173
     182
     206
     198
     191
     223
     192
     211
     202
     211
     181
     176
     207
     210
     224
     236
     236
     280
     340
     345
     369
     457
     522
     564
     666
     762
     841
     954
    1122
    1254
    1333
    1460
    1652
    1711
    1787
    1995
    2045
    2134
    2185
    2357
    2317
    2377
    2322
    2281
    2261
    2095
    2067
    1969
    1754
    1655
    1494
    1377
    1299
    1053
     919
     786
     684
     632
     548
     427
     394
     279
     232
     203
     192
     159
     167
     106
      90
      79
      77
      57
      61
      65
      60
      57
      52
      38
      53
      49
      38
      47
      57
      49
      49
      54
      66
      71
      68
      66
      74
     103
     112
     109
     128
     135
     134
     168
     188
     200
     226
     219
     244
     268
     282
     349
     326
     373
     390
     382
     374
     428
     364
     398
     394
     370
     398
     365
     360
     333
     324
     288
     261
     275
     232
     236
     197
     177
     186
     134
     111
     100
      95
      80
      79
      79
      68
      58
      53
      42
      35
      41
      38
      28
      24
      27
      23
      32
      26
      17
      25
      34
      23
      27
      25
      20
      12
      22
      22
      17
      21
      18
      29
      23
      26
      17
      20
      27
      17
      19
      10
      18
      19
      18
      21
      12
      14
      19
      17
      10
      19
      18
      19
      21
      24
      19
      13
      20
      12
      10
      18
      14
      16
      14
      14
      15
      18
      15
       9
      18
      18
      18
       9
      10
      14
      11
      17
      11
       9
      17
      25
      18
      13
       9
      17
       9
       9
      19
      16
      13
      21
      22
      13
      21
      17
      11
      18
      11
      14
      12
       9
      16
      18
      15
      17
      11
      15
      14
      16
      20
      12
      15
      17
      18
      21
      19
      17
      19
      16
      24
      14
      19
      15
      24
      16
      22
      20
      13
      13
      13
      31
      18
      18
      16
      21
      15
      12
      11
       7
      15
      15
      14
      21
      16
      15
      15
      22
      13
      19
      14
      10
      14
      13
      18
      20
      21
      20
      12
      15
      19
      15
      12
      19
      15
      18
      15
      16
       8
      20
      12
      16
      18
      17
      15
      17
       9
      13
      14
      15
      18
      16
      12
      11
      15
      12
      16
      20
       7
      12
      11
       7
      13
       7
      13
       8
      18
      17
       7
      12
      13
      12
       4
      10
       9
      14
      12
       4
       9
       9
      12
       7
       9
       4
       9
       4
      12
       8
       8
       9
      10
       8
       6
       8
      11
       6
      10
       5
       6
       9
       8
       9
      10
       7
       9
       6
      11
       7
      12
      11
       6
      11
       4
       4
      14
       5
      11
       9
      10
       4
       6
       9
       3
      11
       8
       4
       9
       6
       6
       8
       4
      11
       6
       5
       5
       7
      11
       8
       6
       5
      10
       6
       4
      11
      11
       8
      16
       8
      16
      19
      14
      12
      17
      11
      15
      16
      25
      20
      19
      17
      27
      29
      35
      38
      34
      30
      30
      28
      49
      21
      43
      43
      34
      34
      34
      34
      40
      47
      34
      31
      30
      23
      41
      32
      27
      21
      33
      26
      19
      22
      23
      32
      19
      22
      14
      13
      20
      16
      13
      18
      18
      10
       8
      13
       9
      11
       7
       6
       7
       2
       9
       3
       5
       7
       3
       5
       3
       7
       5
       5
       7
       7
       4
       5
       9
       7
       2
       3
       4
       7
       3
       6
       8
       2
       3
       3
       3
       3
       4
       3
       7
       3
       8
       0
       9
       2
       5
       5
       3
       4
       7
       0
       3
       3
       2
       3
       8
       3
       4
       5
       1
       4
       4
       5
       3
       3
       5
       0
       4
       7
       0
       4
       4
       2
       8
       2
       8
       2
       3
       6
       6
       3
       3
       6
       7
       5
       5
       1
       5
       3
       6
       3
       3
       1
       6
       5
       3
       5
       2
       3
       5
       3
       2
       4
       6
       6
       6
       3
       4
       1
       7
       3
       5
       2
       3
       4
       5
       2
       2
       4
       3
       4
       5
       1
       2
       3
       2
       5
       4
       2
       4
       4
       2
       3
       4
       3
       5
       3
       7
       4
       7
       3
       3
       4
       6
       3
       3
       0
       2
       6
       4
       2
       4
       2
       2
       3
       4
       1
       3
       3
       6
       4
       5
       0
       3
       7
       3
       1
       6
       2
       1
       5
       3
       4
       3
       2
       5
       2
       2
       5
       4
       6
       2
       7
       2
       1
       4
       2
       0
       2
       5
       1
       5
       1
       5
       3
       3
       4
       3
       5
       5
       2
       0
       4
       3
       3
       0
       0
       4
       3
       4
       2
       5
       6
       1
       3
       5
       0
       3
       4
       4
       4
       2
       5
       2
       2
       2
       3
       3
       3
       5
       3
       2
       4
       3
       5
       7
       3
       5
       1
       5
       1
       4
       1
       5
       0
       3
       2
       1
       4
       2
       5
       3
       4
       3
       5
       3
       1
       4
       0
       1
       3
       5
       1
       2
       0
       4
       2
       5
       2
       2
       2
       3
       4
       2
       2
       0
       4
       3
       4
       0
       1
       3
       2
       3
       2
       4
       2
       2
       3
       1
       1
       2
       3
       2
       2
       3
       1
       3
       4
       4
       0
       1
       4
       4
       2
       4
       5
       5
       2
       3
       4
       1
       4
       1
       4
       4
       1
       6
       1
       3
       6
       2
       3
       3
       2
       1
       2
       0
       8
       3
       4
       0
       2
       1
       2
       1
       2
       4
       2
       5
       3
       3
       1
       1
       5
       3
       2
       6
       2
       3
       4
       4
       5
       1
       3
       4
       3
       4
       1
       4
       2
       1
       7
       2
       3
       1
       1
       2
       5
       2
       1
       1
       5
       0
       4
       2
       4
       5
       2
       9
       0
       3
       1
       1
       2
       0
       0
       0
       3
       3
       1
       4
       3
       2
       2
       3
       5
       0
       3
       3
       5
       4
       1
       2
       3
       5
       4
       3
       3
       1
       3
       3
       7
       2
       3
       4
       3
       1
       3
       8
       2
       7
       1
       2
       6
       2
       0
       3
       6
       2
       4
       3
       5
       4
       2
       6
       2
       6
       3
       2
       3
       4
       3
       4
       1
       5
       2
       6
       3
       2
       3
       3
       1
       3
       1
       1
       5
       2
       3
       2
       5
       1
       2
       3
       1
       1
       3
       2
       1
       1
       8
       3
       2
       3
       0
       1
       6
       2
       3
       2
       3
       4
       3
       1
       1
       3
       2
       2
       3
       3
       1
       2
       2
       5
       2
       4
       3
       2
       3
       4
       3
       4
       3
       6
       2
       1
       5
       3
       2
       1
       2
       1
       2
       4
       4
       4
       5
       1
       8
       5
       2
       3
       2
       2
       0
       2
       1
       2
       2
       3
       3
       3
       4
       0
       2
       2
       2
       2
       3
       2
       2
       1
       2
       3
       5
       1
       2
       5
       0
       1
       1
       2
       3
       3
       0
       2
       0
       1
       3
       4
       1
       3
       2
       3
       1
       3
       1
       2
       4
       4
       3
       4
       5
       1
       2
       2
       5
       2
       2
       2
       1
       1
       3
       3
       5
       3
       4
       0
       6
       3
       3
       5
       4
       0
       0
       5
       4
       5
       1
       1
       3
       1
       0
       2
       2
       5
       3
       2
       1
       4
       3
       5
       2
       3
       3
       3
       3
       0
       3
       4
       3
       1
       1
       2
       1
       2
       6
       4
       3
       0
       1
       3
       4
       1
       2
       3
       4
       6
       5
       3
       1
       2
       0
       3
       1
       1
       7
       2
       2
       4
       3
       4
       2
       2
       2
       0
       3
       3
       4
       1
       0
       6
       5
       4
       2
       3
       2
       0
       0
       3
       3
       5
       3
       6
       2
       1
       3
       3
       2
       2
       2
       5
       2
       1
       2
       7
       1
       0
       0
       2
       4
       4
       4
       4
       1
       1
       4
       8
       3
       2
       5
       2
       1
       3
       3
       1
       3
       7
       4
       3
       2
       5
       3
       0
       6
       4
       4
       1
       3
       8
       4
       3
       3
       2
       4
       1
       4
       1
       4
       0
       2
       0
       4
       1
       2
       3
       2
       0
       1
       3
       4
       3
       1
       2
       0
       3
       4
       1
       0
       2
       2
       2
       2
       3
       2
       4
       4
       5
       2
       4
       1
       5
       6
       2
       5
       3
       3
       3
       3
       2
       4
       2
       1
       2
       3
       4
       2
       3
       1
       1
       0
       2
       2
       2
       4
       4
       4
       1
       0
       3
       3
       4
       3
       2
       2
       1
       2
       1
       0
       4
       5
       3
       4
       3
       5
       2
       4
       5
       4
       1
       1
       3
       4
       1
       4
       2
       1
       5
       1
       3
       6
       1
       3
       3
       1
       4
       2
       2
       4
       5
       1
       2
       4
       2
       3
       1
       2
       8
       1
       2
       2
       5
       5
       2
       4
       3
       4
       3
       5
       1
       2
       3
       6
       4
       0
       1
       3
       4
       2
       3
       6
       3
       3
       3
       3
       4
       4
       3
       3
       1
       3
       2
       2
       4
       2
       4
       3
       3
       6
       5
       5
       4
       2
       3
       4
       3
       0
       2
       4
       4
       2
       3
       3
       6
       3
       7
       1
       3
       2
       5
       0
       2
       5
       1
       3
       3
       2
       4
       2
       4
       3
       4
       1
       0
       2
       3
       2
       1
       2
       3
       1
       4
       2
       1
       1
       2
       6
       0
       4
       1
       2
       5
       2
       4
       4
       4
       3
       2
       5
       2
       3
       5
       3
       4
       1
       7
       2
       1
       1
       2
       2
       6
       1
       2
       3
       4
       2
       5
       1
       4
       3
       1
       2
       4
       1
       2
       6
       2
       3
       3
       1
       5
       1
       1
       1
       4
       2
       4
       1
       2
       3
       2
       5
       2
      10
       1
       1
       2
       3
       0
       4
       2
       3
       2
       6
       4
       1
       2
       5
       2
       3
       4
       7
       5
       3
       0
       3
       2
       2
       2
       3
       3
       2
       3
       0
       4
       4
       3
       3
       3
       2
       4
       4
       3
       4
       1
       2
       2
       4
       2
       3
       4
       3
       3
       5
       3
       6
       1
       5
       2
       2
       2
       3
       3
       1
       5
       3
       3
       1
       5
       2
       7
       2
       2
       2
       3
       1
       4
       2
       2
       4
       2
       2
       3
       4
       3
       2
       3
       4
       6
       3
       2
       3
       3
       1
       3
       4
       3
       4
       7
       2
       2
       4
       4
       2
       8
       3
       4
       1
       2
       2
       4
       2
       2
       4
       4
       2
       4
       1
       3
       1
       7
       4
       2
       5
       1
       4
       6
       2
       6
       3
       2
       2
       1
       2
       4
       4
       0
       5
       3
       3
       2
       4
       5
       6
       5
       3
       0
       6
       5
       3
       7
       0
       4
       6
       0
       1
       1
       1
       4
       1
       2
       0
       3
       3
       3
       3
       5
       4
       0
       2
       3
       5
       8
       4
       1
       3
       3
       3
       6
       2
       2
       1
       1
       8
       4
       2
       2
       1
       2
       1
       1
       2
       3
       1
       0
       0
       0
       0
       0
       0
       0
       0
       0
       0
       0
       0
       0
       0
       0
       0
       0
       0
       0
       0
       0
       0
       0
       0
       0
       0
       0
       0
       0
       0
       0
       0
       0
       0
       0
       0
       0
       0
       0
       0
       0
       0
       0
       0
       0
       0
       0
       0
       0
       0
       0
       0
       0
       0
       0
       0
       0
       0
       0
       0
       0
       0
       0
       0
       0
       0
       0
       0
       0
       0
       0
       0
       0
       0
       0
       0
       0
       0
       0
       0
       0
       0
       0
$ROI:
1
712 830
$PRESETS:
None
0
0
$ENER_FIT:
-23.656767 2.297974
$MCA_CAL:
3
-2.365677E+001 2.297974E+000 2.836717E-005 keV
$SHAPE_CAL:
3
0.000000E+000 0.000000E+000 0.000000E+000
