$SPEC_ID:
No sample description was entered.
$SPEC_REM:
DET# 1
DETDESC# DESKTOP-I499GD2 Easy-MCA-2k SN 18191655
AP# Maestro Version 7.01
$DATE_MEA:
02/28/2024 18:38:56
$MEAS_TIM:
77 79
$DATA:
0 2047
       0
       0
       0
       0
       0
       4
       8
      27
     372
     262
     288
     300
     323
     374
     428
     483
     516
     534
     610
     561
     553
     476
     452
     464
     416
     410
     559
     647
     970
    1303
    1508
    1492
    1933
    2439
    2195
    1365
     799
     673
     697
     732
     809
     964
    1031
    1241
    1444
    1558
    1786
    2050
    2230
    2414
    2552
    2719
    2946
    3093
    3095
    3227
    3575
    3864
    4475
    5604
    7904
   11371
   16134
   21487
   24449
   23399
   19168
   13296
    8180
    4575
    2459
    1558
    1240
    1281
    1249
    1365
    1441
    1473
    1370
    1201
    1056
    1003
     889
     741
     751
     729
     671
     705
     688
     737
     759
     739
     710
     713
     664
     605
     562
     540
     512
     462
     445
     442
     432
     402
     416
     427
     393
     386
     367
     344
     372
     370
     338
     357
     344
     342
     316
     302
     341
     306
     276
     284
     314
     311
     283
     291
     289
     306
     324
     344
     371
     375
     396
     457
     459
     472
     462
     474
     484
     473
     442
     399
     338
     314
     278
     281
     244
     212
     198
     164
     170
     192
     176
     172
     180
     134
     163
     151
     160
     143
     159
     141
     139
     154
     143
     150
     139
     120
     137
     143
     144
     127
     141
     120
     127
     132
     126
     116
     128
     125
     115
     110
     107
     128
     120
     132
     123
     105
     125
     145
     131
     126
     136
     142
     128
     128
     135
     126
     139
     152
     124
     121
     116
     115
     113
     137
     139
     138
     131
     126
     143
     130
     147
     140
     152
     137
     179
     155
     182
     186
     183
     209
     197
     193
     173
     196
     201
     221
     236
     205
     204
     217
     187
     175
     175
     182
     162
     145
     144
     133
     112
     135
     112
      90
      90
      78
      97
      79
      88
      94
      91
      92
      94
     101
     111
      83
      92
      98
      86
      98
      93
      94
      89
      90
      99
      79
      91
      90
     101
      90
      67
      86
      78
      86
      78
      65
      72
      64
      65
      64
      56
      70
      64
      54
      61
      49
      64
      61
      56
      50
      54
      48
      47
      52
      55
      56
      53
      50
      51
      57
      41
      53
      58
      49
      57
      60
      42
      54
      43
      52
      45
      43
      39
      46
      37
      41
      39
      30
      42
      41
      49
      45
      47
      40
      39
      39
      38
      44
      43
      41
      44
      34
      43
      38
      42
      46
      40
      41
      45
      38
      44
      39
      37
      37
      35
      38
      54
      44
      58
      55
      72
      87
      83
      87
     107
     147
     160
     146
     175
     208
     204
     225
     248
     268
     305
     247
     337
     335
     344
     370
     326
     343
     325
     340
     338
     293
     283
     288
     239
     229
     199
     186
     172
     149
     120
     102
     114
      88
      82
      60
      55
      46
      39
      38
      29
      27
      25
      22
      13
      20
      19
      17
      16
      20
      23
      12
      15
      11
      17
      14
      23
      15
      15
       9
      11
      17
      24
      15
      20
      25
      34
      23
      27
      20
      31
      21
      37
      40
      59
      55
      45
      48
      66
      57
      73
      66
      72
      72
      84
      77
      67
      77
      76
      90
      65
      81
      75
      64
      77
      56
      49
      68
      55
      55
      45
      41
      40
      29
      27
      18
      24
      19
      33
      20
      21
      13
      29
      11
       5
      17
      15
      13
      11
      13
      13
      16
      13
      22
      18
      24
      13
      20
      18
      12
       9
      19
      17
      14
      16
      15
      25
      22
       9
      16
      24
      14
      19
      18
      14
      12
      11
      16
      11
      10
      14
      11
       8
       9
      10
       8
       8
       8
       4
       8
       5
       6
       9
       5
       5
       4
       7
      10
       5
       5
      10
       9
       8
       7
       9
       6
      12
       8
       9
       4
       8
       8
       9
       7
       4
       7
       6
      10
       6
       7
      13
      10
       7
       6
       7
       7
       8
       9
       7
      10
       7
       8
      12
       8
       9
       9
       8
       7
       5
       9
      12
       9
      10
       7
      11
       6
      13
      14
       5
      12
      12
      20
       9
       9
      13
      10
       5
       9
       7
      12
      13
      15
       7
      14
      16
      16
      10
      14
      11
      17
      13
      12
       9
      12
      12
      17
      11
      11
       9
       9
      14
      11
       9
      17
      16
       7
       7
      15
       6
       9
       9
       4
       9
       6
      10
       7
      10
      14
      11
       7
      10
       7
       8
       8
       4
      10
       8
       9
      12
       7
       6
       9
      20
       7
      12
       8
       8
      10
       4
      13
       9
       6
      10
       7
       6
       8
      10
       7
       6
       7
      11
       4
      10
       5
       7
       4
       4
       6
       7
       4
       3
       5
       7
       3
       6
       8
       4
       6
       2
       5
       7
       4
       4
       7
       5
       7
       5
       4
       5
       6
       1
       6
       4
       5
       4
       6
       3
       7
       3
       4
       3
       3
       7
       9
       1
       8
       6
       6
       9
       4
       1
       4
       5
       1
       5
       4
       4
       2
       2
       5
       3
       4
       3
       3
       6
       7
       6
       5
       3
       2
       5
       1
       4
       7
       6
       4
       4
       9
       3
       4
       9
       7
       8
       8
       7
       5
       6
       9
       5
       9
       5
       8
      12
       8
      13
       9
      15
       9
      12
      10
      20
       8
       9
      10
       9
      11
      11
      17
       6
       9
      11
       7
       6
       8
      10
       7
       9
       8
      15
       9
       7
       9
      10
      11
      13
       8
      11
       7
       5
       6
       9
       7
       5
       5
       4
       3
       3
       7
       3
       8
       4
       2
       4
       4
       6
       5
       4
       7
       3
       6
       5
       4
       2
       6
       3
       7
       3
       4
       1
       5
       0
       4
       4
       6
       7
       6
       7
       3
       8
       4
       3
       0
       2
       0
       4
       1
       4
       6
       3
       3
       5
       4
       0
       4
       2
       5
       2
       0
       4
       2
       3
       5
       4
       4
       2
       4
       2
       5
       2
       3
       4
       4
       1
       3
       3
       2
       3
       2
       2
       7
       6
       2
       6
       2
       2
       6
       2
       3
       1
       0
       1
       6
       4
       2
       2
       5
       6
       4
       5
       3
       6
       5
       4
       7
       3
       3
       5
       7
       0
       0
       1
       2
       4
       2
       4
       3
       3
       2
       5
       4
       3
       1
       1
       3
       3
       2
       4
       2
       4
       5
       5
       4
       4
       7
       4
       2
       2
       4
       3
       4
       5
       2
       6
       2
       3
       2
       4
       2
       4
       3
       6
       4
       4
       5
       7
       4
       5
       4
       6
       0
       1
       4
       9
       4
       3
       1
       1
       1
       2
       3
       2
       1
       4
       1
       6
       4
       3
       6
       5
       3
       1
       1
       3
       4
       4
       1
       2
       4
       7
       6
       5
       6
       4
       2
       5
       5
       3
       3
       4
       6
       4
       5
       3
       3
       3
       3
       4
       4
       5
       2
       3
       2
       5
       4
       4
       2
       4
       2
       1
       7
       2
       5
       5
       3
       2
       1
       4
       3
       6
       4
       4
       1
       5
       2
       2
       5
       1
       3
       2
       3
       1
       2
       5
       1
       5
       3
       1
       3
       4
       3
       1
       0
       6
       8
       5
       1
       2
       3
       3
       7
       2
       0
       2
       5
       3
       2
       6
       2
       2
       3
       7
       3
       1
       8
       1
       2
       1
       2
       2
       2
       5
       5
       3
       9
       1
       4
       3
       2
       3
       4
       3
       4
       3
       2
       3
       2
       6
       7
       3
       8
       1
       2
       3
       5
       7
       5
       1
       3
       3
       2
       2
       2
       1
       3
       5
       6
       2
       4
       2
       6
       4
       3
       3
       2
       3
       5
       1
       2
       6
       2
       1
       5
      10
       3
       1
       1
       5
       1
       2
       3
       2
       6
       2
       1
       3
       6
       2
       3
       2
       1
       5
       3
       3
       4
       2
       3
       2
       3
       5
       1
       3
       4
       5
       4
       3
       2
       6
       1
       2
       2
       1
       1
       5
       6
       0
       5
       3
       2
       2
       1
       3
       1
       3
       2
       1
       3
       3
       2
       5
       3
       3
       3
       2
       2
       1
       2
       3
       0
       2
       1
       0
       1
       3
       4
       1
       4
       2
       2
       0
       1
       4
       3
       2
       3
       3
       4
       6
       0
       3
       4
       6
       2
       3
       6
       2
       6
       2
       6
       4
       4
       1
       2
       3
       5
       4
       1
       2
       4
       2
       0
       2
       0
       6
       1
       2
       2
       3
       0
       2
       3
       3
       0
       1
       3
       3
       3
       4
       2
       3
       2
       5
       2
       7
       4
       3
       2
       6
       3
       5
       3
       3
       4
       3
       2
       2
       2
       1
       4
       5
       2
       4
       3
       8
       3
       1
       4
       9
       6
       3
       4
       3
       3
       6
       6
       2
       2
       9
       4
       1
       1
       2
       1
       3
       4
       5
       3
       4
       7
       0
       3
       3
       1
       5
       4
       1
       3
       3
       1
       3
       4
       2
       2
       5
       1
       4
       5
       3
       0
       1
       3
       5
       4
       3
       2
       1
       2
       3
       4
       1
       4
       5
       2
       6
       3
       3
       0
       2
       1
       5
       5
       0
       7
       3
       5
       2
       2
       1
       4
       5
       3
       3
       4
       3
       3
       3
       3
       3
       4
       4
       1
       2
       4
       4
       1
       8
       6
       1
       5
       1
       3
       5
       3
       2
       0
       1
       4
       1
       1
       5
       2
       5
       2
       3
       2
       2
       3
       3
       0
       2
       1
       1
       1
       3
       3
       2
       3
       4
       6
       4
       2
       6
       1
       6
       2
       8
       5
       4
       2
       2
       3
       5
       1
       1
       4
       4
       4
       6
       4
       5
       2
       5
       2
       3
       3
       2
       0
       3
       0
       6
       0
       5
       4
       1
       3
       5
       4
       0
       3
       5
       4
       2
       1
       3
       1
       0
       3
       2
       3
       0
       3
       4
       2
       1
       8
       2
       1
       5
       3
       4
       1
       6
       3
       5
       3
       0
       3
       1
       4
       2
       5
       4
       6
       1
       3
       1
       3
       3
       6
       4
       3
       7
       2
       2
       1
       2
       1
       5
       3
       3
       1
       4
       5
       3
       1
       2
       5
       6
       7
       1
       1
       5
       2
       1
       3
       1
       3
       1
       0
       3
       1
       3
       0
       3
       6
       2
       2
       2
       3
       3
       1
       3
       4
       2
       2
       1
       5
       2
       3
       1
       4
       3
       1
       1
       3
       2
       1
       3
       2
       4
       3
       2
       2
       2
       4
       2
       5
       2
       1
       1
       4
       2
       5
       4
       2
       2
       8
       3
       4
       3
       5
       3
       1
       2
       3
       1
       4
       3
       3
       0
       2
       4
       2
       0
       5
       1
       3
       1
       3
       1
       3
       5
       0
       5
       2
       4
       3
       2
       4
       3
       4
       2
       2
       4
       4
       1
       4
       5
       2
       5
       4
       3
       3
       0
       1
       1
       4
       0
       1
       2
       3
       0
       2
       6
       4
       4
       4
       3
       6
       2
       3
       2
       4
       5
       5
       4
       3
       3
       0
       4
       2
       5
       3
       4
       3
       2
       3
       5
       2
       7
       3
       3
       0
       3
       3
       3
       3
       0
       2
       2
       2
       3
       0
       4
       6
       2
       0
       4
       3
       2
       1
       5
       6
       1
       2
       5
       2
       2
       1
       3
       0
       5
       5
       3
       3
       1
       2
       5
       1
       6
       4
       1
       6
       5
       1
       6
       3
       0
       3
       2
       4
       0
       1
       3
       2
       4
       2
       3
       2
       2
       2
       1
       5
       3
       3
       4
       4
       8
       3
       1
       3
       3
       5
       1
       3
       2
       3
       3
       4
       4
       1
       1
       5
       3
       4
       2
       1
       2
       2
       2
       3
       4
       2
       2
       2
       0
       3
       3
       2
       3
       0
       2
       1
       2
       8
       5
       3
       2
       1
       2
       6
       6
       4
       4
       5
       6
       4
       3
       3
       3
       2
       6
       3
       5
       6
       3
       1
       3
       8
       5
       6
       6
       2
       4
       4
       7
       4
       2
       3
       4
       2
       3
       3
       1
       3
       2
       4
       3
       5
       5
       4
       4
       0
       4
       4
       2
       4
       3
       1
       3
       4
       2
       3
       1
       8
       2
       3
       3
       2
       6
       2
       2
       4
       1
       3
       2
       3
       5
       3
       5
       5
       3
       5
       5
       4
       4
       3
       1
       4
       2
       6
       4
       3
       2
       3
       3
       5
       5
       4
       4
       3
       7
       2
       2
       4
       3
       4
       2
       1
       3
       3
       5
       4
       2
       3
       7
       3
       5
       4
       3
       4
       4
       3
       2
       3
       5
       2
       2
       3
       2
       6
       3
       3
       4
       0
       2
       3
       1
       5
       3
       7
       7
       7
       1
       2
       2
       2
       9
       4
       3
       6
       3
       4
       1
       1
       4
       3
       5
       5
       4
       6
       3
       6
       6
       1
       3
       3
       4
       6
       8
       6
       4
       1
       5
       4
       9
       1
       5
       2
       2
       3
       4
       0
       2
       7
       1
       4
       2
       2
       3
       4
       3
       4
       3
       3
       4
       5
       8
       5
       2
       1
       2
       1
       1
       4
       3
       3
       3
       3
       3
       1
       5
       6
       2
       8
       4
       2
       4
       7
       4
       3
       1
       3
       1
       1
       5
       5
       9
       4
       4
       2
       0
       0
       0
       0
       0
       0
       0
       0
       0
       0
       0
       0
       0
       0
       0
       0
       0
       0
       0
       0
       0
       0
       0
       0
       0
       0
       0
       0
       0
       0
       0
       0
       0
       0
       0
       0
       0
       0
       0
       0
       0
       0
       0
       0
       0
       0
       0
       0
       0
       0
       0
       0
       0
       0
       0
       0
       0
       0
       0
       0
       0
       0
       0
       0
       0
       0
       0
       0
       0
       0
       0
       0
       0
       0
       0
       0
       0
       0
       0
       0
       0
       0
       0
       0
$ROI:
1
712 830
$PRESETS:
None
0
0
$ENER_FIT:
-23.656767 2.297974
$MCA_CAL:
3
-2.365677E+001 2.297974E+000 2.836717E-005 keV
$SHAPE_CAL:
3
0.000000E+000 0.000000E+000 0.000000E+000
