$SPEC_ID:
No sample description was entered.
$SPEC_REM:
DET# 1
DETDESC# DESKTOP-I499GD2 Easy-MCA-2k SN 18191655
AP# Maestro Version 7.01
$DATE_MEA:
02/28/2024 18:31:41
$MEAS_TIM:
101 103
$DATA:
0 2047
       0
       0
       0
       0
       0
       5
      10
      30
     523
     355
     431
     419
     463
     507
     575
     613
     639
     702
     853
     810
     692
     635
     648
     624
     592
     603
     692
     904
    1215
    1697
    1834
    1933
    2629
    3213
    2855
    1786
    1092
     880
     929
     969
    1132
    1201
    1454
    1652
    1911
    2157
    2365
    2621
    3000
    3133
    3407
    3548
    3970
    4001
    4219
    4245
    4647
    4969
    5997
    7599
   10115
   14587
   20593
   27760
   31252
   30017
   24565
   17136
   10378
    5933
    3393
    2150
    1639
    1641
    1701
    1766
    1754
    1859
    1814
    1656
    1513
    1335
    1229
    1143
    1054
    1024
     990
     940
     977
     999
     992
    1018
     994
    1003
     908
     869
     840
     767
     734
     697
     607
     687
     656
     585
     622
     581
     547
     597
     581
     565
     509
     539
     538
     509
     523
     518
     485
     457
     467
     483
     444
     454
     412
     430
     445
     444
     425
     465
     475
     509
     545
     580
     596
     626
     598
     674
     768
     720
     666
     703
     602
     561
     545
     456
     419
     391
     365
     328
     297
     295
     266
     254
     270
     272
     267
     286
     277
     264
     244
     240
     248
     256
     245
     249
     286
     248
     255
     229
     211
     240
     243
     243
     227
     225
     219
     203
     235
     220
     224
     206
     200
     213
     205
     216
     220
     210
     218
     213
     188
     188
     209
     184
     197
     208
     203
     213
     191
     220
     195
     209
     203
     214
     192
     203
     214
     206
     233
     210
     225
     225
     217
     220
     220
     227
     233
     209
     229
     246
     219
     293
     283
     291
     286
     319
     291
     359
     329
     319
     325
     305
     310
     319
     325
     296
     262
     271
     251
     238
     268
     212
     184
     181
     199
     168
     183
     153
     159
     185
     157
     153
     163
     140
     157
     180
     144
     134
     162
     151
     150
     139
     161
     150
     144
     134
     159
     180
     164
     172
     161
     149
     155
     148
     158
     136
     132
     139
     131
     126
     117
     108
     115
     111
      99
      97
      97
     105
     101
      81
     101
      91
      81
      78
      79
      95
      95
      99
      87
      95
      88
      91
      73
      79
      74
      73
      73
      86
      84
      85
      64
      84
      82
      73
      82
      67
      66
      61
      79
      74
      67
      77
      75
      71
      73
      80
      68
      67
      89
      70
      77
      61
      74
      67
      72
      68
      85
      69
      69
      64
      79
      80
      55
      75
      74
      75
      65
      86
      83
      98
     120
     124
     110
     150
     153
     194
     199
     215
     247
     277
     304
     375
     409
     428
     465
     476
     572
     556
     625
     602
     646
     649
     628
     599
     644
     632
     592
     590
     518
     492
     435
     421
     334
     350
     291
     318
     255
     216
     193
     159
     137
     103
     103
      80
      62
      48
      39
      48
      41
      35
      22
      35
      29
      29
      41
      21
      33
      19
      23
      23
      20
      15
      17
      29
      29
      24
      26
      29
      30
      29
      33
      24
      27
      36
      55
      36
      50
      62
      59
      72
      60
      71
      82
      90
     102
      95
     101
     117
     123
     109
     109
     131
     150
     123
     124
     135
     142
     122
     117
     101
     128
     129
     109
     118
      92
      86
      69
      75
      68
      49
      56
      51
      44
      40
      36
      34
      22
      28
      27
      25
      24
      27
      18
      21
      18
      18
      27
      15
      17
      23
      24
      23
      22
      24
      25
      12
      28
      27
      13
      25
      12
      26
      17
      28
      19
      24
      25
      19
      23
      17
      16
      19
      16
      15
       6
      10
      20
      14
      10
      12
      16
      13
      18
      15
       8
      15
      16
      11
      19
      12
      15
      11
      11
       9
      13
      12
      16
       6
      12
      11
      10
      12
      11
       7
       8
       6
      10
      14
       9
      14
      12
      11
      13
      17
      13
       9
      16
      14
      21
      11
       9
      14
      12
      18
      11
      13
       9
       9
      10
      13
       7
      12
      12
      11
       9
      16
       7
      18
       4
      15
      14
       6
      13
      14
      12
      15
       5
      13
      19
      18
      12
      11
      13
      16
      15
      14
      16
      16
      17
      22
      13
      16
      10
      11
      17
      14
      19
      15
      18
      13
      15
      16
      18
      16
      16
      15
      13
      13
      20
      12
      11
      14
      16
       9
      14
       9
       9
      10
      13
      11
      21
       7
       9
      13
       6
      11
      22
      15
      10
      16
      13
      14
      15
      20
      11
      13
      19
      16
       4
       8
      14
      15
      13
      11
      13
      13
      19
      11
       9
      13
      13
      11
      13
       5
       7
       8
       8
       8
       5
      11
       8
       5
      11
       7
      11
       5
       9
       5
       4
       8
      12
       8
       8
       2
       5
      13
       1
       5
       2
       8
       8
       7
       4
       4
       6
       3
       8
      13
       9
      11
       6
       6
       8
       6
       5
       2
       8
       7
       5
       6
       8
      11
      11
       6
       6
       4
       8
       5
       5
       4
       7
       7
       7
       3
       7
       5
       4
      11
       8
      10
       7
       5
       4
       6
       2
       6
       6
       4
       6
       6
       7
       6
       5
      11
      10
       8
      10
       9
      13
       6
      14
       8
       7
      11
      10
      12
      14
      12
      15
      12
      21
       8
      14
      15
      25
      16
      18
       9
      17
      19
      16
      22
      12
      15
      22
      16
      16
      15
      20
      15
      14
      20
      12
      13
      16
      11
      19
      14
      22
      13
      11
      12
      12
      14
       9
       9
       8
       8
      10
       9
       8
       7
       2
       8
       2
       8
       3
       6
      11
       6
       2
       3
       8
       7
       8
       1
       8
       4
       4
       4
       2
       5
       2
       8
       2
       4
       7
       3
       4
       6
       3
       8
       4
       3
       8
       7
       9
       4
      10
       4
       3
       3
       7
       8
       2
       4
       6
       3
       4
       5
       4
       6
       7
       2
       8
       3
       3
       6
       7
       5
       8
       3
       2
       4
       9
       3
       1
       4
       6
       8
       6
       5
       6
       1
       4
       5
       4
       5
       6
       6
       5
       6
       4
       5
       5
       8
       4
       4
       3
       4
       1
       2
       4
       3
       3
       3
       2
       5
       1
       4
       3
       4
       3
       7
       1
       2
       5
       4
       6
       4
       3
       1
       7
       1
       6
       7
       4
       5
       1
       5
       6
       8
       6
       4
       6
       3
       4
       3
       3
       3
       3
       4
       5
      10
       4
       5
       5
       7
       6
       6
       4
       7
       5
       4
       4
       3
       8
       2
       5
       5
       4
       2
       3
       3
       5
       5
       5
       3
       4
       2
      10
       3
       2
       4
       4
       3
       6
       2
       7
       4
       4
       2
       5
       3
       2
       4
       7
       3
       3
       4
       3
       6
       4
       4
       0
       5
       1
       4
       3
       4
       7
       9
       6
      10
       5
       4
       3
       3
       5
       3
       6
       6
       5
       4
       6
       6
       7
       9
       7
       2
       4
      10
       7
       4
       5
       7
       4
       8
       6
       5
       5
       7
       3
       5
       4
       1
       3
       6
       7
       5
       4
       5
       3
       2
       7
       2
       4
       8
       6
       4
       3
       4
       4
       3
       9
       5
       1
       4
       2
       2
       7
       4
       3
       2
       5
       4
       5
       3
       2
       5
       3
       6
       4
       3
       5
       3
       5
       2
       6
       4
       3
       3
       5
       2
       8
       4
       4
       2
       3
       7
       6
       5
       5
       3
       4
       4
      11
       9
       4
       8
       0
       4
       6
       9
       6
       5
       3
       2
       4
       6
       5
       2
       8
       3
       6
       4
       2
       5
      10
       3
       2
       3
       3
       6
       5
       2
       6
       2
       4
       9
       4
       2
       7
       6
       2
       5
       1
      10
       3
       5
       7
       3
       3
       1
       4
       4
       4
       5
       6
       3
       2
       1
       3
       4
       5
       3
       4
       1
       3
       5
       4
       4
       3
       5
       2
       3
       5
       3
       4
       3
       3
       5
       6
       5
       6
       5
       3
       3
       6
      10
       6
       1
       3
       1
       4
       6
       6
       3
       1
       5
       4
       3
       3
       1
       7
       3
       2
       4
       5
       7
       8
       7
       2
       4
       4
       3
       3
       3
       0
       6
       2
       4
       6
       3
       3
       4
       1
       4
       2
       1
       8
       5
       5
       1
       4
       3
       2
       2
       2
       4
       6
       5
       6
       5
       2
       1
       3
       6
       4
       9
       2
       4
       2
       4
       6
       7
       4
       3
       4
       3
       4
       3
       3
       1
       6
       6
       3
       2
       9
       5
       3
       2
       4
       1
       4
       4
       5
       4
       5
       4
       4
       2
       6
       2
       6
       3
       1
       4
       5
       5
       1
       3
       2
       3
       6
       2
       4
       8
       4
       6
       5
       5
       5
       6
       3
       4
       2
       3
       3
       4
       9
       6
       7
       4
       4
       5
       3
       3
       9
       3
       4
       7
       6
       4
       6
       4
       7
       2
       5
       7
       8
       4
       0
       2
       5
       3
       0
       2
       2
       5
       4
       4
       3
       5
       4
       3
       6
       2
       4
       3
       3
       2
       3
       5
       4
       3
       5
       3
       7
       5
       4
       6
       6
       2
       3
       4
       2
       3
       7
       4
       2
       1
       9
       3
       6
       3
       1
       5
       1
       2
       1
       5
       2
       5
       1
       1
       6
       2
       3
       2
       5
       7
       2
       4
       3
       4
       2
       5
       5
       6
       2
       5
       3
       7
       4
       3
       7
       4
       2
       5
       2
       2
       4
       2
       0
       5
       6
       2
       2
       6
       4
       2
       3
       7
       5
       5
       4
       1
       1
       5
       2
       6
       4
       5
       4
      10
       2
       8
       6
       4
       3
       2
       5
       5
       6
       3
       3
       4
       2
       4
       4
       4
       3
       3
       4
       5
       3
       6
       2
       4
       7
       3
       6
       4
       3
       8
       0
       3
       1
       3
       6
       1
       5
       5
       4
       1
       4
       1
       3
       5
       4
       6
       5
       6
       4
       2
       2
       5
       5
       3
       4
       5
       5
       4
       4
       2
       2
       7
       6
       5
       4
       8
       6
       4
       6
       2
       1
       5
       4
       8
       2
       6
       3
       2
       1
       4
       3
       8
       1
       4
       6
       4
       6
       3
       4
       2
       4
       2
       3
       4
       3
       7
       5
       7
       1
       1
       4
       0
       2
       2
       3
       6
       4
       0
       8
       5
       7
       6
       5
       2
       3
       2
       3
       2
       2
       4
       8
       3
       1
       3
       6
       3
       6
       5
       2
       2
       1
       6
       7
       2
       8
       4
       2
       2
       3
       2
       4
       3
       6
       3
       4
       5
       5
       4
       6
       2
       4
       3
       5
       1
       4
       6
       0
       5
       5
       6
       2
       3
       2
       2
       5
       8
       4
       5
       7
       3
       5
       2
       3
       6
       0
       4
       4
       4
       7
       6
       3
       4
       3
       3
       5
       2
       9
       6
       4
       7
       4
       2
       1
       1
       5
       3
       3
       5
       2
       9
       3
       5
       3
       1
       6
       4
       3
       8
       4
       4
       2
       5
       4
       5
       3
       5
       5
       5
       3
       5
       3
       4
       4
       5
       7
       3
       3
       1
       3
       8
       5
       6
       4
       4
       6
       4
       2
       4
       2
       1
       1
       4
       3
       5
       1
       4
       3
       4
       3
       2
       3
       5
       0
       4
       5
       3
       6
       5
       9
       3
       0
       3
       4
       5
       2
       3
       5
       2
       5
       7
       4
       3
       0
       3
       5
       2
       4
       1
       4
       5
       3
       3
       6
       3
       3
       2
       3
       5
       3
       3
       3
       7
       1
       5
       9
       3
       5
       7
       4
       4
       1
       5
       7
       2
       4
       5
       0
       4
      11
       7
       0
       5
       1
       7
       2
       2
       3
       6
      10
       5
       1
       6
       4
       3
       2
       3
       4
       3
       3
       8
       1
       3
       2
       5
       3
       2
       0
       4
       9
       4
       4
       7
       5
       3
       5
       4
       7
       2
       7
       3
       4
       6
       2
       2
       2
       7
       8
       3
       3
       5
       2
       2
       5
       3
       6
       1
       3
       6
       3
       1
       9
       6
       3
       4
       3
       4
       3
       4
       8
       6
       1
       3
       5
       8
       5
      10
       3
       2
       8
      10
       3
       1
       4
       4
       6
       2
       6
       2
       5
       5
       1
       4
       4
       3
       5
       5
       7
       3
       8
       2
       5
       3
       7
       8
       4
       2
       2
       4
       3
       5
      10
       2
       4
       4
       0
       1
       9
       1
       3
       3
       5
       3
       4
       2
       3
       1
       6
       7
       4
       6
       6
       6
       3
       4
       4
       3
       3
       3
       5
       4
       4
       4
       5
       1
       1
       5
       4
       3
       7
       6
       3
       6
       4
       4
       5
       4
       6
       3
       4
       7
       3
       5
       5
       2
       6
       7
       8
       6
       5
       2
       6
       2
       2
       5
       3
       6
       2
       6
       2
       6
      10
       3
       8
       1
       4
       5
       2
       6
       5
       5
      11
       2
       4
       3
       4
       8
       6
       3
       4
       1
       4
       5
       8
       3
       8
      10
       7
       2
       3
       6
       4
       7
       2
       3
       4
       1
       7
       7
       5
       6
       6
       6
       3
       7
      10
       7
       9
       6
       8
       3
       6
       5
       3
       6
       5
       4
       8
       2
       6
       7
       2
       4
       2
       4
       3
       5
       3
       4
       4
       3
       0
       0
       0
       0
       0
       0
       0
       0
       0
       0
       0
       0
       0
       0
       0
       0
       0
       0
       0
       0
       0
       0
       0
       0
       0
       0
       0
       0
       0
       0
       0
       0
       0
       0
       0
       0
       0
       0
       0
       0
       0
       0
       0
       0
       0
       0
       0
       0
       0
       0
       0
       0
       0
       0
       0
       0
       0
       0
       0
       0
       0
       0
       0
       0
       0
       0
       0
       0
       0
       0
       0
       0
       0
       0
       0
       0
       0
       0
       0
       0
       0
       0
       0
       0
$ROI:
1
712 830
$PRESETS:
None
0
0
$ENER_FIT:
-23.656767 2.297974
$MCA_CAL:
3
-2.365677E+001 2.297974E+000 2.836717E-005 keV
$SHAPE_CAL:
3
0.000000E+000 0.000000E+000 0.000000E+000
