$SPEC_ID:
No sample description was entered.
$SPEC_REM:
DET# 1
DETDESC# DESKTOP-I499GD2 Easy-MCA-2k SN 18191655
AP# Maestro Version 7.01
$DATE_MEA:
02/29/2024 10:18:38
$MEAS_TIM:
28 28
$DATA:
0 2047
       0
       0
       0
       0
       1
       1
       3
      14
     527
      74
      76
      79
      93
      80
      85
      87
      88
      79
      95
     113
      96
      81
      90
      90
      73
      87
     115
      93
     115
     117
     105
     107
     129
     125
     145
     113
     118
     115
     126
     137
     113
     123
     145
     156
     151
     142
     150
     171
     188
     199
     195
     195
     178
     202
     211
     203
     202
     214
     185
     209
     219
     263
     340
     331
     376
     386
     330
     348
     261
     255
     232
     220
     201
     182
     183
     175
     200
     196
     200
     203
     197
     225
     179
     201
     209
     193
     161
     167
     211
     185
     194
     181
     181
     164
     172
     166
     177
     184
     169
     182
     182
     190
     157
     162
     169
     174
     188
     199
     183
     155
     175
     175
     174
     158
     171
     143
     203
     158
     152
     142
     160
     143
     142
     170
     154
     152
     133
     129
     162
     154
     125
     143
     136
     112
     124
     140
     133
     137
     140
     144
     125
     132
     128
     130
     138
     122
     120
     118
     111
     104
     107
     105
     119
     100
     134
     114
     115
     105
     109
      97
     112
     105
     109
      79
      91
     102
      98
      83
     113
      92
     103
      96
     103
     102
      90
      95
     101
     103
      82
     108
      92
      90
     100
     100
      92
      90
      98
      90
      96
      93
      76
      77
      81
     108
      80
      79
      79
      95
      79
      97
      83
      72
      90
      87
      84
      81
      95
      83
      85
      74
      93
      88
      76
     103
      89
      93
      87
     113
     132
     140
     150
     152
     171
     179
     177
     150
     225
     190
     216
     184
     210
     195
     215
     186
     174
     180
     172
     135
     135
     138
     117
     109
      92
      86
      79
      63
      69
      72
      49
      57
      78
      63
      58
      64
      54
      51
      61
      49
      68
      56
      54
      62
      55
      59
      38
      72
      53
      62
      45
      60
      68
      62
      65
      42
      51
      57
      53
      49
      51
      55
      54
      57
      57
      46
      53
      51
      50
      54
      48
      55
      52
      67
      40
      52
      64
      49
      47
      52
      49
      57
      62
      54
      45
      48
      36
      53
      52
      47
      59
      50
      62
      43
      35
      42
      48
      50
      67
      55
      56
      46
      47
      59
      48
      46
      36
      55
      44
      46
      47
      52
      54
      55
      49
      45
      56
      43
      34
      56
      42
      43
      42
      56
      39
      55
      48
      50
      40
      40
      53
      41
      33
      43
      48
      53
      39
      47
      49
      35
      51
      50
      50
      44
      42
      39
      41
      34
      32
      47
      42
      50
      37
      39
      40
      32
      41
      43
      36
      42
      37
      33
      31
      43
      42
      33
      36
      48
      41
      42
      37
      46
      45
      41
      46
      35
      43
      34
      37
      40
      37
      41
      40
      40
      51
      34
      35
      42
      38
      44
      31
      41
      37
      34
      34
      36
      40
      38
      32
      33
      38
      51
      38
      30
      32
      35
      45
      43
      37
      46
      38
      41
      32
      36
      42
      29
      40
      34
      37
      40
      35
      41
      42
      35
      33
      32
      36
      32
      36
      36
      37
      48
      39
      42
      33
      33
      32
      35
      28
      33
      32
      30
      49
      37
      34
      45
      36
      39
      41
      21
      27
      38
      45
      32
      32
      34
      34
      26
      33
      37
      39
      41
      29
      35
      50
      39
      35
      23
      50
      47
      35
      41
      41
      35
      44
      34
      42
      36
      40
      27
      33
      33
      40
      39
      34
      38
      47
      39
      37
      45
      36
      41
      42
      35
      40
      33
      43
      27
      37
      38
      41
      26
      34
      46
      37
      27
      38
      45
      45
      30
      37
      40
      32
      24
      34
      40
      46
      36
      56
      53
      31
      51
      48
      39
      39
      40
      43
      37
      41
      32
      38
      44
      37
      50
      48
      44
      39
      44
      49
      42
      46
      47
      39
      51
      31
      42
      50
      41
      43
      46
      37
      43
      40
      54
      37
      50
      29
      44
      46
      44
      48
      45
      48
      38
      40
      35
      41
      43
      48
      42
      45
      45
      37
      35
      33
      54
      33
      43
      43
      35
      44
      35
      48
      41
      48
      40
      43
      48
      40
      38
      27
      41
      31
      39
      26
      51
      42
      41
      43
      40
      44
      49
      42
      41
      40
      40
      42
      45
      38
      50
      40
      48
      43
      46
      47
      44
      38
      47
      33
      40
      60
      46
      47
      41
      46
      42
      48
      40
      48
      48
      45
      58
      47
      42
      37
      46
      41
      35
      35
      36
      40
      26
      38
      27
      39
      34
      40
      33
      26
      23
      36
      28
      27
      37
      22
      20
      24
      34
      23
      27
      20
      29
      24
      27
      22
      19
      21
      21
      33
      27
      23
      29
      20
      16
      22
      23
      19
      12
      24
      19
      21
      25
      15
      15
      18
      23
      16
      16
      22
      17
      19
      12
      16
      21
      26
      16
      22
      19
      18
      22
      24
      16
      19
      21
      14
      16
      23
      23
      27
      18
      24
      30
      32
      35
      29
      39
      28
      26
      40
      40
      27
      44
      42
      57
      62
      55
      54
      60
      76
      95
      71
      85
     111
     100
     111
      92
     127
     117
     114
     147
     128
     133
     126
     150
     112
     157
     135
     134
     133
     142
     147
     131
     135
     126
     134
     130
     125
     134
      98
      88
     107
      95
      88
      81
      81
      74
      75
      47
      69
      53
      42
      38
      45
      38
      44
      30
      39
      24
      31
      22
      15
      17
      19
      15
      16
      15
      13
      12
      26
      13
       7
      10
       9
      16
       8
       8
       8
      10
      10
      11
      13
       7
      13
       7
      10
      10
       6
      14
      15
       8
      16
      18
      12
      13
       6
      12
      12
      17
      16
      13
      13
      12
      13
       1
      10
      18
      14
      14
      13
      14
       7
      10
       8
      10
      14
       8
       9
      12
      12
      20
      10
      13
      10
       9
      10
      10
       9
      11
       7
      13
      14
       7
      14
       8
       8
      12
      16
       7
       8
       7
       7
      16
      17
       8
      10
      17
       9
      19
      11
      11
      11
       9
       8
      13
       9
       8
       6
      12
       8
      11
      11
      10
       5
      11
       7
       9
       4
      18
      11
       9
      10
      14
       7
       9
       8
      13
       6
       6
      10
      11
      12
       7
       6
       8
      13
      15
       9
       8
      11
       7
       8
       9
      15
       8
       5
       6
       8
       9
       8
       5
       9
      19
       8
       9
      11
      11
      11
       9
      11
      17
       9
       7
       7
      10
       9
       9
       7
       7
      10
      12
       7
       8
       7
      14
      10
       8
       9
      13
      10
      10
       8
      11
      12
      10
      13
       8
       9
      13
       8
      13
      11
      13
      10
       6
      13
      15
      13
      10
      14
      14
       9
       9
      21
      11
      10
      13
      16
       4
      10
      14
       6
      21
      12
       7
      10
      14
      12
      15
      11
       9
       6
      15
       9
       9
      11
      14
      12
      14
      18
      14
       6
      13
       6
       4
       6
       9
       7
      10
      13
       7
       7
       8
       5
       9
       6
      16
       8
      11
       4
       9
      10
       9
      12
       7
      13
       6
       2
      14
       8
      13
       8
       6
       5
      12
      15
      10
       6
       8
       3
      13
       9
       8
       6
       6
       9
       4
       5
       6
       5
      10
       7
      15
      12
       8
       6
       7
       7
      12
      11
       9
       8
      10
       1
       5
       9
      11
       9
       6
       6
      10
       6
       7
      10
       9
       7
       8
       3
       9
       5
       9
       6
       5
      11
       7
       9
       8
      11
       9
       6
      11
      11
      12
       5
       9
       9
       9
       5
       9
      10
       4
       8
      12
       8
       9
       8
       6
       8
       7
       2
      12
       3
       4
      10
       9
       5
      12
       5
       6
       3
      11
       6
       9
       9
       6
       5
       8
      10
       5
       8
       6
      11
       8
       8
       7
       7
       6
       6
      11
       5
       4
       8
      11
       8
       9
       9
       8
       8
       3
       6
       7
       7
      10
       7
       9
       7
      14
       8
       5
       7
      10
      12
      11
      10
       5
      13
      14
       7
       8
      13
       8
      11
      12
       9
      12
       9
      10
       8
       7
      10
      17
       9
       9
      11
      19
      12
       6
      15
      10
       7
      10
       9
      16
      11
      13
      14
       8
      14
      11
       8
       7
       7
       9
       8
      12
      10
      11
       7
      10
      10
       8
      12
       6
      14
      13
       5
       8
       8
       7
      11
       9
      13
       9
       5
       6
       7
      10
       8
       8
       5
       9
       2
       7
       7
       7
       3
      10
       9
       7
       6
      19
       8
       7
       7
       7
       5
      10
      10
       6
       4
       3
       4
       4
       8
       3
       9
       9
      11
      10
       9
      10
       8
      11
       5
       6
       8
       7
       6
       7
       5
       8
       8
       7
       7
       8
      12
       6
      13
       4
       9
       6
      11
       5
       5
       7
       8
       8
      13
      11
       7
       8
      10
      14
       6
       7
       7
       8
       7
      11
       5
       5
       5
      10
       8
       4
       8
       4
       5
       6
      11
       4
       7
       8
       4
       5
       6
       8
       8
       8
      11
       9
       9
       5
       8
       7
       5
       7
       5
       6
      10
       8
      10
       3
       8
      10
       4
      10
       9
      10
       5
       5
       9
      11
       7
      13
       6
      12
      14
       9
       2
       4
       8
       2
       7
       3
       9
      11
       8
       6
       6
       5
       4
       9
      10
       5
       6
       9
       4
       6
      10
       7
       2
       3
       7
       9
       4
       8
       9
       5
       6
       8
       7
      12
       6
       9
       8
       7
       4
       6
       5
       6
       5
       5
       7
       7
       7
      11
      11
      10
      11
       8
       4
       9
       3
       8
       9
       8
       3
       7
       5
       8
       2
      11
       5
       6
      12
       9
       6
      10
      10
      12
      11
       6
       9
       6
      10
       9
      11
       9
       8
       6
       8
       6
       8
      10
       8
       7
       9
       7
       9
      13
       8
      12
      10
       9
       5
       3
      10
       9
       6
       3
       3
       9
       6
       9
       6
       6
       7
       4
      10
       7
       6
       6
       7
       7
       6
       4
       5
       5
       2
       6
      14
       8
       6
      12
      10
       4
      10
      16
       7
       5
       6
       4
       5
      11
       8
       6
      15
       9
       4
      10
      11
       7
       9
      12
       9
      12
       8
       3
       7
       4
      11
       8
      12
       6
       3
       6
       8
       7
       7
       4
      15
      10
       8
       5
      10
       4
       7
       7
       9
      12
       8
      10
       7
       5
      17
       7
       8
       8
       6
       8
      11
       7
       8
      10
      11
       7
       5
      11
       5
      14
       2
      11
       9
      12
       8
       7
      12
       6
       4
      11
      11
       7
       7
      10
       8
       9
      12
      10
      13
      13
       8
      11
       9
      13
       7
      12
       8
      10
       8
       6
       9
       4
       6
       9
      10
       9
      10
       7
      12
       5
       9
       6
       7
      15
       6
       8
      12
      14
      13
       4
       7
       5
       8
       9
      11
       6
       5
       9
       6
       7
       9
       7
       8
       9
      11
       6
       8
       6
       5
      15
      13
       7
      12
       9
       3
       9
       5
       9
       3
       5
       9
       6
       9
       3
       9
       6
       9
      10
       8
      10
      12
      10
       8
       6
       8
       5
      12
      12
       6
       7
      10
       8
       7
       5
      14
       8
       9
       5
       9
      13
       9
      12
       7
       8
      10
      12
      10
      11
       8
      10
       6
      12
      10
       9
      10
       8
      12
       8
      13
      12
      14
       9
      15
       8
       5
      13
       6
       9
       8
       8
      17
       9
      15
       8
       7
      13
      10
       5
       9
       7
       6
       6
       8
       6
       7
       8
       6
      12
      12
       7
      13
       5
       9
       8
      10
       8
      15
       9
      11
       6
      10
      10
      12
      12
       6
       7
       6
      11
      11
       5
       9
      13
       8
      11
       8
       9
      12
       5
      13
      10
       7
      10
      14
       8
      14
      12
      11
      12
       7
       2
      12
      12
      13
      10
       9
       9
      10
      11
      13
       9
      12
      14
      11
       8
      10
      13
      13
      11
       9
       8
       8
       8
      10
       5
       8
       4
      15
      14
       8
       9
       4
       3
      19
       7
      14
       7
      21
      11
      10
      10
       6
       8
      11
      11
      14
      18
       8
       3
       8
      12
      13
       5
       5
      13
      10
      10
       8
       8
       5
       5
       6
       7
       9
       6
       6
      12
      10
      15
       4
      13
       7
       7
       9
       8
       6
      10
      12
       7
       9
       1
       6
      14
      15
      11
       5
      11
       8
      11
       6
       8
       5
       7
       6
       6
       7
      15
       4
       9
      13
      11
      13
       9
       6
      12
       6
       7
       3
      12
       9
      11
       8
      10
      11
       6
      16
      11
       6
       9
      12
       7
      10
       5
      13
       3
       7
      10
       5
      12
       5
      10
       4
       9
      10
       7
       3
       8
       9
      10
       6
      13
       7
      13
       7
       8
      11
       8
      10
       4
      11
       3
       6
      10
       9
       7
      12
       9
       3
       8
      12
      11
       7
      10
      12
      16
       9
       7
       6
      10
       9
       6
       9
      10
      15
       9
      16
       7
       6
       8
       4
       6
       9
       4
       5
       7
      12
      10
      11
      10
       3
       6
       5
       7
      10
       9
       6
       8
       7
       4
       7
       7
       7
       1
      10
      13
       6
       7
       0
       0
       0
       0
       0
       0
       0
       0
       0
       0
       0
       0
       0
       0
       0
       0
       0
       0
       0
       0
       0
       0
       0
       0
       0
       0
       0
       0
       0
       0
       0
       0
       0
       0
       0
       0
       0
       0
       0
       0
       0
       0
       0
       0
       0
       0
       0
       0
       0
       0
       0
       0
       0
       0
       0
       0
       0
       0
       0
       0
       0
       0
       0
       0
       0
       0
       0
       0
       0
       0
       0
       0
       0
       0
       0
       0
       0
       0
       0
       0
       0
       0
       0
       0
$ROI:
1
712 830
$PRESETS:
None
0
0
$ENER_FIT:
-23.656767 2.297974
$MCA_CAL:
3
-2.365677E+001 2.297974E+000 2.836717E-005 keV
$SHAPE_CAL:
3
0.000000E+000 0.000000E+000 0.000000E+000
