$SPEC_ID:
No sample description was entered.
$SPEC_REM:
DET# 1
DETDESC# DESKTOP-I499GD2 Easy-MCA-2k SN 18191655
AP# Maestro Version 7.01
$DATE_MEA:
02/29/2024 10:16:10
$MEAS_TIM:
25 25
$DATA:
0 2047
       0
       0
       0
       1
       2
       2
      12
      10
     489
      76
      91
      68
      67
      60
      89
      74
      87
      90
      82
      88
      93
      99
      84
      82
      74
      85
      80
      81
     110
      91
     101
     103
     137
     113
     108
     109
     118
     113
     107
     104
     126
     109
     133
     126
     123
     151
     175
     138
     158
     164
     198
     169
     164
     179
     195
     182
     192
     207
     198
     218
     218
     256
     292
     297
     355
     367
     357
     326
     249
     245
     204
     192
     190
     191
     175
     185
     184
     172
     221
     201
     184
     198
     205
     159
     183
     186
     206
     154
     206
     178
     160
     170
     176
     199
     159
     193
     179
     177
     151
     181
     174
     162
     178
     164
     165
     141
     159
     183
     159
     169
     184
     151
     169
     164
     175
     152
     139
     144
     153
     170
     133
     145
     144
     132
     132
     123
     153
     124
     141
     136
     140
     112
     131
     136
     130
     125
     138
     130
     114
     115
     152
     147
     126
     103
     133
     117
     117
     115
     116
     113
     114
     114
     122
     113
      83
     105
     105
      82
     104
      93
     101
      91
     104
      92
     100
      89
      94
     106
      96
     103
     106
      93
      99
     103
      97
      87
      85
      88
      86
      80
     101
      92
      78
      65
      86
      98
      74
      86
      85
      65
      71
      59
      73
      79
      81
      81
      75
      80
      79
      72
      75
      83
      75
      60
      60
      79
      68
      84
      96
      69
      69
      87
      84
      63
      81
     119
      95
     109
     107
     109
     141
     141
     147
     174
     185
     164
     203
     188
     178
     181
     172
     187
     170
     184
     154
     183
     144
     142
     123
     111
     104
     113
      82
      72
      58
      59
      64
      68
      71
      62
      58
      44
      51
      51
      53
      42
      55
      59
      33
      53
      63
      69
      54
      50
      45
      43
      54
      46
      56
      41
      54
      52
      53
      45
      50
      36
      66
      49
      51
      57
      51
      52
      48
      37
      49
      39
      43
      44
      40
      37
      55
      59
      40
      44
      47
      51
      42
      40
      41
      43
      47
      46
      45
      53
      40
      46
      43
      55
      53
      50
      57
      46
      56
      45
      45
      48
      50
      41
      52
      43
      52
      46
      43
      48
      46
      49
      36
      39
      52
      45
      42
      36
      43
      51
      38
      39
      43
      49
      42
      39
      46
      40
      48
      38
      42
      44
      36
      39
      52
      36
      37
      44
      34
      49
      36
      33
      34
      47
      42
      36
      39
      39
      39
      41
      33
      56
      45
      40
      35
      34
      44
      39
      33
      48
      48
      45
      42
      42
      36
      37
      48
      33
      32
      37
      42
      39
      31
      38
      29
      44
      37
      29
      26
      29
      36
      41
      36
      34
      33
      21
      42
      43
      44
      37
      34
      41
      30
      36
      41
      35
      23
      35
      27
      33
      37
      33
      28
      36
      29
      37
      30
      36
      47
      39
      42
      37
      48
      32
      34
      36
      34
      37
      39
      36
      39
      35
      23
      39
      32
      38
      47
      25
      29
      37
      33
      29
      38
      33
      34
      38
      32
      40
      41
      33
      29
      39
      43
      26
      37
      50
      34
      25
      36
      32
      36
      38
      35
      36
      30
      41
      35
      33
      30
      34
      38
      43
      27
      36
      35
      35
      33
      29
      37
      38
      28
      38
      37
      36
      36
      39
      38
      40
      31
      31
      26
      42
      42
      41
      37
      32
      44
      35
      32
      41
      24
      42
      37
      34
      29
      41
      41
      22
      37
      25
      36
      34
      34
      34
      39
      34
      35
      28
      30
      41
      32
      29
      29
      30
      31
      35
      37
      28
      32
      33
      38
      38
      44
      43
      32
      34
      39
      39
      36
      35
      45
      35
      36
      47
      43
      35
      44
      48
      41
      38
      51
      41
      54
      33
      50
      38
      50
      52
      45
      35
      42
      41
      45
      35
      37
      35
      37
      33
      36
      35
      39
      31
      39
      37
      40
      34
      45
      35
      30
      29
      34
      35
      47
      45
      47
      39
      47
      34
      32
      46
      34
      46
      37
      41
      35
      47
      39
      37
      44
      40
      39
      35
      32
      41
      33
      30
      38
      34
      46
      38
      38
      45
      34
      34
      48
      49
      32
      36
      49
      51
      42
      33
      39
      36
      39
      40
      41
      50
      33
      40
      41
      51
      49
      44
      54
      41
      30
      47
      42
      65
      44
      46
      50
      33
      40
      37
      51
      40
      33
      33
      35
      30
      40
      33
      31
      40
      42
      32
      29
      38
      33
      29
      38
      26
      25
      32
      24
      23
      25
      23
      29
      35
      15
      24
      23
      15
      24
      29
      24
      20
      21
      22
      18
      19
      25
      23
      18
      23
      19
      17
      15
      17
      17
      13
      19
      18
      21
      19
      17
      13
      14
      19
      12
      12
      17
      14
      13
      19
      19
      18
      17
      13
      24
      16
      20
      13
      11
      11
      19
      11
      17
      19
      21
      18
      27
      21
      28
      18
      35
      25
      32
      38
      41
      39
      43
      51
      38
      52
      52
      61
      50
      72
      66
      71
      78
      77
      99
      86
     101
      94
     100
     115
     105
     123
     123
     130
     137
     137
     107
     139
     151
     139
     137
     121
     111
     119
     117
     109
     112
     108
     114
     102
     111
      92
      93
      71
      66
      69
      78
      70
      72
      62
      51
      42
      47
      34
      36
      35
      37
      34
      23
      24
      26
      30
      22
      36
      18
      29
      20
       9
      20
      18
      12
      16
      12
       3
      13
      11
       8
      14
       6
       7
      12
       8
      12
      12
      11
       8
       7
      11
      11
       8
       8
      13
      14
      10
      14
      12
       7
       9
       9
      10
      10
      10
      12
      13
       8
      12
      12
       8
      10
       4
       8
      11
      14
      12
      12
       9
       4
      23
      11
       9
      16
      12
       6
      10
      13
       8
       6
       7
      15
      14
      17
       4
       9
       5
      11
      10
       9
      12
       7
       9
      11
       9
      10
      10
      14
      11
       6
      17
       8
       9
      12
       8
      15
      14
      12
       3
      12
      12
       8
      11
       7
       8
       9
       5
      12
      10
      10
      13
      11
      12
       6
       9
      11
      11
       8
       6
      11
      14
      11
       9
      11
       5
       6
       6
       6
       9
      15
       7
      10
      15
      19
      10
      13
       7
      10
      14
       7
       8
      13
      12
      15
      15
      12
      10
       6
      12
       6
       8
      12
       7
       4
       5
      15
       6
       4
       8
      10
      10
      11
       8
      12
       4
      12
      12
       8
       5
       7
       7
       9
       9
       7
       7
       9
       5
       9
      11
      12
       8
      11
      12
      10
      10
      14
       7
      13
      12
      13
       7
       9
       9
      12
      10
      13
      13
      11
      11
      13
      16
      14
      12
      17
       4
      12
      13
      10
      15
       8
      13
      12
       6
       6
       9
      10
      10
       9
       9
      12
       9
      13
       7
       6
       7
       8
       9
       8
       7
      12
      14
       9
      13
       6
       9
       9
      11
       4
      12
       4
       8
       4
       9
      12
      10
      13
      10
      12
       5
      11
       6
       5
       8
       8
      10
      11
       9
       8
       8
      18
       5
      11
       5
       9
       6
       7
       9
       6
      10
      10
       9
      10
      10
       5
      13
       9
       8
       3
       7
      11
       8
      11
       8
       4
       5
      12
       8
       8
       8
      11
       7
       8
       6
       6
       5
       9
       5
       6
       7
      13
       6
      15
      13
       7
       3
       6
      13
       9
       9
       8
       8
      12
       8
      12
       7
      12
       7
       2
       6
       4
       6
       6
       6
       1
      16
      10
       4
       7
       6
      10
       6
       6
       6
       9
       7
       7
      10
       6
       7
      11
      11
      10
       3
       6
       7
       9
       7
       8
       7
       5
       9
      12
       5
       6
       7
       9
       7
       7
      10
      10
       9
       7
       7
       4
       8
       8
       8
       7
       7
       9
       7
       8
       9
       6
       6
       7
       6
       5
       9
       9
       6
       7
       5
      11
      11
       7
       6
       3
      11
       8
       8
      11
      13
       7
      10
      10
       6
       6
       7
      12
      14
      15
       7
       7
      15
      13
       6
       4
       8
      10
      14
      13
       8
      15
      12
      10
       3
      15
      12
      11
       9
      12
       6
       8
       6
       6
      11
       7
       7
       7
       3
       6
      13
       6
      10
      10
       8
      10
      12
       8
      12
       9
       4
       4
       6
       7
       7
       4
       7
       4
      10
       8
       7
       4
       8
      11
       2
       9
       8
       5
       5
       6
       9
       6
       5
       5
       7
       8
      10
      12
       7
      10
       5
       6
       6
       5
      13
       7
       7
       6
       8
       9
       7
       8
      10
      11
       5
       7
      12
       4
       5
       3
       6
       6
       7
       6
      13
       8
       3
      10
      12
       7
      13
       6
       7
       4
       6
       8
       4
       8
       7
       6
       9
       9
       2
      14
       4
       4
       5
       4
      13
       7
      11
       8
       8
       6
       5
       9
       5
      11
       6
       9
       8
       7
       6
       1
       9
       8
       4
       7
       6
       9
       4
       6
      10
       8
       6
       3
       7
       8
       6
      12
       4
       8
       3
      16
       6
       9
       0
       6
       3
       6
      10
       6
       5
       4
       8
       6
       4
       6
       6
       3
      11
       5
       8
      11
       5
       7
       2
       6
       7
       8
      11
       7
       3
      12
       8
       4
       9
       9
       4
       6
       7
       4
       5
       8
       7
       5
       5
      15
       7
       7
       7
      14
       4
      11
       7
       7
       5
       7
       6
       6
       5
       5
       5
       5
      11
      12
       6
      10
       6
       6
       7
       6
       9
       4
       4
       3
       7
       5
      11
      10
       8
       9
      13
       7
      10
       5
       5
       7
       8
       3
       3
       8
       4
       4
       5
       5
       6
      10
       5
      10
      14
       8
       9
       3
       3
       6
      12
       6
       8
       3
       7
      11
       6
      11
       5
       8
      12
      14
       6
       8
       6
       5
       6
       4
       5
       6
       8
       8
      14
      14
       8
       7
      11
       9
       5
       4
       9
       3
       7
       7
      14
       4
      16
       6
       5
       8
       5
       6
       7
       9
       8
       6
       9
      10
      11
       7
       8
       6
      12
       6
       7
      10
       4
      12
      10
      11
       8
       8
      10
       3
       5
      11
       5
       7
       6
       5
      12
       8
      11
       6
      11
       3
       9
      13
       9
      10
       8
      10
       8
      11
       5
       7
       7
      16
       9
       6
       9
       5
       4
       3
      13
       8
       7
       5
       7
       5
       7
      13
       4
       5
       8
      12
       4
      10
      10
       4
       8
       7
       4
       8
       9
       9
      13
       3
       4
       8
       6
      11
       5
       6
       8
       6
       6
       7
       9
       8
      10
       5
       9
       6
       7
       7
       9
       7
      10
       8
       5
       8
      10
      17
       9
       7
      11
      13
       7
       9
       6
      10
       4
       5
       7
       8
       8
       9
       8
       7
       5
       6
       8
      13
       8
      11
       8
       9
       7
       8
       8
       6
       9
       7
      12
       7
       9
       6
       6
       5
       4
       4
       6
       8
       9
       6
      10
       6
       8
      10
       6
      10
       9
       3
       1
       8
       9
      15
       7
       5
       1
       9
       5
       9
       4
       6
       6
       8
       8
       3
      17
       3
       7
      12
       7
       8
      10
      10
      10
       6
       6
       6
       6
       5
       4
       9
       7
      15
       5
       5
      16
       4
       7
      12
       4
      10
       7
       9
      10
      12
      11
       5
       9
      10
       4
       6
       9
       6
       7
       9
       4
       8
      14
      12
       8
       5
       9
      11
      11
       8
       5
       8
       5
       7
       6
      11
      12
       6
       7
      12
      11
       3
       8
      11
       5
       4
       6
      13
      12
      12
       6
       9
       9
      10
       3
      10
       8
       4
       5
      12
       6
       7
       9
       7
       7
      10
       7
       5
      12
      12
       6
      13
      14
      10
      15
      10
      11
       8
       9
       3
      11
      12
      11
       6
       9
       7
      11
       8
       7
      10
      12
       5
       9
      10
       7
       9
      12
       9
       4
       9
      11
      16
       8
       7
       6
       8
       4
       8
      16
       8
      11
       9
      10
      11
       5
       6
       8
      12
       8
       7
      13
      10
       7
      11
       8
       9
       5
       7
       6
       7
      14
      11
      10
       9
       9
      10
       7
      10
       5
      11
       9
       8
       9
      10
       8
       8
       6
       6
      13
       6
       4
       7
       9
       9
       6
       8
       7
       6
       6
      10
       7
      13
       4
       3
       7
      13
       4
       5
       9
       9
       5
       5
       9
       6
       7
       9
       4
       9
       9
      16
      13
       4
       3
       8
       8
       4
      10
       6
       5
       7
       6
       6
      10
      10
       5
      11
       2
       7
       4
       6
      10
       8
      16
       8
       6
      12
       6
       8
       8
       8
       7
       5
       6
       7
      11
       8
      13
      15
       6
      12
       8
      11
      10
      11
      10
       8
       7
       7
      10
      11
      10
       6
       9
       7
       7
       8
       8
       7
       9
       4
       9
       9
       6
       5
      14
      13
       8
       8
      11
      11
      11
       3
      11
       1
      10
       8
       9
      11
       7
      11
       4
       7
       8
      11
      10
       5
      12
       5
       6
       7
       6
       8
       8
      12
       9
       9
       9
       9
       7
      10
       4
       6
       3
       0
       0
       0
       0
       0
       0
       0
       0
       0
       0
       0
       1
       0
       0
       0
       0
       0
       0
       0
       0
       0
       0
       0
       0
       0
       0
       0
       0
       0
       0
       0
       0
       0
       0
       0
       0
       0
       0
       0
       0
       0
       0
       0
       0
       0
       0
       0
       0
       0
       0
       0
       0
       0
       0
       0
       0
       0
       0
       0
       0
       0
       0
       0
       0
       0
       0
       0
       0
       0
       0
       0
       0
       0
       0
       0
       0
       0
       0
       0
       0
       0
       0
       0
       0
$ROI:
1
712 830
$PRESETS:
None
0
0
$ENER_FIT:
-23.656767 2.297974
$MCA_CAL:
3
-2.365677E+001 2.297974E+000 2.836717E-005 keV
$SHAPE_CAL:
3
0.000000E+000 0.000000E+000 0.000000E+000
