$SPEC_ID:
No sample description was entered.
$SPEC_REM:
DET# 1
DETDESC# DESKTOP-I499GD2 Easy-MCA-2k SN 18191655
AP# Maestro Version 7.01
$DATE_MEA:
02/28/2024 13:48:10
$MEAS_TIM:
45 45
$DATA:
0 2047
       0
       0
       0
       0
       0
       1
       7
      13
     113
      79
      94
      79
      83
     103
      70
      99
      99
      95
     116
     106
      98
      88
      97
      91
      96
      98
     112
     139
     163
     216
     208
     250
     347
     390
     359
     253
     173
     136
     153
     182
     169
     197
     204
     243
     242
     287
     296
     374
     383
     393
     469
     486
     551
     602
     621
     554
     583
     587
     616
     715
     939
    1241
    1785
    2498
    2877
    2809
    2399
    1690
    1163
     686
     398
     251
     208
     245
     213
     202
     186
     184
     174
     195
     175
     187
     191
     184
     149
     178
     180
     178
     194
     198
     205
     222
     207
     233
     204
     156
     142
     154
     150
     127
     124
     134
     121
     130
     126
     131
     114
     115
      97
     125
     126
     127
     133
     125
     120
     105
     110
     101
     124
     111
     120
     100
     124
      94
      99
      98
     101
      94
     100
      94
     106
     111
      98
      84
      91
     103
      75
      94
      76
      89
      99
     100
      84
      95
      76
      90
      74
      73
      69
      65
      71
      87
      80
      69
      58
      76
      62
      77
      80
      75
      62
      65
      56
      56
      85
      64
      59
      51
      67
      70
      58
      65
      60
      56
      69
      51
      70
      46
      60
      47
      68
      63
      48
      65
      53
      56
      56
      54
      63
      48
      38
      51
      46
      51
      53
      41
      53
      39
      51
      50
      51
      50
      46
      36
      48
      48
      56
      63
      55
      46
      64
      65
      59
      47
      75
      96
      78
      81
      64
      89
      83
      85
     108
     126
     133
     135
     140
     123
     131
     150
     177
     125
     127
     138
     138
     114
     110
      82
      78
      77
      76
      62
      56
      50
      39
      44
      48
      46
      29
      29
      29
      34
      38
      33
      29
      36
      29
      35
      44
      32
      39
      22
      21
      32
      29
      32
      36
      26
      31
      32
      29
      17
      26
      34
      36
      32
      22
      38
      30
      39
      30
      32
      22
      42
      19
      22
      23
      26
      28
      34
      25
      25
      32
      36
      27
      32
      29
      28
      31
      35
      32
      33
      24
      25
      30
      29
      29
      32
      26
      27
      26
      23
      30
      23
      27
      35
      25
      35
      24
      33
      21
      25
      31
      31
      27
      25
      30
      22
      30
      24
      31
      28
      26
      22
      37
      33
      25
      24
      24
      38
      18
      20
      20
      16
      25
      22
      20
      28
      26
      23
      19
      24
      23
      34
      28
      29
      27
      26
      20
      42
      19
      18
      21
      28
      21
      34
      30
      18
      27
      17
      19
      19
      19
      18
      30
      23
      23
      16
      15
      21
      29
      20
      18
      20
      15
      19
      17
      21
      33
      29
      24
      16
      16
      24
      11
      16
      16
      20
      21
      28
      23
      22
      18
      21
      28
      20
      27
      20
      23
      17
      22
      14
      24
      25
      19
      23
      16
      15
      25
      18
      25
      26
      23
      20
      25
      20
      18
      16
      14
      14
      29
      12
      14
      15
      15
      28
      16
      21
      20
      18
      20
      12
      16
      22
      26
      18
      24
      14
      24
      15
      23
      21
      17
      27
      17
      17
      17
      23
      22
      29
      14
      15
      22
      23
      19
      18
      17
      22
      18
      17
      23
      17
      21
      18
      21
      25
      26
      31
      30
      22
      14
      22
      23
      23
      24
      20
      21
      19
      17
      13
      30
      21
      16
      23
      27
      21
      29
      22
      23
      18
      21
      27
      15
      20
      21
      12
      24
      20
      16
      18
      16
      10
      16
      14
      23
      18
      16
      25
      21
      19
      13
      23
      21
      21
      21
      15
      23
      24
      19
      17
      15
      29
      16
      14
      22
      23
      17
      24
      17
      16
      14
      13
      21
      19
      20
      19
      22
      22
      17
      33
      27
      15
      19
      21
      22
      22
      34
      14
      12
      21
      27
      19
      23
      11
      14
      22
      24
      14
      24
      16
      16
      20
      22
      20
      26
      22
      19
      30
      27
      21
      20
      18
      17
      27
      22
      25
      17
      21
      20
      18
      25
      28
      21
      23
      18
      19
      24
      18
      16
      12
      25
      22
      26
      15
      18
      17
      25
      19
      17
      11
      19
      20
      25
      32
      20
      19
      19
      27
      21
      23
      13
      17
      22
      20
      12
      14
      18
      21
      22
      18
      22
      22
      23
      20
      27
      21
      21
      23
      17
      23
      17
      14
      15
      28
      13
      23
      17
      18
      24
      22
      17
      16
      20
      14
       5
      16
      26
      12
      14
      18
      15
      12
      15
      17
      17
      12
      18
      12
      12
      14
      15
      19
      10
       9
      16
       9
      11
       9
       8
      14
      14
      11
      11
      12
      12
      10
      12
      18
      10
       8
      10
       8
      16
      15
       9
      14
      13
       8
      20
       8
      12
       4
       9
      17
      11
      12
      10
      10
       9
      13
      10
       7
      11
      12
       8
      11
      13
      10
      11
      12
      15
       6
      11
       9
      10
       9
       4
      11
       9
       7
      11
      14
      15
      12
       7
      17
      11
      21
      15
      13
      17
      26
      18
      21
      33
      29
      42
      34
      36
      47
      43
      56
      32
      43
      50
      37
      61
      61
      49
      54
      71
      68
      77
      62
      74
      65
      74
      50
      59
      59
      52
      49
      51
      48
      43
      42
      53
      47
      40
      40
      28
      42
      28
      30
      27
      22
      27
      17
      19
      21
      17
      12
      11
       8
      16
       6
      15
      11
       6
      10
       8
       8
       9
       5
       7
       7
       2
       5
       6
       3
       6
       6
       7
       5
       6
      10
       6
       6
       6
       4
       9
       5
       2
       2
       5
       9
       7
       3
       7
       5
       4
       8
       7
       4
       6
       9
       9
      10
       9
       7
       6
       7
       9
       6
       5
       8
       5
       5
       4
       4
       9
       8
       4
       1
       6
       8
       3
       5
      13
       5
      11
       9
       7
      10
       9
       7
       5
       5
       5
       5
       6
      10
       3
       9
       9
       6
       3
       7
       7
       6
       4
       8
       8
       3
      10
       7
       2
       7
       6
       8
       4
       4
       9
       5
       6
       4
       6
      10
       5
       7
      10
       4
       8
       7
       4
       9
       5
       5
       9
       5
       6
       4
       5
       4
       6
       7
       4
       3
       4
       4
       5
       8
       4
       5
       9
       4
       4
       7
       5
       5
       8
       5
       6
       4
       1
       7
       7
       6
       5
       5
       9
       5
       4
      11
       4
       9
       7
       4
       8
       6
       7
       6
       7
       5
       3
       7
       4
       4
       6
       7
       5
       5
       7
       6
       1
       8
       7
       9
       3
       7
       5
       4
       6
       5
       5
       8
       5
       4
       2
       6
       2
       4
       6
       7
       4
       8
       7
       3
       4
       3
       6
       8
       2
       4
       8
       9
       4
       8
       6
       9
       5
       8
       4
       6
       6
       6
       3
       7
       6
       9
       6
       5
       6
       5
       4
       8
       4
       3
       5
       5
       3
       5
      11
       5
       7
       8
       3
       4
       3
       2
       5
       4
       5
       3
       4
       6
       6
       5
       5
       1
       5
       5
       6
       7
       3
       7
       9
       6
       7
       7
       5
       1
      10
       6
       5
       3
       6
       8
       7
       7
       3
       3
       5
       1
      11
       5
       2
       4
       2
      10
       6
       3
       5
       5
       6
       4
       3
       4
       1
       4
       6
      10
       1
       6
       5
       4
       3
       4
       3
       8
       3
       4
       3
       6
       7
       6
       9
       4
       2
       7
       7
       6
       4
       7
       6
       2
       7
       5
       2
       5
       8
       4
       8
       8
       6
       6
       3
       6
       5
       5
       5
       5
       3
       6
       8
       6
       5
       2
       5
       8
       2
       7
       3
       3
       6
       4
       1
       5
      10
       3
       7
       5
       3
       6
       3
       8
       3
       4
       5
       8
       5
       3
       6
       1
       2
       4
       7
       4
       6
       3
       1
       2
       6
       9
       6
       3
       2
       6
       5
       6
       7
       3
       5
       7
       5
       3
       4
       7
       5
       8
       6
       4
       8
       4
       4
       8
       4
      10
       3
       4
       9
       3
       4
       4
       4
       6
       9
       5
       8
       5
       2
       7
       8
       9
       7
       9
       2
       5
       8
       4
       3
       6
       4
       6
       5
       5
       3
       9
       5
       6
       4
      10
       5
       1
       2
       8
       6
       6
       5
       8
       3
       5
       1
       6
       4
       2
       4
       3
       4
       3
       5
       7
       5
       6
       2
       4
       7
       4
       4
       7
       5
       6
       3
       8
       4
       6
       6
       6
       4
       5
       5
       5
       1
       4
       5
       5
       3
       6
       3
       2
       2
       4
       6
       8
       4
       3
       3
       7
       9
       4
       1
       7
       5
       5
       4
       6
       4
       6
       7
       6
       5
       4
       2
       7
       9
       5
       7
       5
       5
       4
       6
       8
      10
       5
       5
       1
       3
       4
       5
       5
       3
       3
       2
       3
       3
       2
       4
       6
       8
       9
       4
       4
       7
       6
       5
       4
       3
       4
       2
       7
       5
       3
       4
       4
       6
       6
       5
       7
       0
       3
       4
       8
       5
       7
       7
       6
       3
       6
       2
       3
       6
       1
       4
       5
       4
       6
       9
       4
       4
       4
       6
       5
       4
       7
       4
       8
       5
       6
       6
       3
       3
       4
       4
       2
       5
       5
       6
       6
       5
       4
       7
       7
       3
       6
       8
       4
       2
       2
       3
       7
      10
       4
       5
       5
       1
       6
       7
       5
       3
       7
       7
       4
       7
       4
       2
       1
       1
       7
       4
       4
       3
       8
       3
       7
       6
       7
       5
       7
       4
       5
       4
       4
       3
       6
       4
       4
       6
       6
       7
       0
       3
       6
       6
       5
       4
       4
       5
       4
       3
       5
       5
      10
       6
       5
       3
       4
       5
       4
       3
       5
       6
       3
       5
       3
       4
       6
       5
       8
       9
       5
       1
       2
       2
       6
       8
       7
       4
       7
       9
       5
       2
       3
       6
       9
       5
       2
       2
       2
       4
       5
       6
       5
       3
       9
       4
       5
       8
       6
       6
       6
       4
       5
       3
       3
       8
       7
       3
       3
       2
       2
       5
       5
       5
       4
       9
       6
       2
       2
       3
       7
       5
       4
      11
       6
       5
       5
       4
       6
       4
       4
       4
       3
       4
       5
       8
       2
       5
       6
       7
      10
       1
       6
       7
       3
       2
       4
       3
       3
       3
       6
       7
       4
       6
       4
       5
       3
       4
       1
       2
       3
       5
       5
       5
       7
       4
       2
       3
       4
       5
       1
       3
       4
       6
       8
       8
       9
       4
       2
       5
       8
       6
       6
       3
       6
       6
       3
       4
       3
       4
       6
       3
       2
       5
       9
       4
       7
       6
       7
       7
       3
       4
       8
       4
       4
       6
       8
      10
       4
      10
       5
       7
      10
       4
       5
      11
       4
       5
       6
       2
       7
       4
       6
      10
       0
       2
       3
       2
       7
       5
       5
       2
       6
       6
       4
       5
       4
       3
       3
       6
       2
       6
       7
      14
       7
       9
       4
       5
       4
       3
       3
       3
       7
       5
       5
       6
       5
       7
       8
       1
       8
      11
       6
       5
       7
       6
       7
       2
       4
       9
       7
       5
       8
       6
       6
       5
       7
       8
       6
       8
       3
      14
      11
       7
       4
      10
       8
       6
       4
       3
       3
       4
       6
       5
       7
       9
       4
       3
       2
       7
       2
       2
       2
       4
       4
       9
       4
      13
       5
       5
       9
       1
       6
       6
       5
       6
       6
       6
       5
       2
       7
       4
       6
       9
       4
       8
       8
       3
       6
       5
       3
       4
       2
       8
       7
       3
       3
       7
       3
       7
       3
       7
       7
       5
       6
       5
       6
       9
       5
       6
       4
       6
      11
       4
       3
       7
       6
       3
       6
       7
       5
       2
       2
       5
       1
       4
       4
       4
       8
       7
       5
       6
       2
      10
       4
       8
       6
       7
       5
       4
       8
       5
       8
       4
       3
       3
      11
       2
       4
       5
       6
       6
       5
       6
       5
       5
       4
       3
       4
       4
       5
       4
       3
       6
       2
       8
       6
       6
       9
       4
       5
       7
       6
       9
       6
       3
       9
       4
       4
       4
       6
       7
       7
       5
       5
       2
       6
       4
       6
       7
       6
      10
       3
       8
       3
      13
       7
       9
       5
       5
       3
       6
       6
       5
       6
       3
       8
       5
      11
       6
       6
      11
       7
       9
       5
       6
      12
       8
       8
      11
       5
       5
       5
       6
       8
       9
       8
       9
      10
       7
      12
       6
       6
       4
       6
       6
       6
       7
       5
       6
       8
       3
       4
       5
       3
       8
       7
       6
       6
       9
       2
       7
      10
       5
       4
       6
      15
       2
      11
       5
       6
       9
       6
       5
       9
       8
       5
       3
       8
       8
       6
       8
       2
      10
       6
       6
       4
      10
       5
       4
       5
       6
       8
       3
       9
       5
      11
       5
       4
      10
       8
       9
       6
       3
       4
       4
      14
       6
       6
       9
       2
       6
       5
       5
       6
       8
       8
       8
       3
       9
       7
       7
       6
       6
       5
       3
       2
       7
       4
       6
       6
      11
       7
       3
      13
       9
       5
       9
       3
       4
       3
       2
       9
       6
       5
       0
       0
       0
       0
       0
       0
       0
       0
       0
       0
       0
       0
       0
       0
       0
       0
       0
       0
       0
       0
       0
       0
       0
       0
       0
       0
       0
       0
       0
       0
       0
       0
       0
       0
       0
       0
       0
       0
       0
       0
       0
       0
       0
       0
       0
       0
       0
       0
       0
       0
       0
       0
       0
       0
       0
       0
       0
       0
       0
       0
       0
       0
       0
       0
       0
       0
       0
       0
       0
       0
       0
       0
       0
       0
       0
       0
       0
       0
       0
       0
       0
       0
       0
       0
$ROI:
1
712 830
$PRESETS:
None
0
0
$ENER_FIT:
-23.656767 2.297974
$MCA_CAL:
3
-2.365677E+001 2.297974E+000 2.836717E-005 keV
$SHAPE_CAL:
3
0.000000E+000 0.000000E+000 0.000000E+000
