$SPEC_ID:
No sample description was entered.
$SPEC_REM:
DET# 1
DETDESC# DESKTOP-I499GD2 Easy-MCA-2k SN 18191655
AP# Maestro Version 7.01
$DATE_MEA:
02/28/2024 13:43:48
$MEAS_TIM:
84 85
$DATA:
0 2047
       0
       0
       0
       0
       1
       4
       9
      21
     197
     110
     119
     135
     125
     157
     177
     171
     183
     201
     220
     206
     207
     172
     187
     218
     165
     185
     209
     245
     324
     383
     474
     513
     552
     678
     655
     452
     318
     284
     281
     304
     340
     431
     374
     474
     512
     550
     648
     683
     765
     809
     890
     999
    1102
    1158
    1135
    1103
    1075
    1099
    1167
    1376
    1783
    2452
    3319
    4654
    5224
    5477
    4525
    3322
    2198
    1304
     831
     521
     420
     380
     359
     344
     332
     355
     359
     346
     352
     324
     321
     330
     346
     332
     320
     361
     406
     390
     394
     373
     388
     372
     366
     323
     312
     298
     263
     296
     261
     242
     246
     255
     235
     250
     220
     226
     250
     253
     257
     230
     248
     224
     213
     237
     194
     232
     202
     207
     191
     213
     202
     186
     192
     155
     221
     177
     164
     190
     186
     209
     200
     180
     155
     180
     164
     176
     159
     153
     156
     173
     161
     193
     123
     138
     166
     142
     149
     140
     147
     127
     160
     119
     118
     131
     128
     133
     130
     131
     124
     126
     133
     122
     132
     101
     124
     118
     101
     108
     118
     131
     123
     109
     111
     118
     113
     107
      86
     106
      98
     113
      87
      89
     109
     123
     113
     100
      91
      91
      87
     104
     107
     100
      85
      99
     105
      87
      99
      89
      78
      97
      88
      85
      88
     104
      98
      99
      94
     119
      98
     103
     118
     118
     135
     124
     127
     154
     138
     167
     164
     167
     200
     213
     229
     227
     257
     252
     266
     291
     264
     244
     246
     233
     201
     185
     174
     170
     149
     148
     113
     105
     103
     100
      89
      72
      69
      84
      64
      77
      67
      66
      59
      67
      60
      54
      54
      55
      52
      52
      50
      52
      43
      56
      76
      56
      65
      54
      53
      64
      52
      62
      58
      57
      47
      57
      63
      65
      53
      69
      58
      48
      57
      58
      41
      57
      50
      43
      53
      53
      61
      59
      57
      42
      56
      36
      52
      44
      45
      37
      51
      45
      48
      53
      50
      38
      45
      49
      43
      52
      39
      48
      51
      40
      46
      47
      47
      64
      56
      58
      68
      51
      38
      40
      53
      49
      45
      38
      61
      39
      47
      59
      51
      47
      49
      44
      35
      43
      45
      44
      55
      39
      42
      51
      45
      42
      40
      43
      50
      35
      34
      50
      51
      44
      41
      43
      41
      44
      52
      50
      42
      46
      49
      46
      53
      39
      40
      41
      50
      37
      35
      39
      44
      36
      41
      39
      39
      43
      43
      62
      35
      39
      38
      43
      43
      33
      37
      40
      40
      41
      45
      32
      49
      41
      46
      41
      46
      36
      21
      45
      32
      36
      36
      38
      23
      31
      37
      38
      41
      36
      34
      45
      34
      26
      28
      34
      31
      37
      37
      41
      39
      37
      37
      35
      33
      32
      38
      28
      27
      37
      32
      29
      44
      39
      36
      41
      33
      35
      29
      45
      34
      33
      38
      42
      36
      29
      38
      32
      28
      26
      26
      32
      40
      31
      33
      36
      21
      29
      45
      35
      23
      31
      32
      35
      27
      37
      39
      43
      22
      39
      33
      44
      30
      33
      34
      39
      31
      36
      35
      32
      37
      43
      44
      35
      40
      45
      42
      37
      39
      35
      38
      44
      45
      52
      39
      35
      38
      37
      31
      37
      24
      36
      36
      39
      35
      33
      46
      34
      40
      34
      35
      37
      34
      36
      35
      42
      39
      27
      38
      32
      38
      32
      34
      29
      33
      31
      42
      28
      25
      39
      31
      37
      27
      41
      31
      40
      23
      35
      31
      38
      38
      35
      23
      36
      33
      37
      42
      37
      39
      36
      24
      38
      35
      36
      35
      43
      30
      47
      53
      46
      53
      49
      37
      41
      29
      42
      39
      36
      32
      41
      32
      47
      29
      42
      32
      34
      30
      38
      29
      31
      34
      35
      30
      35
      39
      44
      36
      31
      31
      35
      30
      37
      40
      35
      28
      29
      39
      33
      31
      31
      38
      30
      34
      36
      33
      30
      44
      31
      46
      30
      38
      33
      40
      43
      36
      45
      24
      40
      29
      41
      31
      33
      42
      39
      37
      40
      31
      41
      25
      36
      42
      44
      35
      43
      31
      34
      43
      37
      33
      33
      36
      50
      51
      35
      32
      37
      31
      41
      39
      21
      34
      45
      43
      24
      22
      33
      29
      37
      30
      28
      25
      29
      31
      22
      24
      32
      27
      29
      23
      22
      20
      24
      19
      19
      20
      23
      30
      17
      17
      17
      17
      25
      23
      30
      21
      29
      28
      18
      19
      19
      22
      17
      18
      18
      19
      19
      23
      20
      22
      20
      21
      22
      19
      26
      25
      20
      19
      19
      20
      22
      13
      20
      25
      15
      16
      17
      17
      14
      17
      15
      17
      21
      16
      25
      13
      18
      19
      29
      19
      11
      16
      17
      19
      20
      21
      26
      29
      25
      43
      38
      50
      47
      40
      37
      49
      58
      62
      68
      67
      77
      83
      71
      82
      98
      93
     107
     110
      80
      92
      93
     109
     119
     107
     119
     113
     121
     111
     105
      91
     102
     124
     103
      94
     104
      95
      72
      69
      91
      57
      88
      70
      64
      54
      54
      45
      40
      53
      50
      39
      32
      33
      26
      43
      29
      30
      29
      23
      19
      14
      26
      19
      21
      19
       8
      13
      14
      13
      14
      11
      13
      21
      23
      12
      11
      17
      11
       8
      14
      11
       8
      11
      13
      11
      17
      13
      18
      13
      10
       7
      11
       7
      13
       9
      14
       5
      10
      12
      17
      10
      18
       6
      17
       7
       8
      11
      11
      14
       9
      11
      11
       8
       6
       9
      10
       9
      11
      10
       7
       8
       9
      15
      12
      14
       9
      17
      13
       7
      13
      13
       9
      10
       8
      14
      13
      12
      12
      11
       4
      15
      10
      10
      17
      14
      12
       6
       9
      13
       5
       7
      10
       5
       9
       4
      15
       8
      14
       6
      11
       7
       8
      12
      11
      12
       6
      13
      13
      11
      14
       8
      12
       7
      12
       8
      14
      12
       7
       7
      20
      12
      13
      11
      11
      10
       7
      13
       8
      14
       7
       8
      11
      15
       9
       8
      10
      14
      13
       8
       7
       8
      13
      14
       7
       5
      18
      11
      12
      11
      17
      11
      10
      12
       3
       8
      10
       5
       7
       9
      13
      16
       6
       4
       7
       7
      10
      14
       8
      14
      15
      16
       8
      11
       7
      10
      14
      15
       8
      10
       7
      11
      13
      10
      11
       8
       5
      14
      11
       8
       8
      17
      15
      10
       7
      13
       7
      10
       8
       7
       9
       9
       9
      11
       5
       5
       6
       6
       6
       7
       9
       7
       6
       8
       6
       6
      15
      14
       8
       5
       3
       6
       7
      12
       8
      10
      12
      13
       8
      10
      11
      11
       9
      11
      11
      16
       5
      11
      10
       4
       7
      13
       7
       8
      10
       5
       5
      13
      12
       6
      10
       8
       6
      11
       9
       7
       9
       6
      13
       5
       4
      11
       4
       9
      12
       6
       5
       8
      11
      10
      10
       5
       9
       3
      12
       5
      11
      10
      10
       5
       4
       5
      13
      11
      12
      10
       3
      10
      10
       5
       6
       8
       7
       8
      11
      12
      13
       7
       6
      15
      15
       9
       5
      12
       7
       8
       5
       4
      10
      10
      13
       8
       5
       8
       6
      11
      10
      11
       9
       6
       8
      10
       5
      14
      14
      10
      11
       8
      11
      13
      13
       9
       9
       5
       8
      10
       6
      13
       6
       4
      14
       8
      13
      15
      11
       3
       9
      13
      12
       8
       6
      10
       9
       8
      16
       9
       9
      13
       5
      17
       9
       5
       7
       8
       5
       8
       6
      11
      12
       4
       7
      11
      15
       6
      13
       8
       7
       5
      12
       7
      11
      10
      12
       6
       9
       8
      11
      10
       6
      13
      10
      11
       4
       7
      11
       9
      11
       6
      13
      11
      14
       9
       9
       7
       6
      11
       7
       9
       9
      13
       6
       8
      10
      14
      13
       9
      11
       5
      13
       6
      10
       9
       8
       6
      14
      13
       9
      13
      12
       6
      11
       7
       8
      14
       5
       7
      15
      15
       9
       5
       8
      13
       7
       7
       9
      11
       8
      13
       8
      18
       8
       7
       4
      10
       6
      12
      15
       8
      11
       7
      10
      12
       5
       6
      12
      13
      12
       9
       5
      11
       9
       4
      12
      17
      10
       5
       8
      12
       5
      10
       8
      10
       9
      10
      11
       7
      16
       7
       8
       9
       4
       7
       6
      16
       7
       8
      12
       5
      10
       4
       7
      11
       8
       5
       6
       7
      13
      10
      10
       9
      11
       7
      10
       8
       9
       6
       3
      10
       9
       8
       6
       7
       6
      11
       6
      14
       6
       9
      12
      12
       5
       5
      10
       6
       9
       6
       6
       3
      13
      10
      11
       5
       7
      12
       8
       7
       5
      12
       8
      11
       7
       9
      12
      13
       6
       9
      15
       8
       9
      12
      13
       9
       6
      12
       8
       8
      12
       6
       9
      14
       5
       8
      14
      10
       4
      13
       9
      15
      13
       9
      12
       9
       8
       9
       6
       7
       3
      14
       7
       8
       8
      10
       6
      15
      13
      10
      10
       9
       9
      12
       8
      15
      14
       7
      10
      15
       7
       5
       9
       4
       8
      10
      10
      10
      11
      10
       9
       9
       7
       3
       7
      12
       6
       9
      11
       4
      10
      15
       3
       3
      13
       9
      10
       6
       8
       5
       8
       8
       9
      15
      11
      10
       6
      12
       8
      10
       7
       9
       6
      10
       4
       7
       8
       4
       7
       7
       3
       8
       8
      10
       7
       9
       8
      11
       7
      15
      11
       8
       6
       7
       6
       8
       7
      14
       6
       5
      12
      11
       9
       7
      10
      13
       4
       6
       8
       7
       9
       5
       3
       5
      13
       8
      13
       7
      10
      17
       8
       6
      10
      11
       7
       9
      10
      10
      10
       9
       4
       6
       9
       4
      11
       7
       9
       3
       5
      12
       4
       6
      15
      10
       9
       7
      11
      10
      10
       5
       3
      11
       9
       5
       5
       3
      11
       6
       9
      10
       2
       7
      14
       9
      11
       4
       6
      14
       6
       9
       9
       8
      16
      12
       4
       8
       9
      11
       7
      12
       6
      10
       9
       6
       9
       3
      10
       9
      13
       7
       8
       5
       9
       8
      12
       9
      11
       7
       9
       7
       7
       8
       9
      12
      12
      15
       6
       9
      12
       9
       6
       7
       8
      14
       7
      10
       6
       6
       1
      11
       5
      11
       7
      14
      11
      11
      17
       7
       4
       7
       8
      14
      10
       6
      15
      11
       9
      11
      13
       9
       3
      11
       9
       3
       8
      14
      17
       7
      11
       9
      13
       9
      11
       7
       6
       5
       9
       7
       6
       7
      16
      11
       8
      10
      11
       5
       7
      11
       9
       6
       8
      12
       9
       7
       8
       5
       9
      10
      16
      11
       8
       6
      11
      13
      15
      10
       9
      13
      10
      11
       5
       6
      14
      13
       7
       9
       8
       9
       8
      11
      11
       8
      12
       7
      13
      11
       7
      11
      11
       9
       7
       9
      10
       6
       5
      15
      16
      10
      11
      12
      13
       7
      13
      13
      16
       4
      11
      16
      13
      11
      10
       6
       8
      13
      11
      14
      10
       6
       6
       5
       3
       9
       6
      10
      12
      13
      15
      15
      14
       7
      11
      12
      10
       8
       5
      11
       5
       9
      13
      11
      14
       8
      11
       8
       6
       6
       5
       6
       7
       8
      10
       9
       7
       5
       9
      11
       8
      10
       9
       3
      13
       3
      11
      12
      13
       5
      14
       6
       7
      13
      13
       9
      16
       9
       6
       9
       6
       8
      10
       6
      10
       8
       9
      12
       7
      12
       7
      10
       4
       7
       6
      16
       5
      12
      12
       9
      16
       7
      10
       9
      15
      12
      11
       8
      12
       9
       5
      12
      10
      11
       9
      12
       9
       7
      11
       8
       8
      11
      14
      15
       9
       8
      13
      12
      12
      12
      15
      14
      14
      17
       9
      14
       7
       9
      16
      13
      11
      11
       8
      14
      16
       6
       8
      10
      15
       8
      14
       8
      18
       9
      11
      15
      12
      16
      13
      11
      18
      13
      14
      12
      11
      10
      13
       9
      13
       7
      10
      11
      19
      13
      12
      12
      15
       8
      21
      14
      11
      14
      14
      13
       6
      11
       7
       4
      13
      16
      14
       8
      11
      11
       9
      17
      14
      24
      15
      12
       8
      12
      10
      13
       8
      12
      10
       9
      11
       7
       7
       8
      16
      10
      10
      12
      14
      10
      15
       6
       8
      16
       7
      18
       7
       7
      15
       8
       7
      13
      13
      16
       9
       8
      18
      11
       9
      15
      11
      11
      15
       8
      10
       6
      15
       8
       7
       9
      10
      16
      17
      12
      10
       7
       9
      14
      13
      11
      13
      10
       6
       8
      14
      12
       6
       9
      15
       9
      14
       7
      13
      12
      13
      16
       6
       2
       0
       0
       0
       0
       0
       0
       0
       0
       0
       1
       0
       0
       0
       0
       0
       0
       0
       0
       0
       0
       0
       0
       0
       0
       0
       0
       0
       0
       0
       0
       0
       0
       0
       0
       0
       0
       0
       0
       0
       0
       0
       0
       0
       0
       0
       0
       0
       0
       0
       0
       0
       0
       0
       0
       0
       0
       0
       0
       0
       0
       0
       0
       0
       0
       0
       0
       0
       0
       0
       0
       0
       0
       0
       0
       0
       0
       0
       0
       0
       0
       0
       0
       0
$ROI:
1
712 830
$PRESETS:
None
0
0
$ENER_FIT:
-23.656767 2.297974
$MCA_CAL:
3
-2.365677E+001 2.297974E+000 2.836717E-005 keV
$SHAPE_CAL:
3
0.000000E+000 0.000000E+000 0.000000E+000
