$SPEC_ID:
No sample description was entered.
$SPEC_REM:
DET# 1
DETDESC# DESKTOP-I499GD2 Easy-MCA-2k SN 18191655
AP# Maestro Version 7.01
$DATE_MEA:
02/28/2024 13:57:26
$MEAS_TIM:
66 67
$DATA:
0 2047
       0
       0
       0
       0
       1
       2
       4
       8
     141
     100
     101
     118
     118
     115
     134
     154
     141
     144
     163
     186
     154
     148
     141
     149
     138
     134
     154
     168
     241
     319
     315
     389
     421
     497
     491
     355
     243
     235
     260
     267
     263
     255
     311
     358
     401
     469
     475
     514
     521
     580
     616
     781
     836
     875
     921
     833
     832
     830
     927
    1034
    1327
    1743
    2651
    3530
    3969
    4047
    3470
    2546
    1595
     991
     594
     409
     297
     277
     261
     276
     272
     269
     287
     224
     270
     258
     249
     279
     261
     265
     281
     256
     259
     283
     291
     311
     269
     265
     270
     229
     229
     214
     181
     228
     217
     180
     178
     183
     197
     196
     172
     221
     171
     176
     161
     180
     164
     153
     167
     159
     177
     147
     172
     149
     172
     164
     143
     162
     136
     123
     157
     153
     138
     119
     115
     143
     144
     147
     127
     140
     119
     119
     120
     130
     106
     126
     116
     106
     126
     117
     124
     121
     137
     109
      89
      93
      94
      85
      86
      92
     114
      96
     114
     100
      83
      83
      90
      77
      73
      84
      86
      91
      89
      75
      85
      61
      66
      85
      86
      70
      81
      66
      66
      77
      99
      78
      74
      64
      80
      55
      67
      78
      59
      78
      85
      83
      80
      69
      70
      75
      62
      65
      58
      73
      66
      74
      74
      71
      59
      74
      82
      73
      70
      69
      77
      92
      84
     100
      84
      83
     114
     116
     135
      98
     170
     145
     161
     141
     167
     175
     188
     228
     196
     208
     194
     192
     188
     176
     178
     169
     125
     138
     128
     132
      78
     108
      70
      66
      58
      47
      67
      52
      44
      47
      54
      36
      47
      48
      41
      41
      37
      49
      44
      36
      50
      36
      48
      47
      42
      56
      37
      41
      52
      49
      40
      57
      36
      46
      35
      43
      49
      51
      48
      55
      31
      36
      44
      49
      39
      32
      45
      48
      43
      32
      41
      41
      37
      43
      45
      42
      49
      38
      41
      42
      35
      37
      45
      41
      45
      39
      47
      32
      42
      51
      34
      35
      43
      36
      33
      43
      33
      42
      38
      34
      40
      46
      46
      42
      28
      34
      46
      35
      32
      37
      31
      37
      41
      35
      38
      26
      31
      23
      38
      38
      40
      32
      35
      31
      31
      32
      33
      35
      33
      41
      34
      39
      37
      21
      33
      32
      38
      56
      28
      33
      37
      33
      34
      29
      29
      25
      45
      23
      30
      34
      27
      34
      35
      37
      37
      34
      33
      34
      23
      33
      23
      34
      38
      32
      27
      35
      22
      21
      39
      33
      34
      27
      30
      40
      28
      26
      29
      34
      24
      37
      23
      27
      32
      19
      26
      27
      38
      37
      34
      30
      27
      29
      30
      27
      26
      24
      30
      29
      29
      28
      24
      32
      26
      33
      28
      27
      22
      22
      21
      27
      24
      20
      32
      24
      20
      30
      28
      27
      25
      30
      29
      20
      35
      28
      29
      30
      23
      24
      20
      24
      26
      23
      31
      20
      29
      35
      25
      28
      36
      24
      25
      21
      25
      26
      32
      20
      27
      21
      30
      24
      29
      27
      26
      26
      18
      33
      31
      30
      29
      31
      29
      30
      34
      29
      37
      20
      33
      26
      28
      28
      27
      36
      30
      24
      40
      35
      32
      25
      16
      25
      26
      22
      25
      32
      34
      22
      27
      28
      29
      28
      16
      24
      17
      31
      27
      27
      19
      26
      27
      25
      16
      29
      25
      22
      30
      14
      29
      29
      20
      27
      20
      23
      26
      24
      27
      28
      23
      23
      20
      26
      31
      24
      34
      31
      28
      29
      28
      26
      23
      28
      37
      43
      21
      20
      32
      30
      20
      26
      28
      38
      26
      32
      29
      30
      36
      29
      32
      25
      21
      20
      27
      26
      26
      24
      32
      30
      25
      23
      23
      19
      21
      32
      41
      34
      31
      27
      24
      21
      27
      38
      25
      23
      35
      31
      23
      21
      37
      24
      30
      29
      27
      25
      28
      41
      13
      24
      22
      21
      25
      26
      27
      23
      29
      27
      27
      24
      27
      27
      26
      25
      23
      30
      26
      31
      24
      30
      29
      26
      22
      38
      27
      28
      21
      37
      33
      31
      28
      30
      30
      19
      31
      29
      33
      21
      19
      32
      20
      34
      20
      31
      37
      29
      24
      18
      31
      24
      16
      23
      15
      15
      19
      26
      20
      25
      26
      19
      20
      13
      14
      29
      20
      16
      15
      15
      11
      16
      14
      16
      11
      19
      12
      19
      12
      17
      19
      15
      14
      18
      15
      17
      12
      16
      23
      20
      13
      13
      10
      15
      18
      17
      12
      15
      19
      16
      15
      13
      12
      15
       7
      15
      18
      16
      10
      20
      12
      12
       5
       8
       9
      15
      14
      20
      13
      18
      18
      14
      15
      17
      19
      15
       7
      21
      18
      19
      29
      25
      24
      19
      30
      26
      47
      30
      31
      39
      56
      41
      48
      58
      57
      42
      74
      61
      58
      60
      62
      79
      81
      74
      75
      73
      82
      77
      91
      68
      86
      72
      87
      73
      90
      87
      70
      60
      70
      70
      68
      60
      61
      52
      44
      66
      49
      46
      40
      39
      28
      35
      27
      34
      30
      23
      30
      32
      21
      22
      14
      18
      19
      11
      17
      16
       6
       9
      11
      12
      23
      11
      12
      12
      12
      15
      12
      12
       9
      11
       5
      14
       8
      12
       4
      11
       6
       6
       7
       7
       5
       3
       5
      15
       8
      11
       9
       8
       7
      10
      14
       6
       7
      11
       5
       9
       9
       8
       8
       9
       9
      11
      10
       8
       9
      12
      13
      13
       9
       9
       8
       6
       9
      10
       6
      13
       6
      11
       8
       9
      12
       8
      10
      11
       7
       7
       6
      11
       9
       5
       5
       8
       7
       7
       9
       4
       5
      11
       9
      10
       9
      11
      11
      10
       6
       6
      10
       6
       8
       8
       7
       4
       7
       7
      10
      11
      12
      11
       7
       8
       5
       9
      11
      10
       8
       8
      11
       3
       8
       8
       6
       8
       8
      13
       6
       8
       6
       8
       9
      10
      12
       6
       5
       6
       7
       8
       6
       9
       5
       5
       9
       8
       5
      10
      12
       6
       5
       8
       8
       6
      12
       6
      11
      17
      10
       9
      12
       9
       5
       5
       4
      11
       9
       8
       8
       5
       5
      10
       9
      12
       7
       6
       7
       5
       9
      13
       6
       5
      10
       9
       5
       7
      12
       4
      10
       4
       6
       7
       0
       7
       9
       9
       9
      10
      11
       8
       7
      12
       9
       6
       1
       4
       8
      13
      13
       4
       4
       7
      12
       6
       6
       6
       5
       6
       6
       9
       9
       5
       7
       5
       6
       6
       9
       6
       4
       5
       5
       2
       9
       3
       6
       8
      10
      11
       5
       6
       8
       6
       7
      10
       4
      10
       5
      10
       7
       7
       7
       3
      13
       8
       1
       7
       6
       5
       6
       6
       3
      11
       4
       3
      10
       2
       8
       9
       7
       8
       1
       4
       9
      10
       5
       4
       7
       8
       4
       8
       9
       5
      10
       5
       5
       9
       9
       8
       3
      12
       3
       8
       5
      11
       9
       5
       9
       5
       3
       4
       6
      10
       6
       5
      10
       4
       9
       8
       9
       6
       8
       3
       6
      12
       4
       5
       8
       4
       5
       5
       9
       8
       8
      10
      16
       6
       9
      14
       5
      10
       5
       8
       7
       4
       4
       9
       7
       5
       7
       7
       6
       4
      10
       7
       7
       8
      11
       7
       9
       2
       6
      14
       5
       7
       8
       4
       7
       8
       8
       9
      15
       4
       9
       7
      12
       6
       7
       6
      10
       3
       1
       7
      14
       7
       4
       9
       2
      11
      10
       4
       3
       6
       5
       4
       2
       9
       6
       7
       9
       5
       5
       3
       8
       7
      13
       1
       8
      12
       6
       8
       4
       3
       3
      11
       2
       6
      12
      14
       8
       6
       5
       7
       8
       5
       6
       6
       4
       5
       7
      10
      12
      10
       6
       7
       7
       7
       6
       5
       5
       6
       7
       8
       6
       6
       6
       4
       7
       5
       2
       8
       3
       8
       5
       9
      10
       4
       4
       7
       6
       4
       9
       6
      10
       6
       5
       6
       7
       5
       8
       4
       5
       6
       4
       1
       4
       6
       3
       6
       8
       7
       7
       6
      10
      12
       7
       5
       3
       9
       5
       6
       5
       4
       8
       5
       2
       5
       8
      10
       6
       7
       8
       5
       8
       7
       7
       5
       6
       5
       3
       7
       9
       7
      12
       3
       1
       8
       7
       1
       6
       6
       7
       6
       7
       4
       9
       5
       3
      10
       5
       7
      10
       4
       9
       9
       4
       8
       6
       5
       1
       7
       9
       7
       5
       9
      10
       7
       5
       8
       6
       4
      10
       6
       5
       6
       4
      10
       5
       5
       9
       6
       6
       7
       8
       8
       6
       9
       3
       9
       9
       6
      11
       4
       9
       6
       9
       4
       3
       7
      10
       7
      10
       7
       9
       6
       4
      11
       6
       7
       5
       4
      10
      10
       9
      11
       8
       7
       5
      10
       9
       6
       3
       4
      13
       6
       6
       8
       7
      12
       3
       5
      11
      10
       5
      10
       5
       7
       8
      10
      12
       7
       8
       9
       5
       7
       9
       8
      11
       7
       7
       9
       7
      11
       3
       3
       6
       8
       4
       7
      10
       8
       5
       4
      10
       2
       4
       5
      12
      12
       7
       4
       8
       5
       8
       5
       6
       4
       5
       4
      10
       5
      11
       8
       7
       3
       8
       3
       6
       5
       3
       6
       6
       4
       2
      11
       4
       7
       9
       6
       5
       5
       9
       5
       6
       8
       4
      11
       9
      12
       9
       5
       2
      13
       6
       6
       5
       4
       6
       5
       5
       4
       7
      12
       9
       4
       5
       4
       8
       5
       8
      10
       8
       5
       5
       9
       4
       6
       4
       7
       6
       8
       5
       5
       6
       3
       9
       3
       6
      10
       7
       1
       9
       3
       3
       3
       5
       7
       6
       7
       3
       9
       5
      14
       4
       9
      18
       4
      12
       8
       6
       1
       8
       6
       6
      10
       9
       9
       8
       5
       5
       8
       4
       3
       2
       4
       6
       4
       4
       7
       4
       9
       5
       7
       8
       8
       6
       5
      10
       5
       8
      10
       2
       2
       5
       3
       9
       5
       3
       6
       6
       5
       5
       3
      12
       8
      11
       7
       6
       6
       9
       5
       5
       7
       7
       5
       9
       7
       7
       5
       6
       7
       3
       9
       4
       1
       7
       4
       5
       9
       3
       7
       6
       5
       5
      11
       7
      11
       3
       2
       5
       5
       2
       9
      11
       9
       7
       3
       6
       4
      11
       8
       6
       4
       6
       6
      11
       6
       5
       7
       6
       4
       4
      16
       6
       6
       3
       8
       6
      11
       6
       3
       8
      10
      14
       9
      11
       8
      11
       6
       8
       3
       9
      13
       6
       7
       6
       6
       7
       9
       3
       4
       9
      11
       9
       4
      11
       8
       6
       8
       5
       8
       7
       9
       7
       3
       4
       9
       9
       2
       2
       7
       7
       9
       8
       9
      10
       8
       6
       9
       8
      13
      10
       4
       9
      11
       5
       4
       8
       6
       9
       8
       4
       5
       9
       9
       7
      15
       4
       6
       5
       6
       8
       8
       8
       4
       8
      13
       9
       6
       7
      11
       4
       8
       9
       6
       9
       6
      13
       6
      15
       5
       8
       7
       6
      11
      10
       5
       6
       5
       9
       8
       7
       7
       7
       5
       7
       4
       6
       6
       7
       9
       6
       8
       7
      19
      15
       4
       5
       7
       8
       3
       9
       3
      10
       2
       2
      11
       8
       3
       3
       3
       7
       7
       4
       8
       8
       8
      10
      13
       7
       6
       5
      10
       6
       6
       8
      12
       8
       6
       7
      11
       5
       7
       4
       4
       8
      11
       4
       8
       8
       3
      10
       6
      10
       9
       8
      13
      10
       7
      11
      11
       8
       9
       5
       7
       6
       8
      10
       9
       6
       9
       5
       4
      10
       9
       8
       8
       7
       9
      12
      15
       6
      12
      10
      13
      11
      10
       9
      13
       8
      11
       9
      12
       7
      11
       5
      10
       8
       7
       9
      10
      12
       6
      10
       8
      13
      14
       4
       9
      16
       7
      10
       8
      15
      11
      11
       8
       7
       9
      12
       5
       8
       6
      12
      10
       6
       8
      12
       8
       7
       4
      12
       7
      10
      12
       4
      10
      10
      11
      11
       8
       8
       5
      12
       8
       5
       8
       7
      10
       8
       9
       9
      10
       8
       7
       3
       5
       8
       9
      13
       7
       5
       9
       9
      13
       9
       7
      10
       8
      10
       8
       8
      13
       7
       7
       8
       9
       3
       7
       9
       5
       6
       5
       8
       5
       7
      10
      16
       9
       8
       9
       9
       4
       4
       8
      11
      13
       7
      14
       5
       5
       5
       7
       6
      14
       9
       7
       9
       6
      10
       9
       8
       8
       8
       8
       0
       0
       0
       0
       0
       0
       0
       0
       0
       0
       0
       0
       0
       0
       0
       0
       0
       0
       0
       0
       0
       0
       0
       0
       0
       0
       0
       0
       0
       0
       0
       0
       0
       0
       0
       0
       0
       0
       0
       0
       0
       0
       0
       0
       0
       0
       0
       0
       0
       0
       0
       0
       0
       0
       0
       0
       0
       0
       0
       0
       0
       0
       0
       0
       0
       0
       0
       0
       0
       0
       0
       0
       0
       0
       0
       0
       0
       0
       0
       0
       0
       0
       0
       0
$ROI:
1
712 830
$PRESETS:
None
0
0
$ENER_FIT:
-23.656767 2.297974
$MCA_CAL:
3
-2.365677E+001 2.297974E+000 2.836717E-005 keV
$SHAPE_CAL:
3
0.000000E+000 0.000000E+000 0.000000E+000
