$SPEC_ID:
No sample description was entered.
$SPEC_REM:
DET# 1
DETDESC# DESKTOP-I499GD2 Easy-MCA-2k SN 18191655
AP# Maestro Version 7.01
$DATE_MEA:
02/28/2024 14:02:24
$MEAS_TIM:
105 106
$DATA:
0 2047
       0
       0
       0
       0
       0
       1
       5
      11
     135
      96
      97
     121
     126
     141
     161
     163
     175
     179
     173
     194
     138
     155
     140
     163
     150
     168
     177
     202
     287
     366
     432
     472
     639
     748
     637
     444
     314
     245
     269
     312
     315
     331
     400
     420
     499
     570
     683
     670
     746
     767
     929
    1116
    1169
    1169
    1266
    1169
    1119
    1147
    1278
    1514
    1943
    2723
    3990
    5213
    5952
    6029
    5065
    3515
    2277
    1316
     733
     491
     374
     365
     329
     330
     314
     317
     299
     293
     271
     288
     266
     280
     274
     314
     285
     320
     345
     312
     386
     355
     367
     331
     356
     262
     279
     257
     226
     234
     206
     194
     215
     183
     204
     189
     186
     196
     176
     189
     178
     178
     152
     166
     165
     165
     198
     159
     167
     139
     161
     145
     146
     144
     142
     121
     134
     152
     136
     137
     142
     134
     149
     134
     130
     125
     137
     122
     132
     124
     114
     102
     109
      97
      86
     100
      97
      95
     114
     112
     113
      96
      97
     112
      94
     105
      93
     113
     107
      88
      87
      85
      93
      91
      92
      85
      71
      91
      86
      87
      81
      87
      75
      73
      64
      72
      64
      70
      75
      73
      81
      68
      64
      47
      71
      56
      67
      58
      69
      54
      66
      71
      66
      57
      63
      69
      71
      72
      59
      53
      68
      63
      77
      74
      67
      74
      66
      74
      83
      80
      79
     110
      78
      75
     116
     104
     116
     113
     121
     129
     119
     123
     135
     149
     155
     145
     172
     165
     204
     177
     164
     170
     154
     157
     159
     134
     136
     129
     112
     101
      96
      79
      74
      64
      56
      55
      55
      40
      38
      53
      38
      51
      29
      33
      32
      48
      38
      29
      39
      44
      41
      37
      48
      34
      44
      42
      34
      48
      32
      36
      42
      36
      43
      44
      37
      41
      45
      36
      36
      42
      35
      39
      35
      35
      27
      34
      31
      37
      28
      35
      39
      35
      33
      29
      44
      26
      29
      41
      29
      32
      37
      40
      31
      19
      34
      32
      32
      27
      28
      25
      35
      30
      30
      30
      33
      30
      33
      27
      28
      25
      32
      28
      25
      28
      35
      28
      42
      34
      30
      19
      20
      33
      29
      26
      26
      30
      40
      27
      32
      30
      25
      30
      29
      24
      26
      23
      28
      26
      29
      26
      31
      29
      18
      19
      23
      16
      24
      29
      36
      41
      32
      30
      38
      29
      22
      20
      25
      29
      29
      29
      34
      22
      28
      28
      19
      29
      30
      23
      21
      35
      22
      25
      20
      26
      21
      21
      26
      25
      29
      22
      18
      18
      21
      27
      29
      15
      32
      28
      20
      28
      34
      16
      26
      21
      27
      27
      29
      22
      20
      25
      23
      26
      14
      27
      25
      29
      17
      18
      19
      25
      23
      21
      21
      25
      26
      26
      21
      28
      14
      29
      14
      16
      12
      22
      13
      17
      21
      16
      22
      23
      18
      15
      16
      23
      21
      17
      14
      14
      23
      15
      27
      22
      14
      26
      16
      24
      23
      27
      20
      16
      20
      20
      25
      13
      17
      19
      30
       9
      20
      20
      20
      16
      23
      16
      22
      29
      17
      24
      26
      28
      17
      26
      32
      27
      31
      34
      37
      35
      23
      30
      30
      29
      28
      25
      28
      37
      30
      26
      34
      22
      16
      32
      27
      28
      23
      17
      17
      14
      17
      17
      21
      24
      22
      14
      16
      12
      20
      25
      15
      20
      17
      21
      21
      18
      14
      20
      15
      14
      25
      21
      15
      22
      30
      26
      22
      15
      16
      23
      17
      16
      22
      22
      13
      21
      12
      24
      14
      22
      25
       8
      19
      24
      18
      23
      14
      16
      22
      25
      27
      18
      23
      17
      24
      11
      21
      21
      19
      19
      21
      13
      17
      15
      16
      12
      20
      16
      13
      21
      23
      16
      17
      15
      15
      17
      18
      30
      19
       9
      18
      16
      15
      19
      15
      16
      20
      15
      18
      14
      23
      12
      22
      17
      20
      19
      19
      17
      18
      21
      21
      22
      17
      13
      20
      24
      18
      33
      17
      18
      19
      13
      17
      20
      12
      17
      15
      22
      23
      18
      20
      20
      23
      19
      18
      22
      15
      21
      22
      17
      26
      14
      20
      19
      26
      19
      25
      19
      16
      12
      16
      21
      18
      25
      17
      21
      23
      15
      12
      17
      13
      12
      14
      24
      19
      11
      18
       8
       6
      15
       9
      12
       7
       6
      13
      10
      15
      12
      13
       9
       8
      13
      13
      11
       8
       7
      10
      14
      14
       7
      15
      13
      15
      16
       7
      12
      15
      11
       9
      10
      12
       8
       8
      10
      10
      15
      11
      15
       7
       9
      10
       7
      15
      15
      14
      14
      13
       9
      12
      16
       9
      12
      12
      10
      11
      16
       7
      10
      12
      10
      10
      11
       8
      11
      14
       9
      15
      10
      20
      14
      17
      22
      22
      24
      25
      30
      31
      29
      41
      32
      32
      33
      47
      41
      47
      36
      35
      40
      49
      32
      50
      49
      42
      44
      48
      43
      48
      48
      47
      46
      48
      55
      38
      42
      36
      40
      34
      38
      29
      27
      28
      23
      30
      31
      26
      26
      27
      19
      15
      16
      14
      18
      20
      11
      17
      22
      12
      12
      15
       7
      10
      15
      11
       8
       7
       8
      10
       8
      10
       9
       7
       7
      10
       7
       9
       5
       7
      11
       9
      10
       5
       4
       4
       9
       6
       5
       7
       5
       3
       6
       8
       9
       3
       6
       7
       5
       6
       5
      13
       6
       6
       7
       7
       7
       6
      12
      12
       8
       9
       7
       8
       7
       8
       4
       9
       6
       5
       7
       7
       7
       6
       6
      11
      16
       3
       8
      12
       5
       7
      10
      10
       6
       9
       8
       8
       7
       8
       4
       4
       6
       6
       5
       8
       9
       5
       6
      12
       4
       8
       5
       8
       8
       8
       3
       8
       7
       6
       7
      10
       4
       6
       7
       8
       8
       4
       6
      11
       9
       9
       8
       9
       4
       5
       9
       8
       8
      10
       6
       7
       5
       5
       7
       6
      10
       0
       3
       3
       4
       8
       2
       9
       5
      11
       2
       6
       6
       8
       9
       3
       7
       6
       6
       5
       8
       7
       7
       5
       6
      10
       7
       9
      11
       8
       6
       4
      10
       8
       6
       4
       5
       4
       5
       7
       8
       3
       8
       9
       6
       5
       3
       6
       5
       9
       6
       9
       5
       8
       9
       5
       4
       6
      10
       7
       3
       6
       7
       9
       2
       3
       4
       4
       6
       5
       8
       3
       8
       5
       4
      10
       5
      12
       8
       5
       7
       5
       9
       4
       7
       3
       6
       9
       7
       4
       7
       8
       6
       9
       5
       5
       7
       5
       5
       2
       9
       7
      13
       8
       3
       6
       6
       5
       3
       6
       6
       6
       4
       2
       5
       4
       7
       8
       9
       7
       6
       5
       7
       7
       6
       6
       6
       4
       5
       6
       4
       2
      10
       7
       7
       5
       4
       5
       3
       9
       3
       3
       7
       4
       3
       5
       2
       6
       6
       5
       6
       8
       5
       6
       8
       6
       5
       3
       9
       3
       5
       3
       5
       4
       7
       7
       7
       7
       6
       6
       3
       7
      10
       6
       6
       4
       8
       5
       6
       2
       5
       4
       9
       5
       5
       7
       6
       5
      10
       3
       2
       9
       7
       5
       4
       8
       5
       7
       0
       6
       7
       9
       6
       5
       6
       2
       5
       4
       7
       5
       4
      12
       5
       6
       5
       5
       9
       8
       3
       7
       4
       4
       4
       9
       7
       4
       5
       6
       3
       7
       6
       4
       6
       6
       8
       8
       7
       4
      11
      13
       9
       5
       8
       9
       1
      11
       6
       4
       3
       5
       6
       9
      12
       5
       8
       8
       3
      10
       7
       2
       5
       3
       6
       5
       5
       7
       5
       7
       7
       6
       5
       5
       6
      10
       5
       8
       5
       8
       5
       5
       6
       5
       6
       5
       6
       7
       6
       5
       3
       3
       4
       5
       5
       3
       5
       5
       7
       3
       6
       4
       6
       6
       8
       5
       4
       7
       2
       2
       3
       7
       3
       6
       4
       4
       4
       5
       7
       4
       4
       5
      10
       5
       2
       5
       7
       3
       5
       6
       3
       5
       3
       5
       4
       6
       8
       3
       6
       6
       1
       6
       8
       5
       7
       5
       7
       4
       5
       2
       6
       4
       4
       9
       5
       6
       8
       1
       4
       4
       3
       4
       4
       5
       7
       3
       8
       7
      12
       4
       8
       6
       7
       3
       6
       6
       6
       6
       6
       5
       4
       3
       9
       6
       8
       9
       4
       9
       5
       6
       4
       7
       3
       3
       7
       6
       8
       5
       7
       4
       8
       8
       5
       5
      10
       1
       7
       8
       6
       6
       2
       6
       3
       2
       6
       8
       3
       8
       9
       5
      10
       5
       9
       8
       7
       6
       5
       6
       6
       8
       5
       5
       6
       4
       3
       3
       4
       8
       5
       9
       9
      10
       5
       6
       9
       9
       5
      10
       9
       4
       5
       7
       7
       4
       6
       7
       9
       3
       6
       9
       3
       3
       6
       8
       8
       7
       7
       5
       4
       7
      10
      13
       7
       4
       7
       6
       8
       8
       6
       8
       5
       5
      10
       3
      12
       8
       7
       5
       6
       8
       4
       4
       4
       5
       6
       5
       4
       3
       4
       3
       4
       7
       4
       7
       5
       7
       8
       4
       4
       7
       6
       5
       4
       3
       6
       9
       5
       3
       9
       5
      11
       7
      10
       3
       6
       4
       6
       5
       2
       4
       9
       7
       2
       6
       5
       3
       5
       5
       6
       8
       2
       4
       7
       1
      10
       5
       3
       8
       7
       4
       6
       6
       5
       5
       4
       9
       9
       5
       4
      11
       4
      11
       6
       5
       5
       3
       3
       5
       6
      11
       4
       8
       3
      11
       2
       6
       1
      12
       4
       8
      10
       9
       6
       5
      13
       3
       9
      13
       6
       4
       4
       5
       7
       3
       5
       6
       7
       4
       2
       4
       9
       2
       8
       3
       4
       3
       7
       6
       9
       3
       7
       6
       6
       2
       3
       5
       5
       7
       6
       7
      11
       4
       4
       7
      10
       4
       6
       1
       4
       7
       0
       7
       8
       2
       3
       4
       3
       7
       5
       3
       3
       7
       2
       8
       7
       7
       5
       6
       9
       8
       4
       5
       2
       7
       5
       7
       9
       8
       5
      10
       8
       9
       8
       4
       5
       4
       3
       2
       9
       9
       7
       2
       5
       4
       9
       1
       5
       6
       7
       6
       7
       4
       6
      10
       4
       7
       8
       6
       3
       3
       4
       3
      10
      10
       9
       7
       8
       7
      10
      12
       5
       5
       9
       5
       7
       6
       4
       6
       6
       5
       4
       7
       7
       8
       9
       8
       5
       4
       7
       5
       4
       4
       4
       5
       7
       3
       7
      11
       6
       9
       6
       8
       9
       8
      11
      12
      12
      10
       9
      11
       5
      10
       6
       4
       4
       9
      11
       6
       6
       5
       9
       2
      10
       5
       7
       7
       5
       5
       5
       7
       7
       5
      10
       9
       6
       7
       8
       8
       6
       7
       5
       7
       7
       7
       7
       9
       6
       4
       6
       9
       9
      12
       9
      10
       5
      10
       4
       4
       8
       3
       5
      10
       6
      15
       5
       4
       4
       8
       2
       9
       5
       2
       9
       6
       5
       4
       6
       8
       3
       6
       9
       4
       5
       9
       8
       5
       4
       5
       9
       4
       6
       9
       5
       6
       7
      10
       7
       6
       5
       8
       9
      10
       8
       4
      13
       6
       2
       5
       7
       9
      11
       6
       6
       4
       6
       9
       8
       6
       2
       3
       7
       4
       5
       9
       8
       4
       9
       6
       7
       5
      11
       9
      11
       9
       9
       5
       4
       7
       7
       3
       2
       5
       2
       9
       8
       7
       9
       5
       9
       5
       4
       7
       5
       6
       4
       9
       6
       6
       7
       6
       9
      10
      10
       9
      12
       8
       7
       8
       4
       6
       8
      13
      11
      10
      11
      10
       6
       9
       9
       3
       7
       8
       9
       4
      11
       5
       7
       8
      10
       9
       8
       6
       9
       7
      10
       9
       4
       7
       9
      10
      10
       9
      10
       5
      11
      11
       4
      13
      10
       3
       7
       4
       7
       5
      12
       5
      13
       5
       8
       5
       8
      12
       7
       7
      11
      15
       8
       4
       9
       5
       9
      14
       3
       7
       9
       7
       3
       6
      10
      10
      11
       7
       9
       6
       3
      12
       7
       5
       6
       8
       3
       9
       5
       6
       6
       8
       8
      10
       8
       4
      10
       8
      10
       9
      10
       9
       6
       4
      12
       6
       8
       6
       8
       8
       8
       7
       9
       5
       6
      11
       3
       8
       9
       5
      14
       6
      10
       9
       7
       6
       9
       4
      13
       4
       6
       5
       5
       6
       9
       5
       8
       4
       6
       5
       6
       4
       6
       2
       5
       3
       5
      11
       9
       1
       6
       0
       0
       0
       0
       0
       0
       0
       0
       0
       0
       0
       0
       0
       0
       0
       0
       0
       0
       0
       0
       0
       0
       0
       0
       0
       0
       0
       0
       0
       0
       0
       0
       0
       0
       0
       0
       0
       0
       0
       0
       0
       0
       0
       0
       0
       0
       0
       0
       0
       0
       0
       0
       0
       0
       0
       0
       0
       0
       0
       0
       0
       0
       0
       0
       0
       0
       0
       0
       0
       0
       0
       0
       0
       0
       0
       0
       0
       0
       0
       0
       0
       0
       0
       0
$ROI:
1
712 830
$PRESETS:
None
0
0
$ENER_FIT:
-23.656767 2.297974
$MCA_CAL:
3
-2.365677E+001 2.297974E+000 2.836717E-005 keV
$SHAPE_CAL:
3
0.000000E+000 0.000000E+000 0.000000E+000
