$SPEC_ID:
No sample description was entered.
$SPEC_REM:
DET# 1
DETDESC# DESKTOP-I499GD2 Easy-MCA-2k SN 18191655
AP# Maestro Version 7.01
$DATE_MEA:
02/29/2024 11:55:18
$MEAS_TIM:
46 46
$DATA:
0 2047
       0
       0
       0
       1
       0
       0
       0
       1
      20
      27
      20
      15
      22
      21
      34
      19
      23
      21
      18
      21
      14
      16
      16
      28
      18
      19
      24
      18
      23
      29
      35
      26
      37
      28
      48
      41
      25
      20
      31
      33
      39
      27
      41
      33
      35
      46
      40
      44
      56
      62
      43
      51
      51
      40
      62
      63
      68
      63
      61
      65
      59
      74
      67
      62
      78
      85
      87
      79
      70
      70
      66
      62
      71
      79
      77
      60
      71
      74
      69
      64
      75
      77
      62
      67
      65
      71
      67
      66
      71
      73
      58
      53
      67
      52
      56
      78
      65
      72
      42
      52
      67
      66
      53
      73
      56
      65
      64
      64
      61
      63
      55
      61
      49
      53
      58
      58
      49
      47
      49
      39
      55
      47
      52
      44
      54
      39
      52
      53
      52
      50
      33
      52
      44
      36
      43
      36
      44
      35
      43
      40
      33
      32
      38
      35
      37
      49
      33
      33
      26
      35
      25
      34
      29
      50
      28
      29
      31
      30
      38
      42
      29
      36
      34
      40
      25
      15
      18
      28
      26
      29
      23
      34
      26
      29
      25
      24
      26
      19
      17
      14
      23
      20
      16
      20
      29
      18
      23
      20
      20
      15
      16
      23
      14
      21
      24
      22
      16
      26
      20
      16
      13
      13
      17
      16
      16
      17
      22
      11
      23
      22
      25
      20
      22
      24
      21
      17
      24
      23
      18
      22
      35
      36
      48
      56
      37
      35
      32
      49
      44
      39
      48
      30
      46
      46
      31
      23
      27
      35
      26
      19
      23
      21
      17
      15
      15
      26
      14
      17
      13
       9
      17
      12
      11
      12
      11
      19
      15
      11
      12
      17
      12
      13
      12
      13
       8
      16
      16
      10
      18
      12
      11
       4
      13
      14
      18
      17
      13
      15
      14
       9
      16
      10
      12
      12
      11
      15
      13
      15
      11
      17
      17
      16
      12
      10
       7
      11
      15
      12
       3
      10
      14
      16
       9
      10
      14
      12
       7
      14
      10
      15
      14
      14
      15
      11
       9
      12
      12
      13
      15
      10
      14
       8
      12
      11
      14
      11
      16
       9
       9
      17
       6
      11
      13
       9
       6
      17
      11
       9
       8
      14
       7
      10
      23
       8
      12
      18
       9
       9
      14
      10
      10
      13
       9
      18
      13
      13
      11
       8
      13
      12
      14
      12
      18
      11
       8
      13
      17
       9
      12
      16
      11
       6
      12
      12
      13
      14
      12
       9
      11
      15
       8
       8
      11
       5
      10
       9
       2
      13
       7
      10
       8
      13
      14
      13
      10
       4
       5
      17
       5
      10
       5
      11
      16
      13
       8
      11
       6
      10
      11
       9
       6
       7
      11
       7
      12
       8
       8
       7
       7
      11
       3
      10
       5
      11
       7
       7
      11
       9
       9
       8
      13
       9
       5
       7
      12
       7
       5
       5
       5
       9
       8
       6
       7
      11
       6
       6
       8
       9
       7
       8
       5
      12
      12
       5
       6
      10
       8
       4
       4
      11
       9
       8
       9
      10
       7
       1
       9
       7
       5
       7
       8
       8
      11
      11
      12
       7
       8
      13
      12
       4
      10
      10
       4
       8
      13
      13
      11
      10
      11
      10
      17
      14
      12
       9
       8
       6
      10
       4
       4
       5
       6
       5
       8
       8
       8
       9
       8
       9
       6
       8
      10
       7
      12
       6
       7
       6
       6
       9
       2
       4
       8
       7
      16
      10
       5
       3
       3
       6
       7
       6
       9
       2
      11
       8
      12
       7
       6
       6
       5
      12
       7
      11
       7
       7
      11
       9
      10
      17
      10
       9
      12
       5
       9
      10
      10
      11
       6
       4
       7
       9
       9
       7
      10
       6
       6
       8
      11
       4
      12
       4
       3
       6
       7
       4
       9
      11
       9
       6
      13
       7
       2
      10
       3
       4
       6
       3
      10
       3
       3
       2
       4
       7
      10
       5
       5
      12
       7
       9
       6
       3
       7
      10
       7
       7
       8
      10
       5
       5
      11
      11
       5
      11
       7
       7
       3
      13
       4
       4
       8
       5
      10
       5
       7
       9
       4
       8
       9
       8
       9
      11
      11
      11
       8
       9
       5
       8
       9
       9
       4
      10
      10
       7
      14
       8
       7
      10
       5
       6
       6
       8
       9
       8
       9
       4
       6
       5
       8
       5
       5
       5
       4
       3
       9
      12
       4
       8
       2
       3
       6
      12
       3
       4
       4
       0
       8
       7
       4
       9
       2
       3
       7
       1
       9
       8
       4
       6
       7
       6
       4
       6
       3
       2
       3
       4
       3
       4
       3
       3
       4
       5
       4
       2
       3
       4
       3
       1
       2
       6
       3
       3
       2
       0
       5
       4
       6
       2
       1
       4
       0
       4
       2
       3
       6
       6
       1
       2
       2
       6
       6
       4
       4
       4
       5
       4
       5
       6
       4
       7
      14
      13
       8
       9
       6
      10
      12
      18
      11
      15
      21
      16
      13
      26
      20
      26
      15
      23
      17
      26
      27
      21
      26
      25
      20
      29
      14
      29
      28
      27
      32
      19
      18
      21
      24
      18
      21
      20
      15
      11
      15
      19
      19
      14
      13
      16
      10
      11
       3
       9
       7
       5
      13
       3
       7
       7
       6
       3
       2
       3
       3
       0
       3
       2
       5
       5
       1
       4
       2
       4
       3
       4
       3
       4
       2
       2
       2
       3
       4
       3
       3
       4
       2
       4
       0
       0
       3
       4
       4
       2
       2
       2
       2
       2
       4
       2
       9
       3
       1
       0
       4
       2
       5
       2
       2
       2
       4
       4
       1
       1
       3
       1
       0
       4
       1
       3
       0
       6
       1
       3
       2
       4
       2
       0
       5
       2
       1
       5
       1
       1
       3
       1
       2
       2
       1
       2
       1
       1
       2
       2
       2
       0
       1
       0
       2
       4
       4
       3
       1
       5
       0
       1
       1
       2
       3
       2
       3
       3
       3
       3
       4
       3
       3
       1
       0
       1
       0
       2
       2
       1
       3
       3
       2
       2
       2
       6
       1
       2
       2
       4
       2
       2
       2
       1
       1
       0
       0
       5
       1
       2
       0
       2
       1
       2
       0
       0
       0
       2
       2
       3
       1
       3
       2
       1
       3
       1
       5
       2
       0
       2
       2
       1
       2
       1
       2
       0
       3
       2
       4
       4
       2
       2
       0
       3
       3
       4
       1
       2
       2
       3
       0
      12
       3
       3
       1
       0
       0
       2
       3
       2
       1
       1
       1
       3
       6
       1
       2
       1
       2
       7
       2
       1
       3
       3
       2
       3
       4
       1
       2
       3
       2
       3
       6
       1
       1
       0
       1
       1
       3
       5
       1
       2
       2
       0
       6
       0
       1
       2
       1
       3
       1
       3
       1
       1
       0
       2
       3
       1
       2
       3
       4
       2
       1
       1
       3
       4
       1
       2
       3
       1
       1
       3
       2
       2
       1
       1
       0
       0
       1
       2
       1
       3
       1
       1
       2
       2
       3
       1
       1
       0
       6
       4
       1
       0
       3
       1
       0
       4
       4
       2
       1
       1
       2
       0
       2
       1
       2
       1
       1
       0
       1
       3
       3
       3
       1
       1
       3
       0
       3
       1
       6
       4
       1
       0
       1
       1
       2
       3
       2
       2
       2
       2
       0
       1
       1
       4
       2
       0
       1
       2
       2
       0
       1
       0
       1
       1
       3
       1
       1
       1
       1
       1
       0
       1
       3
       3
       0
       2
       1
       0
       0
       0
       1
       1
       2
       0
       2
       2
       4
       1
       1
       3
       0
       1
       0
       1
       2
       0
       2
       1
       2
       0
       1
       1
       0
       1
       1
       1
       2
       1
       2
       2
       1
       1
       4
       3
       2
       2
       1
       1
       1
       1
       1
       1
       0
       1
       1
       1
       3
       1
       1
       0
       1
       2
       0
       0
       0
       3
       4
       5
       2
       0
       2
       2
       2
       3
       1
       4
       2
       3
       2
       3
       6
       1
       3
       1
       2
       2
       3
       1
       3
       3
       1
       2
       2
       2
       1
       2
       4
       1
       3
       4
       2
       1
       0
       1
       2
       3
       3
       2
       2
       0
       2
       1
       1
       1
       2
       0
       3
       1
       6
       1
       2
       1
       2
       1
       0
       0
       0
       0
       1
       2
       1
       3
       2
       1
       1
       0
       0
       2
       1
       2
       0
       1
       0
       0
       1
       1
       2
       1
       3
       2
       0
       2
       2
       0
       1
       0
       1
       2
       2
       1
       1
       1
       2
       1
       0
       1
       2
       0
       2
       0
       0
       0
       1
       2
       1
       0
       1
       2
       0
       0
       0
       2
       0
       3
       3
       3
       2
       1
       2
       1
       0
       4
       1
       0
       2
       0
       0
       1
       1
       0
       0
       2
       2
       5
       2
       0
       2
       1
       1
       0
       2
       0
       2
       1
       2
       0
       2
       2
       1
       1
       0
       0
       0
       1
       1
       1
       2
       0
       1
       1
       1
       1
       2
       1
       0
       2
       3
       2
       2
       1
       0
       0
       2
       2
       1
       0
       1
       0
       1
       1
       0
       1
       1
       2
       2
       1
       2
       0
       2
       0
       4
       1
       2
       2
       0
       3
       1
       0
       2
       2
       0
       1
       0
       0
       2
       3
       1
       1
       2
       1
       2
       0
       1
       1
       3
       0
       2
       0
       2
       0
       0
       3
       1
       2
       1
       0
       2
       0
       1
       0
       2
       1
       1
       2
       3
       3
       0
       3
       1
       1
       1
       1
       0
       3
       1
       2
       0
       0
       0
       2
       0
       1
       1
       1
       1
       0
       2
       2
       0
       0
       2
       0
       1
       0
       0
       0
       0
       3
       0
       1
       1
       2
       3
       1
       0
       0
       0
       0
       0
       3
       1
       1
       0
       2
       1
       0
       0
       1
       1
       0
       0
       4
       1
       0
       0
       2
       2
       0
       2
       2
       2
       1
       0
       0
       0
       3
       2
       0
       2
       0
       2
       0
       0
       0
       1
       1
       1
       1
       2
       1
       1
       1
       0
       1
       2
       1
       1
       1
       0
       2
       0
       1
       1
       0
       0
       0
       3
       1
       0
       0
       3
       0
       1
       2
       1
       0
       0
       0
       2
       0
       3
       1
       1
       1
       1
       0
       0
       2
       0
       0
       1
       0
       2
       0
       1
       2
       0
       0
       0
       0
       4
       0
       3
       0
       1
       0
       0
       0
       0
       1
       1
       3
       0
       2
       1
       3
       1
       1
       1
       0
       2
       1
       0
       1
       1
       1
       0
       0
       0
       3
       0
       1
       3
       0
       0
       0
       1
       1
       0
       1
       2
       3
       3
       1
       0
       0
       2
       1
       1
       2
       3
       1
       0
       3
       2
       1
       1
       1
       2
       1
       1
       1
       1
       0
       0
       1
       1
       1
       1
       4
       1
       5
       1
       0
       4
       1
       3
       1
       1
       1
       1
       1
       1
       2
       1
       0
       1
       1
       1
       1
       0
       2
       0
       2
       2
       2
       0
       2
       4
       2
       1
       2
       2
       1
       1
       0
       2
       2
       1
       1
       1
       0
       0
       1
       1
       1
       0
       1
       0
       1
       1
       0
       2
       2
       2
       1
       2
       2
       2
       0
       3
       1
       1
       1
       0
       1
       3
       1
       4
       0
       3
       0
       1
       0
       1
       0
       1
       2
       1
       0
       2
       0
       0
       3
       3
       1
       0
       1
       0
       3
       0
       0
       3
       1
       0
       1
       2
       0
       3
       2
       1
       4
       1
       0
       1
       2
       1
       1
       3
       1
       2
       0
       1
       2
       1
       4
       1
       2
       0
       0
       0
       1
       2
       3
       1
       1
       0
       0
       3
       1
       1
       1
       0
       1
       4
       0
       0
       1
       2
       3
       0
       0
       0
       0
       3
       2
       0
       2
       3
       0
       3
       2
       1
       2
       1
       0
       1
       0
       0
       2
       2
       1
       1
       2
       2
       1
       1
       3
       1
       0
       0
       2
       2
       2
       1
       2
       1
       3
       1
       1
       2
       0
       5
       0
       0
       0
       2
       1
       0
       1
       1
       1
       2
       3
       0
       0
       1
       2
       2
       0
       0
       2
       0
       1
       1
       2
       2
       1
       2
       2
       2
       0
       0
       1
       0
       2
       0
       1
       1
       1
       1
       1
       2
       1
       1
       0
       0
       2
       0
       1
       0
       1
       0
       1
       2
       3
       4
       0
       2
       0
       1
       1
       1
       1
       0
       0
       3
       1
       0
       3
       0
       2
       1
       1
       0
       4
       1
       1
       1
       2
       0
       0
       1
       1
       3
       2
       1
       0
       0
       2
       0
       2
       1
       0
       0
       2
       0
       1
       2
       4
       0
       0
       0
       1
       3
       2
       0
       1
       0
       2
       0
       1
       4
       0
       3
       2
       0
       1
       2
       1
       2
       0
       0
       1
       2
       3
       1
       1
       2
       1
       1
       0
       1
       1
       0
       1
       2
       1
       1
       0
       1
       2
       0
       1
       0
       3
       1
       0
       3
       1
       1
       0
       1
       0
       0
       0
       0
       0
       0
       0
       0
       0
       0
       0
       0
       0
       0
       0
       0
       0
       0
       0
       0
       0
       0
       0
       0
       0
       0
       0
       0
       0
       0
       0
       0
       0
       0
       0
       0
       0
       0
       0
       0
       0
       0
       0
       0
       0
       0
       0
       0
       0
       0
       0
       0
       0
       0
       0
       0
       0
       0
       0
       0
       0
       0
       0
       0
       0
       0
       0
       0
       0
       0
       0
       0
       0
       0
       0
       0
       0
       0
       0
       0
       0
       0
       0
       0
       0
$ROI:
1
712 830
$PRESETS:
None
0
0
$ENER_FIT:
-23.656767 2.297974
$MCA_CAL:
3
-2.365677E+001 2.297974E+000 2.836717E-005 keV
$SHAPE_CAL:
3
0.000000E+000 0.000000E+000 0.000000E+000
