$SPEC_ID:
No sample description was entered.
$SPEC_REM:
DET# 1
DETDESC# DESKTOP-I499GD2 Easy-MCA-2k SN 18191655
AP# Maestro Version 7.01
$DATE_MEA:
02/29/2024 11:53:05
$MEAS_TIM:
31 31
$DATA:
0 2047
       0
       0
       0
       0
       0
       1
       1
       1
      21
      17
      17
      22
      17
      24
      14
      18
      26
      18
      13
      22
      17
      15
      20
      25
      20
      20
      18
      17
      31
      28
      34
      27
      21
      19
      33
      32
      30
      39
      28
      19
      37
      30
      35
      35
      43
      31
      38
      41
      42
      56
      49
      65
      44
      44
      47
      54
      53
      63
      61
      56
      48
      70
      51
      55
      69
      60
      69
      47
      80
      58
      60
      69
      65
      55
      67
      53
      65
      69
      60
      53
      64
      59
      56
      50
      65
      64
      60
      68
      73
      58
      54
      78
      65
      55
      52
      57
      48
      39
      58
      57
      68
      73
      50
      49
      42
      39
      60
      51
      52
      55
      56
      45
      42
      39
      44
      41
      48
      53
      56
      49
      38
      38
      35
      34
      58
      48
      40
      36
      44
      44
      41
      40
      34
      37
      28
      26
      34
      47
      41
      31
      38
      40
      34
      41
      37
      29
      42
      39
      24
      31
      30
      30
      21
      33
      25
      34
      31
      31
      28
      26
      31
      24
      28
      27
      26
      31
      16
      23
      25
      23
      30
      24
      22
      22
      28
      17
      27
      16
      18
      28
      23
      28
      25
      26
      16
      29
      17
      25
      27
      15
      25
      18
      24
      17
      24
      22
      22
      19
      20
      26
      21
      25
      24
      16
      21
      14
      12
      13
      17
      19
      19
      20
      24
      21
      20
      19
      21
      29
      31
      22
      33
      32
      40
      41
      35
      46
      49
      39
      37
      53
      43
      48
      46
      30
      47
      32
      32
      26
      32
      27
      22
      20
      16
      16
      14
      20
      16
      15
      17
      17
      22
      15
      12
      15
      15
      21
      13
       9
      16
      12
      10
      21
      13
      22
      13
      16
      13
      12
      17
      14
      15
      16
      19
      12
      18
      13
      19
      10
      16
      19
      13
      13
       8
       9
      14
       6
       5
      15
      10
      10
       9
      13
      10
      11
       9
       3
      12
      13
       9
       7
      10
      14
      10
       7
      13
      14
       9
      10
      18
      12
      13
      13
       7
      14
      11
       6
      12
       5
      10
      22
       8
       9
      12
      12
      15
      10
       6
       8
      10
       7
       9
      17
      12
      15
      13
       8
      12
      13
       6
      10
       9
      14
      12
      13
      13
      19
      14
      13
       6
      13
      15
      12
      11
       8
       9
      11
      12
       8
      10
      14
      15
      16
      12
       9
       6
       9
      14
      10
      10
       5
       7
       7
      11
       9
      11
      15
       7
      10
      12
       9
      12
       9
      12
       9
       8
       9
      11
      15
       9
       8
       8
       8
       8
      11
       2
      10
       9
       8
      10
      12
      13
       7
      12
       8
      11
       9
      10
      15
       9
      11
      11
      14
       6
       6
       8
       6
      11
       5
      10
       8
      10
      13
       7
      11
       4
       6
       9
       5
       6
      14
      10
       7
       6
      10
       2
       5
       3
       8
      12
       6
       9
       9
       8
      12
       7
      10
      10
       5
      16
       8
      10
       5
       7
       3
       5
      10
       5
       7
       8
      14
       8
       9
      11
       7
       4
       9
       8
       8
       7
       6
      13
       4
      12
       4
       7
       6
      10
       5
       9
      11
      13
      13
       8
       8
      11
      12
      13
      12
      11
       9
       7
       8
      16
       6
      12
       6
       7
      13
      10
       3
      14
       3
       8
       9
       6
       5
       8
      11
      10
      12
      13
      12
       9
       9
       8
       3
      10
      10
       7
       8
      10
      10
       7
      14
      17
       9
       7
      12
      10
      10
      12
       9
       6
       6
       7
       4
       9
       9
      11
       8
      10
      12
      11
      14
       6
       9
       7
       6
      11
      11
       5
      10
       7
      14
      13
       8
       8
       5
      11
      13
      12
      10
       6
      10
       8
      11
      13
       7
      14
       9
      12
      15
       8
      14
      11
       4
      10
       7
      15
      13
       7
       9
       8
       6
      11
      13
       4
      10
       9
       6
      12
       6
       7
      13
       8
      12
       5
       6
       3
       6
       5
       7
       9
       9
       5
      11
       8
      17
       9
       8
       8
       8
      10
      11
      10
       7
      12
       9
      10
      15
       5
      11
       4
      16
       9
      11
       9
      10
       8
       4
       7
       8
       8
       6
       6
      10
       8
       7
       6
       8
       3
      11
      11
       9
      11
       8
       8
       7
      10
       8
      11
       6
       5
       7
      12
       6
       6
      10
       8
      11
       5
       7
       5
       9
       8
       6
       3
       6
      11
       5
       8
       4
       6
       8
       6
       4
       7
       5
       3
       8
       2
       7
       6
       5
       5
       5
       4
       2
       5
       7
       6
       2
       2
       3
       3
       3
       5
       3
       2
       2
       1
       6
       5
       3
       5
       6
       7
       3
       3
       3
       5
       5
       2
       1
       2
       1
       4
       3
       4
       2
       4
       2
       2
       4
       5
       1
       5
       7
       4
       6
       6
       4
       6
      12
       7
       8
      10
       4
       5
      14
      16
      13
      12
      12
      16
      19
      17
      25
      11
      26
      28
      19
      20
      26
      27
      33
      26
      28
      24
      37
      42
      38
      31
      29
      24
      27
      34
      26
      30
      34
      29
      25
      18
      24
      25
      18
      18
      17
      14
      16
      13
      13
      17
      12
      16
       8
       8
       6
      11
       9
       2
       7
       9
       4
       7
       6
       5
       2
       5
       4
       1
       3
       6
       3
       0
       1
       3
       1
       3
       2
       2
       6
       3
       5
       4
       5
       2
       3
       3
       3
       1
       2
       1
       2
       2
       6
       2
       5
       4
       3
       4
       4
       2
       4
       2
       4
       1
       4
       1
       2
       4
       1
       2
       2
       1
       1
       3
       3
       1
       3
       0
       4
       1
       3
       3
       1
       1
       1
       3
       3
       6
       1
       2
       2
       5
       1
       6
       5
       1
       3
       1
       3
       1
       0
       3
       3
       1
       2
       1
       2
       3
       3
       3
       1
       5
       4
       5
       5
       2
       1
       2
       1
       3
       2
       3
       4
       4
       2
       0
       0
       0
       1
       2
       2
       0
       3
       3
       2
       0
       2
       1
       2
       3
       2
       0
       1
       0
       2
       2
       1
       0
       3
       2
       1
       0
       1
       1
       3
       1
       2
       2
       0
       3
       4
       0
       1
       4
       1
       0
       3
       2
       3
       2
       4
       6
       1
       3
       2
       4
       1
       0
       2
       1
       0
       2
       2
       1
       3
       5
       2
       4
       3
       3
       1
       0
       0
       2
       5
       1
       2
       1
       2
       2
       2
       2
       2
       3
       3
       2
       0
       2
       3
       2
       2
       4
       1
       4
       1
       2
       2
       2
       3
       2
       4
       4
       2
       1
       2
       2
       3
       2
       4
       2
       3
       4
       2
       2
       2
       2
       1
       1
       7
       3
       0
       4
       3
       1
       1
       3
       1
       4
       2
       2
       3
       2
       3
       1
       1
       0
       5
       2
       4
       3
       0
       4
       1
       2
       7
       1
       0
       0
       3
       2
       3
       1
       0
       1
       2
       4
       2
       3
       1
       2
       1
       2
       2
       2
       1
       2
       1
       3
       2
       2
       3
       1
       1
       5
       1
       2
       2
       2
       2
       0
       1
       3
       1
       2
       3
       0
       2
       2
       2
       1
       4
       4
       2
       1
       0
       0
       4
       1
       2
       1
       2
       2
       1
       3
       2
       2
       1
       0
       2
       1
       2
       3
       2
       2
       3
       0
       3
       2
       1
       2
       3
       1
       1
       1
       3
       2
       3
       0
       0
       3
       0
       2
       1
       1
       2
       1
       2
       2
       4
       0
       2
       2
       0
       1
       0
       0
       1
       1
       3
       0
       4
       2
       0
       2
       4
       0
       1
       1
       0
       2
       0
       2
       2
       1
       0
       0
       2
       0
       1
       0
       1
       1
       1
       2
       0
       4
       3
       2
       1
       5
       0
       1
       6
       2
       2
       1
       1
       5
       1
       4
       3
       7
       1
       5
       4
       3
       4
       0
       0
       2
       4
       3
       0
       1
       5
       3
       2
       4
       6
       6
       1
       5
       3
       5
       3
       4
       5
       3
       4
       5
       5
       3
       2
       4
       2
       2
       2
       3
       3
       2
       8
       2
       1
       2
       1
       3
       0
       1
       5
       1
       3
       2
       1
       2
       1
       2
       0
       0
       3
       0
       1
       3
       1
       1
       1
       3
       5
       1
       1
       2
       4
       3
       0
       0
       1
       0
       2
       2
       2
       0
       1
       1
       1
       2
       1
       1
       1
       3
       3
       0
       3
       1
       0
       1
       2
       1
       0
       0
       1
       0
       0
       1
       0
       3
       2
       3
       2
       0
       0
       2
       0
       1
       2
       1
       0
       0
       2
       0
       0
       0
       1
       0
       0
       0
       2
       1
       0
       0
       1
       2
       6
       1
       3
       0
       2
       2
       3
       1
       1
       2
       0
       2
       0
       0
       3
       1
       2
       1
       3
       4
       0
       1
       1
       3
       1
       1
       1
       1
       0
       2
       0
       0
       1
       1
       0
       5
       1
       1
       1
       1
       0
       2
       0
       1
       2
       2
       3
       0
       2
       0
       1
       1
       2
       0
       2
       1
       2
       0
       1
       1
       2
       0
       1
       0
       2
       3
       3
       1
       3
       0
       1
       1
       0
       1
       1
       1
       1
       0
       0
       1
       2
       0
       1
       2
       1
       1
       2
       1
       0
       1
       1
       6
       2
       2
       1
       1
       0
       0
       1
       2
       3
       0
       0
       0
       2
       0
       0
       2
       1
       1
       2
       1
       1
       2
       1
       3
       2
       2
       0
       2
       0
       4
       0
       0
       0
       2
       2
       0
       1
       1
       1
       0
       3
       0
       1
       0
       0
       0
       0
       0
       1
       2
       1
       0
       1
       0
       0
       0
       1
       3
       0
       1
       0
       2
       0
       1
       1
       0
       2
       1
       3
       0
       0
       1
       1
       0
       0
       1
       1
       2
       0
       1
       1
       2
       0
       1
       0
       4
       1
       0
       1
       1
       1
       0
       1
       3
       2
       1
       1
       0
       3
       1
       1
       3
       1
       0
       0
       0
       2
       1
       2
       0
       2
       3
       1
       1
       1
       0
       4
       0
       1
       1
       0
       2
       1
       1
       0
       1
       2
       0
       0
       2
       3
       0
       4
       1
       2
       0
       1
       0
       0
       1
       0
       0
       0
       2
       1
       1
       1
       0
       0
       0
       0
       2
       3
       1
       0
       0
       1
       1
       0
       1
       2
       0
       1
       2
       0
       1
       3
       2
       0
       2
       1
       0
       2
       1
       2
       1
       2
       1
       4
       2
       0
       1
       0
       1
       1
       0
       1
       2
       0
       1
       2
       1
       0
       1
       1
       0
       4
       2
       1
       1
       2
       0
       0
       2
       0
       1
       2
       1
       1
       0
       0
       1
       1
       0
       0
       0
       1
       0
       0
       0
       4
       1
       2
       2
       1
       1
       0
       2
       1
       0
       2
       2
       1
       1
       1
       5
       1
       2
       1
       4
       0
       2
       4
       0
       3
       3
       1
       2
       0
       2
       1
       1
       1
       3
       0
       2
       1
       0
       3
       1
       1
       3
       2
       1
       2
       3
       3
       2
       0
       1
       4
       2
       0
       2
       1
       0
       1
       0
       0
       0
       1
       1
       3
       1
       1
       1
       1
       3
       1
       1
       2
       0
       1
       1
       0
       0
       0
       0
       0
       2
       2
       2
       1
       2
       0
       2
       1
       1
       4
       2
       1
       1
       1
       0
       2
       1
       2
       1
       4
       2
       0
       1
       2
       2
       2
       2
       1
       2
       1
       1
       1
       2
       2
       3
       3
       0
       1
       1
       0
       1
       1
       0
       2
       0
       2
       1
       2
       0
       1
       1
       3
       0
       1
       4
       2
       0
       1
       0
       0
       2
       1
       0
       2
       2
       1
       1
       1
       2
       2
       0
       3
       0
       1
       2
       1
       2
       2
       1
       0
       1
       0
       1
       0
       1
       1
       2
       1
       2
       0
       0
       2
       1
       0
       0
       2
       0
       1
       0
       0
       2
       2
       3
       0
       3
       0
       0
       1
       1
       2
       1
       2
       0
       3
       0
       1
       0
       0
       1
       0
       3
       0
       3
       1
       0
       2
       3
       2
       0
       2
       3
       3
       1
       0
       0
       3
       2
       0
       1
       0
       2
       2
       1
       0
       1
       1
       2
       2
       0
       2
       0
       1
       2
       1
       2
       4
       2
       1
       2
       1
       1
       4
       1
       3
       1
       0
       0
       2
       0
       1
       1
       1
       1
       0
       2
       0
       2
       1
       0
       1
       2
       1
       3
       2
       2
       4
       1
       4
       0
       2
       2
       1
       2
       0
       2
       2
       1
       1
       1
       0
       2
       0
       0
       2
       0
       2
       1
       2
       2
       4
       1
       0
       2
       1
       1
       0
       3
       0
       1
       1
       0
       1
       2
       1
       1
       1
       0
       2
       0
       2
       1
       1
       0
       1
       1
       1
       3
       1
       2
       3
       0
       2
       2
       0
       2
       0
       0
       2
       0
       2
       1
       1
       2
       2
       1
       0
       1
       1
       2
       0
       0
       0
       0
       0
       0
       0
       0
       0
       0
       0
       0
       0
       0
       0
       0
       0
       0
       0
       0
       0
       0
       0
       0
       0
       0
       0
       0
       0
       0
       0
       0
       0
       0
       0
       0
       0
       0
       0
       0
       0
       0
       0
       0
       0
       0
       0
       0
       0
       0
       0
       0
       0
       0
       0
       0
       0
       0
       0
       0
       0
       0
       0
       0
       0
       0
       0
       0
       0
       0
       0
       0
       0
       0
       0
       0
       0
       0
       0
       0
       0
       0
       0
       0
       0
$ROI:
1
712 830
$PRESETS:
None
0
0
$ENER_FIT:
-23.656767 2.297974
$MCA_CAL:
3
-2.365677E+001 2.297974E+000 2.836717E-005 keV
$SHAPE_CAL:
3
0.000000E+000 0.000000E+000 0.000000E+000
