$SPEC_ID:
No sample description was entered.
$SPEC_REM:
DET# 1
DETDESC# DESKTOP-I499GD2 Easy-MCA-2k SN 18191655
AP# Maestro Version 7.01
$DATE_MEA:
02/26/2024 12:06:04
$MEAS_TIM:
336 337
$DATA:
0 2047
       0
       0
       0
       0
       0
       2
       2
       4
     130
     126
     124
     131
     132
     122
     168
     144
     171
     178
     186
     168
     173
     134
     152
     158
     153
     182
     175
     223
     291
     326
     369
     344
     392
     519
     500
     400
     263
     225
     250
     236
     267
     310
     310
     342
     399
     410
     445
     465
     486
     546
     564
     605
     630
     728
     701
     689
     738
     752
     775
     844
     997
    1210
    1545
    1989
    2482
    2831
    2514
    2046
    1518
     978
     742
     604
     495
     491
     452
     468
     456
     442
     404
     463
     399
     410
     423
     435
     463
     414
     453
     420
     434
     401
     432
     440
     435
     403
     413
     426
     386
     407
     351
     377
     358
     355
     363
     345
     396
     361
     372
     331
     312
     333
     329
     336
     319
     319
     336
     298
     276
     297
     299
     278
     298
     269
     251
     267
     219
     237
     255
     217
     225
     257
     240
     236
     226
     233
     241
     273
     226
     214
     200
     209
     195
     195
     214
     193
     193
     193
     190
     186
     204
     189
     191
     167
     153
     181
     192
     187
     162
     176
     177
     177
     174
     184
     160
     182
     134
     138
     179
     145
     129
     146
     144
     153
     140
     145
     143
     132
     151
     135
     119
     125
     115
     130
     135
     128
     105
     120
     105
     122
     111
     128
     136
     106
      90
     113
     115
     105
      99
     118
      91
     111
     110
     101
     112
     109
     116
     121
     115
     110
     114
     134
     139
     134
     132
     135
     139
     158
     167
     165
     138
     193
     152
     184
     165
     190
     211
     187
     193
     194
     217
     194
     201
     197
     188
     178
     167
     190
     158
     163
     155
     141
     118
     136
     109
     109
     108
      98
      98
     103
      84
      68
      73
      83
      64
      92
      68
      64
      73
      71
      70
      68
      62
      61
      85
      64
      61
      73
      58
      66
      78
      65
      65
      55
      65
      61
      66
      67
      67
      77
      59
      75
      82
      66
      48
      52
      55
      76
      59
      54
      52
      53
      57
      53
      60
      62
      53
      71
      46
      52
      56
      73
      60
      53
      52
      38
      51
      56
      48
      57
      49
      44
      55
      51
      55
      50
      48
      41
      51
      57
      51
      51
      46
      44
      48
      46
      50
      57
      43
      46
      48
      56
      50
      59
      53
      47
      50
      52
      62
      50
      52
      51
      50
      46
      39
      49
      46
      36
      53
      39
      53
      47
      51
      55
      53
      53
      45
      65
      51
      48
      73
      59
      53
      46
      58
      47
      69
      57
      52
      67
      53
      65
      61
      58
      56
      57
      50
      49
      42
      49
      39
      56
      30
      59
      46
      40
      42
      47
      51
      37
      51
      45
      40
      41
      37
      36
      36
      36
      37
      37
      53
      46
      34
      43
      34
      27
      40
      33
      43
      42
      44
      41
      35
      41
      39
      40
      45
      41
      36
      35
      38
      37
      33
      26
      33
      22
      41
      45
      39
      33
      32
      34
      39
      27
      36
      30
      30
      42
      38
      44
      26
      23
      35
      32
      31
      28
      26
      39
      16
      27
      23
      43
      27
      30
      32
      28
      28
      26
      29
      31
      41
      36
      26
      36
      32
      39
      29
      33
      39
      29
      35
      29
      42
      39
      30
      33
      28
      37
      30
      51
      34
      50
      44
      45
      46
      48
      69
      46
      70
      40
      61
      56
      47
      52
      64
      55
      53
      55
      53
      59
      56
      54
      46
      47
      57
      46
      54
      49
      41
      41
      50
      36
      46
      40
      35
      35
      28
      37
      35
      28
      28
      25
      34
      31
      32
      30
      29
      30
      26
      32
      25
      31
      26
      24
      23
      26
      26
      22
      21
      22
      34
      34
      34
      32
      29
      24
      24
      28
      19
      30
      32
      30
      28
      34
      32
      32
      30
      30
      28
      29
      30
      29
      27
      28
      32
      36
      18
      25
      36
      29
      32
      26
      18
      39
      24
      32
      32
      25
      21
      23
      21
      35
      20
      25
      26
      26
      28
      21
      26
      29
      32
      25
      30
      22
      21
      23
      21
      24
      22
      23
      31
      22
      42
      31
      27
      31
      28
      19
      20
      21
      29
      23
      24
      36
      24
      22
      38
      24
      26
      27
      21
      27
      28
      28
      40
      22
      29
      32
      38
      24
      32
      31
      39
      36
      35
      30
      32
      33
      47
      44
      32
      39
      37
      31
      38
      35
      38
      41
      34
      35
      31
      26
      35
      33
      29
      34
      24
      24
      32
      30
      27
      25
      23
      20
      27
      30
      26
      30
      24
      23
      26
      24
      13
      20
      11
      18
      19
      15
      16
      21
      14
      13
      19
      12
      12
      11
      22
       8
      21
      17
      17
       8
      12
      15
      17
      10
      15
      18
       9
      12
      14
       9
       9
       8
       9
       9
      19
      15
      11
      13
      14
      16
      11
       6
      10
      16
      13
       8
       8
      11
      12
      12
       9
       6
      10
      19
       8
      11
       6
       7
       6
      10
      12
      12
      17
      14
      10
      10
      13
       8
       5
      19
      14
      12
      32
      16
      19
      17
      30
      23
      20
      31
      19
      34
      38
      47
      36
      33
      28
      44
      58
      58
      55
      62
      66
      48
      58
      65
      57
      65
      68
      64
      65
      70
      95
      60
      83
      61
      80
      66
      67
      77
      59
      52
      66
      67
      43
      45
      48
      46
      41
      32
      40
      30
      35
      37
      27
      31
      30
      28
      20
      25
      21
      15
      22
       9
      17
      12
      11
      15
       9
       7
       8
      20
      12
      14
       9
       5
      13
       7
      13
       4
       5
      11
       8
       9
       9
       7
      11
      10
       5
       2
       8
       6
       6
       7
      10
      10
       6
       9
       8
       5
       1
      11
       4
      10
       7
       4
       4
       3
       7
       4
       6
      11
       8
       7
       8
       6
       5
      11
      10
       7
       8
       7
       6
       6
       6
       8
       5
       7
       6
       9
       6
      10
       8
       8
       4
       7
       6
       9
      13
       3
      10
       9
       8
       4
       3
       7
       7
      11
       9
      10
      11
       7
       8
       2
       7
       2
      13
       4
      12
       6
       9
       7
       8
       8
       6
       9
       9
       6
       5
       8
      11
       6
       6
       4
       7
       4
       6
       8
       8
       6
      13
      11
       5
      11
      12
       2
       8
       9
       8
       6
       6
       8
       4
       5
       6
       4
       4
       9
      10
       2
       6
       5
      11
       7
       5
       8
      12
       5
       4
       1
       4
      12
       9
       4
       5
       5
       8
       8
       6
      12
       6
       7
       6
       7
       9
       9
       8
       7
       3
       7
       6
       6
       5
       8
       8
       4
       4
       2
      10
       3
      16
       2
       4
       6
       3
       4
       7
       5
       7
       6
       3
       5
      10
       6
       5
       5
       4
       8
       7
       5
       7
       5
       8
      10
       7
       4
      10
       5
       9
       9
       5
       9
       4
       6
       7
       9
       5
       6
       5
       8
       2
       6
       5
       3
       7
       5
       6
       7
       5
       6
       7
       4
       8
       7
       4
       3
       5
       7
       2
       6
      12
       2
       3
       5
       5
       1
       7
       3
       5
       8
      10
       7
       6
       7
       2
      11
       6
       3
       4
       1
       3
       3
       2
       7
       4
       4
       4
       4
       8
       3
       7
       9
       7
       5
       3
       4
       4
       6
       4
       9
       8
       8
       7
       2
       2
       6
       3
       2
       4
       2
       6
       3
       5
       4
       6
       3
       2
       6
       4
       6
       4
       7
       1
       6
       6
      11
       7
       4
       1
       4
       8
       6
       8
       5
      11
       8
       6
      11
      11
       9
       9
      10
       9
       4
       3
       6
       3
      10
       8
       3
       4
       6
       4
      10
       7
       9
       8
       6
       9
       6
      11
       6
       8
       2
       4
       6
       8
       2
       4
       5
      13
       7
       3
       2
       9
       8
       3
       7
       3
       5
       3
       7
       7
       3
       9
       5
       4
       8
       2
       2
       6
       7
       7
       4
       7
       4
       4
       4
       5
       3
       2
      11
       3
       7
       9
       4
       7
       5
       5
       5
      12
       5
       6
       6
       9
       6
       6
       7
       2
       7
       6
       4
       3
       7
       5
       7
       9
       6
       7
       7
       6
       9
       9
       8
       5
       6
       5
       8
       3
       6
      12
       6
       5
       9
       8
       2
       6
       6
       4
       4
       6
      13
       6
       4
       5
       3
       5
       5
       2
       8
       4
       1
       6
       5
       2
       5
       5
       3
       4
       4
       3
       4
       5
       4
       5
       3
       5
       3
       4
       7
       3
       7
       3
       1
       8
       4
       9
       3
       3
       5
       4
       4
       7
       6
       4
       4
       9
       3
       3
       3
       1
       1
       2
       4
       4
       6
       6
       4
       3
       3
       7
       3
       5
       4
       3
       6
       9
       5
       2
       3
       4
       4
       2
       8
       2
       5
       8
       8
       6
       5
       5
       3
       4
       6
       5
       6
       4
       3
       1
       4
       8
       4
       4
       4
       5
       2
       7
       3
       5
       4
       4
       5
       4
       2
       5
       5
       4
       6
       3
       3
       8
       8
       4
       4
       4
       3
       1
       7
       5
       3
       6
       3
       3
       4
       2
       7
       6
       1
       2
       5
       5
       5
       4
       6
       4
       4
       5
       5
       6
       4
       2
       3
       8
       6
       5
       3
       2
       9
       5
       3
       3
       4
       2
       4
       2
       3
       4
       4
       3
       4
       7
       4
       2
       1
       2
       1
       6
       6
       2
       2
       4
       0
       4
       7
       2
       1
       4
       9
       6
       3
       2
       3
       4
       3
       5
       5
       4
       2
       2
       6
      12
       7
       3
       5
       5
       5
       3
       1
       5
       3
       1
       1
       2
       3
       7
      10
       5
       2
       2
       6
       1
       4
       5
       3
       4
       4
       6
       7
       1
       3
       6
       4
       7
       6
       2
       4
       1
       7
       2
       8
       5
       6
       5
       7
       2
       4
       3
       3
       4
       4
       4
       6
       4
       3
       4
       5
       6
       8
       5
       6
       1
       6
       4
       4
       5
       5
       6
       1
       3
       4
       3
       1
       5
       7
       4
       4
       3
       2
       6
       2
       3
       4
       3
       4
       4
       4
       2
       5
       3
       5
       5
       4
       3
       5
       3
       5
       3
       7
       4
       7
       3
       4
       5
       2
       3
       3
       5
       3
       2
       4
       7
       3
       4
       3
       4
       8
       1
       5
       5
      12
       4
       5
       8
       7
       3
       2
       4
       5
       8
       9
       3
       2
       2
       3
       8
       5
       3
      10
       4
       9
       9
       4
       8
       4
       2
       8
       7
       6
       8
      11
       5
       4
       5
       4
       2
      13
       5
       6
       1
       5
       7
       7
       5
       4
       4
       6
       5
       1
       7
       4
       8
       6
       2
       4
       3
       8
       6
       3
       6
       6
       2
       9
       6
       3
       3
       6
       2
       7
       5
       3
       4
       2
       4
       7
       4
       2
       2
      10
       9
       3
       0
       1
       0
       1
       8
       4
       2
       7
       2
       7
       2
       3
       2
       2
       4
       3
       4
       7
       4
       4
       4
       4
       6
       6
       2
       8
       4
       3
       6
       4
       9
       8
       3
       2
       2
       3
       1
       8
       5
       5
       5
       5
       5
       7
       4
       5
       6
       4
       3
       3
       7
       2
       3
       4
       9
       2
       6
       6
       4
       5
       6
       3
       6
       8
       1
       5
       4
       7
       7
       6
       3
       6
       5
       6
       8
       4
       4
       5
       7
       6
       5
       4
       7
       7
       2
       3
       4
       7
       2
       5
       4
       2
       7
       6
       3
       5
       6
       4
       6
       4
       6
       7
       2
       8
       4
       7
       6
       5
       7
       6
       8
       7
       3
       5
       5
       7
       4
       6
       9
       7
      10
       4
       5
       4
       4
       6
       4
       2
       4
       9
       5
       7
       6
      11
       8
       1
       4
       1
       7
       4
       3
       5
       6
       5
      11
       7
       5
       3
      10
       9
       5
       7
       5
       9
       6
       6
       5
       4
      10
       9
       5
       5
       4
       6
       6
       4
       6
       4
       6
       7
       1
       5
       2
       8
       7
       5
       6
       4
       5
       4
       6
       5
       5
       6
       4
       8
       5
       5
       9
       6
       3
       9
       7
       7
       7
       4
       9
       5
       4
       5
       3
       5
       8
       7
       8
      10
       5
       6
       9
       9
       7
       5
       3
       4
       7
       4
       5
      10
       5
       5
       1
      11
       5
       5
       8
       4
       4
       5
       5
       7
       3
       6
       4
       1
       7
       9
       4
       3
       5
       6
       5
       7
       5
       3
       6
       7
       3
       2
       8
       1
       4
       5
      10
       6
       1
       6
       7
       3
       1
       6
       3
       6
      10
       9
       4
       9
       2
       3
       2
       5
       7
       4
       6
       6
       6
       3
       6
       5
       7
       5
       2
       8
       3
       2
       3
       8
       3
       6
       5
       7
       5
       5
       4
       0
       2
       4
       3
       6
       6
       3
       3
       4
       5
       5
       3
       3
       6
       4
       5
       3
       3
       3
       8
       1
       4
       5
       1
       4
       6
       4
       6
       5
       2
       3
       1
       4
       5
       3
       4
      12
       6
       5
       4
       3
       1
       9
       3
       0
       6
       4
       3
      10
       3
       4
       0
       0
       0
       0
       0
       0
       0
       0
       0
       0
       0
       0
       0
       0
       0
       0
       0
       0
       0
       0
       0
       0
       0
       0
       0
       0
       0
       0
       0
       0
       0
       0
       0
       0
       0
       0
       0
       0
       0
       0
       0
       0
       0
       0
       0
       0
       0
       0
       0
       0
       0
       0
       0
       0
       0
       0
       0
       0
       0
       0
       0
       0
       0
       0
       0
       0
       0
       0
       0
       0
       0
       0
       0
       0
       0
       0
       0
       0
       0
       0
       0
       0
       0
       0
$ROI:
1
717 829
$PRESETS:
None
0
0
$ENER_FIT:
-23.656767 2.297974
$MCA_CAL:
3
-2.365677E+001 2.297974E+000 2.836717E-005 keV
$SHAPE_CAL:
3
0.000000E+000 0.000000E+000 0.000000E+000
