$SPEC_ID:
No sample description was entered.
$SPEC_REM:
DET# 1
DETDESC# DESKTOP-I499GD2 Easy-MCA-2k SN 18191655
AP# Maestro Version 7.01
$DATE_MEA:
02/26/2024 12:21:58
$MEAS_TIM:
155 155
$DATA:
0 2047
       0
       0
       0
       0
       0
       0
       0
       0
      53
      43
      48
      48
      50
      48
      45
      55
      66
      52
      58
      61
      44
      53
      64
      48
      55
      46
      74
      86
     130
     123
     156
     140
     168
     207
     201
     150
     103
      94
      78
     100
     109
      98
     124
     163
     147
     172
     178
     173
     209
     198
     235
     251
     257
     283
     287
     285
     308
     342
     305
     386
     387
     483
     605
     865
    1040
    1077
    1064
     779
     605
     409
     317
     234
     198
     186
     171
     200
     189
     177
     176
     181
     154
     185
     173
     157
     151
     178
     181
     165
     170
     166
     183
     168
     151
     177
     165
     164
     155
     165
     121
     148
     172
     142
     135
     154
     127
     142
     140
     134
     136
     135
     126
     119
     122
     121
     112
     107
     112
     109
     108
     104
     118
      95
      97
     105
      84
      93
      95
     100
      89
      79
      83
      89
      89
      96
      71
      95
      80
      72
      82
      83
      77
      81
      77
      82
      70
      64
      67
      74
      62
      69
      65
      53
      56
      60
      56
      77
      69
      72
      56
      49
      53
      62
      64
      72
      54
      69
      53
      47
      62
      53
      44
      45
      55
      44
      56
      46
      42
      35
      40
      45
      53
      43
      49
      43
      36
      42
      42
      47
      38
      37
      37
      43
      36
      44
      33
      47
      43
      34
      35
      46
      42
      32
      34
      39
      35
      44
      34
      46
      47
      40
      53
      39
      49
      61
      54
      64
      68
      49
      55
      51
      47
      71
      64
      48
      67
      45
      67
      59
      52
      56
      55
      60
      57
      59
      56
      46
      68
      50
      44
      37
      34
      32
      29
      34
      29
      18
      31
      23
      25
      24
      22
      29
      22
      24
      23
      21
      26
      28
      23
      20
      15
      28
      23
      24
      22
      22
      26
      27
      28
      23
      29
      31
      31
      16
      24
      32
      23
      29
      28
      23
      14
      15
      20
      18
      18
      25
      22
      21
      32
      18
      13
      16
      24
      11
      15
      12
      23
      14
      10
      19
      16
      15
      23
      12
      11
      19
      17
      13
      18
      18
      18
      22
      15
      16
      13
      23
      17
      16
      13
      15
      15
      19
      22
      18
      26
      20
      15
      16
      15
       7
      16
      14
      18
      16
      15
      11
      18
      10
      18
      19
      14
      20
      17
      15
      23
       8
      18
      21
      12
      10
      14
      18
      13
      16
      15
      19
      22
      16
      16
      16
      25
      16
      20
      22
      27
      19
      19
      20
      16
      17
      20
      26
      17
      21
      21
      22
      32
      23
      15
      20
      14
      22
      14
      19
      12
      14
      11
      15
      12
       8
      10
       4
      11
      10
       7
      14
       7
       6
       8
      10
      12
      10
      12
       9
       9
      15
       9
      17
       7
      18
       8
      18
       9
      12
      11
      10
      14
      16
      11
      14
      15
       6
      16
      11
      16
      12
       9
      12
      13
      10
      11
       7
      15
      10
       8
      10
       3
       9
      15
      10
      10
       8
      10
       6
       9
       6
      11
       9
       8
       9
       9
       5
       7
       7
      10
      11
       5
       9
      19
       8
       9
       3
      10
      10
      12
      12
       8
       6
      10
      14
      11
       6
      14
       6
       7
      11
      10
      13
       8
      16
      18
      23
      21
      20
      26
      25
      25
      21
      21
      15
      24
      24
      20
      24
      22
      23
      20
      19
      14
      14
      24
      16
      20
      20
      13
      25
      15
      13
      14
      18
      13
      13
      14
      10
      10
      15
      14
       8
       8
       9
       9
       6
      10
      10
       8
       9
       5
       8
      12
       7
      10
       4
       6
       8
       4
       8
      10
       9
       6
       9
       9
      12
       8
       7
       3
      11
      10
       4
       7
       5
       8
       8
       7
      12
       8
       4
      11
      14
       6
       7
       6
      10
       1
       9
       5
      12
       8
       3
       8
       6
       8
       8
       4
       4
       6
       6
      10
       4
       4
       4
       6
       5
       2
       4
       9
       4
       3
       4
       7
       5
       6
       6
       4
       5
       7
       7
       5
       6
       3
       5
       8
       8
       4
       2
       1
       9
       2
       5
       6
       5
       6
       6
       3
       4
      14
       3
       2
       8
      10
       6
       6
       6
       8
       8
       9
       5
       9
       5
       7
      16
      10
      11
       5
      10
      15
      12
      12
      12
       9
      13
      10
       9
      12
      11
      10
       8
       8
       8
      14
      14
       7
       3
      12
       8
       5
       9
       7
       9
       9
       7
       7
       3
       6
       5
       6
       8
       5
       6
       1
       4
       5
       5
       5
       7
       3
       3
       5
       0
       1
       7
       3
       3
       3
       1
       6
       3
       1
       3
       5
       1
       2
       4
       1
       7
       2
       2
       4
       4
       1
       3
       3
       1
       4
       2
       4
       1
       3
       2
       0
       6
       4
       2
       1
       2
       3
       1
       1
       1
       2
       1
       1
       2
       2
       2
       4
       2
       1
       1
       3
       1
       3
       3
       1
       5
       4
       5
       2
       1
       2
       2
       5
       5
       2
       2
       3
       5
       7
       6
      10
       4
       6
       8
       3
       5
       4
       8
       7
       7
       5
      12
       4
      10
      11
       9
       4
       9
      15
      17
      12
      11
      10
       5
      15
       9
      11
      14
      11
       9
       6
       7
       8
       8
       8
      12
       8
       7
       8
       5
       8
       7
       7
       6
       5
       5
       7
       7
       2
       4
       6
       2
       0
       5
       4
       2
       4
       3
       1
       1
       2
       2
       2
       2
       0
       1
       2
       5
       1
       4
       2
       1
       3
       2
       1
       2
       1
       1
       2
       3
       1
       2
       4
       2
       3
       0
       4
       1
       0
       2
       1
       2
       1
       1
       2
       2
       3
       1
       1
       2
       1
       0
       0
       2
       1
       0
       0
       2
       0
       2
       0
       1
       1
       3
       1
       3
       0
       0
       1
       1
       0
       3
       1
       4
       0
       2
       0
       1
       1
       0
       1
       1
       2
       0
       0
       1
       1
       1
       2
       3
       2
       3
       2
       1
       2
       2
       1
       1
       1
       0
       0
       2
       4
       0
       0
       0
       3
       2
       2
       2
       3
       2
       0
       3
       2
       3
       4
       0
       2
       2
       2
       0
       2
       1
       0
       4
       4
       4
       2
       2
       1
       1
       0
       0
       3
       0
       1
       6
       1
       1
       1
       2
       3
       0
       1
       1
       0
       2
       3
       4
       1
       1
       3
       1
       3
       1
       1
       1
       2
       2
       4
       0
       1
       1
       4
       1
       0
       3
       1
       2
       1
       2
       1
       1
       3
       2
       3
       3
       2
       1
       2
       2
       1
       1
       0
       1
       3
       3
       1
       3
       4
       1
       0
       4
       0
       3
       0
       2
       1
       1
       1
       2
       3
       1
       2
       2
       1
       3
       0
       0
       1
       1
       0
       2
       0
       0
       2
       3
       1
       0
       2
       4
       1
       0
       2
       1
       2
       2
       1
       1
       0
       2
       0
       0
       1
       0
       1
       1
       0
       1
       3
       1
       0
       1
       1
       1
       1
       1
       0
       0
       1
       1
       2
       0
       0
       0
       2
       1
       2
       0
       2
       2
       0
       0
       0
       2
       1
       3
       3
       2
       0
       1
       3
       1
       0
       1
       0
       1
       1
       3
       0
       3
       0
       1
       3
       0
       0
       2
       1
       0
       0
       2
       2
       1
       3
       1
       2
       1
       1
       0
       4
       2
       3
       0
       0
       1
       0
       2
       3
       1
       1
       3
       2
       1
       3
       0
       1
       4
       0
       2
       3
       1
       1
       0
       0
       3
       3
       3
       3
       2
       2
       4
       1
       1
       5
       1
       2
       0
       2
       2
       4
       1
       3
       1
       0
       0
       1
       2
       2
       5
       0
       1
       3
       1
       1
       2
       0
       1
       3
       2
       3
       2
       0
       1
       0
       1
       0
       0
       2
       1
       1
       2
       2
       0
       1
       1
       0
       1
       0
       0
       0
       1
       2
       0
       1
       2
       3
       0
       2
       3
       1
       1
       1
       0
       0
       2
       1
       1
       2
       0
       2
       1
       1
       1
       1
       1
       2
       0
       2
       0
       0
       1
       1
       2
       2
       3
       2
       0
       2
       1
       1
       2
       1
       1
       2
       0
       2
       0
       0
       0
       3
       0
       1
       1
       1
       1
       1
       1
       0
       0
       1
       0
       2
       2
       0
       0
       2
       2
       1
       0
       0
       2
       1
       2
       2
       1
       1
       1
       0
       0
       1
       0
       2
       1
       1
       2
       2
       3
       1
       2
       2
       1
       2
       0
       1
       2
       3
       3
       0
       1
       1
       0
       0
       1
       0
       0
       0
       1
       2
       3
       0
       1
       0
       2
       1
       2
       0
       0
       1
       1
       3
       0
       2
       0
       1
       2
       1
       0
       0
       3
       2
       0
       0
       1
       0
       0
       1
       0
       0
       1
       1
       1
       0
       0
       0
       0
       0
       0
       1
       2
       3
       0
       1
       1
       2
       1
       1
       2
       0
       0
       1
       1
       0
       2
       0
       1
       0
       0
       0
       0
       1
       0
       0
       1
       0
       1
       2
       0
       1
       2
       1
       0
       1
       1
       1
       1
       0
       1
       0
       1
       2
       3
       2
       2
       3
       0
       0
       0
       1
       1
       1
       1
       1
       1
       0
       0
       0
       1
       0
       1
       1
       2
       0
       0
       0
       1
       0
       1
       2
       1
       2
       0
       2
       1
       0
       1
       2
       2
       0
       0
       1
       2
       1
       0
       2
       1
       1
       0
       0
       2
       0
       0
       0
       1
       0
       0
       1
       2
       1
       0
       1
       0
       0
       0
       1
       0
       0
       0
       0
       1
       0
       2
       0
       1
       0
       0
       2
       1
       1
       0
       1
       1
       1
       0
       1
       0
       1
       0
       1
       1
       1
       1
       4
       0
       1
       2
       1
       0
       1
       0
       1
       1
       1
       1
       1
       0
       0
       1
       1
       0
       0
       0
       0
       1
       0
       2
       0
       1
       0
       1
       1
       3
       0
       2
       0
       1
       3
       2
       0
       1
       1
       1
       1
       1
       0
       1
       2
       2
       1
       1
       0
       0
       1
       0
       0
       0
       0
       0
       1
       0
       0
       0
       2
       3
       4
       0
       0
       0
       3
       0
       2
       0
       1
       1
       2
       0
       1
       0
       0
       0
       1
       2
       0
       0
       1
       2
       0
       1
       0
       1
       1
       0
       0
       1
       0
       0
       0
       1
       1
       1
       1
       0
       0
       2
       1
       2
       1
       0
       0
       0
       0
       2
       1
       2
       2
       2
       0
       0
       0
       0
       0
       1
       1
       0
       0
       1
       1
       1
       1
       1
       1
       0
       0
       1
       0
       0
       3
       0
       1
       0
       0
       2
       1
       1
       1
       1
       1
       1
       1
       0
       1
       2
       2
       1
       0
       0
       0
       1
       1
       1
       2
       2
       1
       0
       0
       0
       0
       0
       3
       1
       2
       1
       1
       3
       0
       0
       0
       3
       2
       1
       0
       2
       1
       2
       3
       2
       1
       1
       1
       0
       1
       0
       1
       1
       2
       1
       1
       1
       0
       0
       1
       0
       0
       1
       1
       0
       1
       1
       0
       1
       1
       2
       1
       0
       1
       0
       0
       2
       2
       0
       0
       0
       1
       0
       2
       0
       0
       1
       1
       1
       1
       1
       1
       1
       1
       1
       1
       0
       2
       1
       0
       0
       0
       1
       2
       1
       0
       0
       1
       1
       1
       1
       1
       1
       5
       1
       1
       0
       1
       0
       1
       0
       0
       1
       1
       3
       0
       0
       0
       1
       1
       3
       0
       1
       0
       0
       2
       0
       2
       0
       1
       0
       0
       2
       2
       0
       0
       0
       2
       2
       1
       2
       1
       1
       1
       0
       0
       1
       2
       1
       2
       1
       0
       1
       0
       1
       1
       1
       1
       0
       1
       1
       0
       1
       1
       3
       2
       1
       1
       1
       0
       2
       1
       0
       3
       2
       3
       0
       0
       1
       1
       1
       5
       3
       1
       1
       0
       3
       1
       1
       0
       1
       2
       0
       0
       0
       1
       1
       2
       1
       1
       1
       3
       3
       2
       0
       0
       0
       0
       3
       0
       1
       0
       0
       0
       0
       2
       0
       3
       0
       1
       1
       1
       1
       2
       3
       0
       1
       2
       1
       3
       2
       1
       2
       0
       1
       0
       1
       2
       1
       0
       1
       1
       0
       0
       0
       0
       1
       0
       0
       2
       1
       0
       1
       1
       0
       1
       1
       1
       1
       3
       0
       2
       0
       2
       0
       0
       1
       2
       2
       0
       1
       1
       1
       0
       0
       3
       3
       0
       0
       1
       1
       0
       3
       1
       0
       1
       2
       1
       1
       0
       1
       2
       1
       1
       1
       0
       0
       2
       0
       3
       0
       0
       0
       2
       1
       0
       1
       0
       0
       1
       0
       1
       1
       0
       1
       1
       1
       0
       2
       2
       2
       4
       0
       0
       0
       1
       0
       3
       3
       0
       2
       1
       1
       1
       0
       3
       2
       0
       3
       0
       0
       3
       0
       1
       0
       2
       0
       1
       1
       1
       0
       0
       0
       1
       0
       0
       0
       0
       0
       0
       0
       0
       0
       0
       0
       0
       0
       0
       0
       0
       0
       0
       0
       0
       0
       0
       0
       0
       0
       0
       0
       0
       0
       0
       0
       0
       0
       0
       0
       0
       0
       0
       0
       0
       0
       0
       0
       0
       0
       0
       0
       0
       0
       0
       0
       0
       0
       0
       0
       0
       0
       0
       0
       0
       0
       0
       0
       0
       0
       0
       0
       0
       0
       0
       0
       0
       0
       0
       0
       0
       0
       0
       0
       0
       0
       0
       0
       0
       0
$ROI:
1
712 830
$PRESETS:
None
0
0
$ENER_FIT:
-23.656767 2.297974
$MCA_CAL:
3
-2.365677E+001 2.297974E+000 2.836717E-005 keV
$SHAPE_CAL:
3
0.000000E+000 0.000000E+000 0.000000E+000
