$SPEC_ID:
No sample description was entered.
$SPEC_REM:
DET# 1
DETDESC# DESKTOP-I499GD2 Easy-MCA-2k SN 18191655
AP# Maestro Version 7.01
$DATE_MEA:
02/26/2024 12:01:15
$MEAS_TIM:
200 201
$DATA:
0 2047
       0
       0
       0
       0
       0
       1
       2
       2
     107
      84
      74
      80
      78
      72
      93
     103
      99
     108
     130
     118
     127
     110
     107
     102
      97
     100
     116
     121
     180
     222
     240
     234
     274
     351
     311
     242
     186
     164
     164
     146
     185
     165
     183
     212
     233
     272
     290
     321
     318
     345
     394
     394
     396
     446
     473
     453
     470
     484
     465
     534
     556
     774
    1041
    1269
    1611
    1706
    1578
    1297
     922
     670
     486
     395
     308
     304
     297
     273
     307
     298
     296
     300
     273
     300
     282
     284
     243
     306
     268
     278
     275
     312
     287
     272
     271
     287
     289
     256
     229
     234
     219
     233
     222
     251
     228
     244
     220
     250
     226
     270
     231
     222
     222
     219
     221
     208
     200
     189
     202
     214
     176
     189
     188
     185
     178
     166
     162
     174
     170
     169
     152
     171
     189
     181
     155
     150
     170
     166
     149
     147
     142
     139
     155
     151
     123
     128
     126
     124
     131
     115
     116
     131
     106
     118
     114
     123
     120
     120
     119
     135
     110
     133
     106
     124
     108
     112
     119
     106
     105
      77
     122
      90
     102
      80
      80
     104
     103
      79
      83
      81
      73
      73
     102
      87
      66
      85
      81
      74
      71
      84
      80
      87
      74
      70
      78
      71
      70
      76
      72
      75
      68
      78
      87
      79
      81
      80
      83
      71
      77
      86
      85
      76
      86
      97
      98
      90
     104
      90
     107
     117
     108
     133
     116
     128
     113
     143
     132
     151
     129
     153
     124
     155
     155
     149
     153
     143
     132
     128
     137
     109
     118
     108
      93
      86
      85
      72
      79
      59
      70
      54
      38
      47
      60
      53
      40
      62
      55
      50
      53
      47
      44
      51
      49
      48
      50
      50
      59
      43
      49
      49
      49
      63
      45
      57
      38
      67
      53
      35
      48
      61
      44
      31
      57
      37
      63
      41
      47
      34
      39
      44
      55
      48
      41
      52
      37
      37
      46
      43
      38
      44
      39
      48
      40
      50
      27
      48
      40
      33
      26
      32
      32
      31
      36
      36
      49
      35
      33
      50
      31
      39
      33
      27
      35
      38
      41
      43
      30
      41
      39
      32
      46
      23
      37
      48
      41
      29
      45
      34
      34
      33
      34
      38
      41
      40
      36
      32
      31
      27
      36
      40
      36
      36
      37
      35
      38
      30
      39
      35
      35
      35
      32
      39
      37
      42
      38
      41
      42
      34
      51
      34
      53
      34
      31
      34
      35
      29
      35
      29
      41
      35
      29
      42
      27
      26
      52
      31
      29
      34
      30
      25
      39
      35
      36
      25
      27
      25
      25
      15
      27
      23
      23
      27
      36
      19
      25
      25
      23
      27
      23
      37
      25
      24
      15
      21
      25
      19
      33
      19
      23
      31
      21
      21
      22
      31
      22
      23
      22
      13
      31
      17
      28
      28
      26
      23
      22
      22
      24
      26
      25
      31
      35
      31
      28
      21
      34
      25
      30
      28
      16
      20
      25
      28
      20
      25
      20
      27
      24
      13
      26
      22
      23
      27
      26
      20
      20
      20
      24
      27
      25
      26
      26
      22
      30
      19
      22
      22
      17
      31
      34
      33
      32
      32
      37
      30
      32
      33
      27
      33
      33
      24
      53
      39
      34
      38
      43
      41
      42
      49
      43
      40
      39
      31
      24
      28
      33
      38
      30
      30
      35
      32
      28
      25
      28
      20
      26
      22
      33
      31
      26
      19
      22
      16
      28
      27
      30
      21
      16
      22
      19
      24
      22
      32
      19
      12
      12
      21
      19
      16
      17
      22
      30
      22
      18
      29
      26
      18
      29
      26
      18
      33
      20
      16
      19
      18
      24
      19
      18
      21
      19
      22
      30
      29
      14
      15
      30
      25
      19
      21
      20
      18
      20
      29
      24
      22
      18
      24
      27
      17
      12
      20
      24
      14
      23
      11
      12
      16
      14
      20
      12
      13
      16
      14
      16
      19
      17
      25
      25
      18
      22
      27
      27
      26
      24
      14
      24
      15
      24
      18
      21
      22
      20
      22
      21
      22
      12
      23
      24
      23
      17
      18
      20
      20
      20
      21
      12
      27
      22
      30
      25
      24
      21
      29
      25
      33
      17
      29
      28
      17
      29
      22
      21
      30
      27
      21
      19
      23
      28
      34
      33
      23
      31
      18
      21
      20
      25
      28
      28
      26
      23
      24
      24
      32
      20
      22
      21
      16
      21
      18
      14
      13
      18
      17
      13
      20
      15
      15
      18
      16
      21
      14
       9
      16
      17
      18
       8
      12
      13
      11
       6
      13
      17
      17
      11
      13
       8
      10
      13
      11
      13
      15
      13
       8
       7
       9
       7
      10
      18
      14
      14
      11
      14
       7
       6
       6
       7
      14
       7
       6
       6
       5
      10
       7
       9
       7
      10
      10
       9
      12
       6
       7
       9
       9
       9
      10
       8
      12
       4
       5
      10
      10
       7
      13
      15
      15
       8
      18
      11
      22
      13
      24
      31
      22
      26
      27
      20
      40
      33
      30
      48
      41
      42
      34
      47
      38
      54
      37
      42
      41
      52
      44
      51
      56
      70
      51
      69
      69
      63
      54
      58
      61
      64
      69
      53
      60
      46
      43
      50
      51
      45
      53
      41
      35
      37
      21
      28
      28
      20
      23
      14
      25
      14
      22
      18
      13
      16
      11
      16
      11
       6
       7
      12
      14
       6
      10
      12
      12
       8
       6
       3
       9
       9
       7
       4
       9
       5
       5
       6
       3
       6
       2
       7
       3
       7
       5
       5
       6
       6
       4
       7
       5
       6
       4
       9
       6
       6
       8
       5
       2
      10
       7
       6
       4
       6
       5
       5
       3
       4
       8
       4
       5
       7
       3
       8
       4
       2
       5
       5
       4
       7
       0
       6
       6
       6
       6
       8
       4
       6
       6
       5
       2
       4
       3
       6
       7
       3
       9
       5
       4
      10
       4
       7
      11
       6
       8
       6
       9
       2
       2
       0
       4
       4
       6
       7
       8
       2
       7
       6
       4
       9
       7
       6
       2
       9
       5
       7
       5
       6
       5
       6
       0
       4
       4
       8
       5
       6
       5
       5
       8
       2
       4
       5
       5
       7
       3
       7
       4
       9
       7
       6
       4
       6
       5
       4
       6
       7
       1
       7
       8
       2
       4
       4
       6
       6
       4
       4
       2
       4
       2
       3
       4
       7
       8
       5
       3
       5
       8
       4
       3
       6
       7
       4
       6
       3
       2
       3
       5
       6
       5
       5
       3
       7
       5
       5
       6
       4
       3
       4
       7
       6
       7
       9
       0
       3
       5
      11
       7
       3
       4
       7
       9
       5
       4
       3
       5
       8
       2
       9
       7
       4
       6
       3
       4
       1
       5
       6
       5
       8
       7
       2
       4
       0
       3
       2
       4
       4
       6
       7
       1
       8
       1
       5
       5
       5
       6
       6
       6
       7
       1
       3
       7
       5
       3
       2
       4
       2
       1
       1
       3
       4
       5
       2
       2
       9
       2
       3
       8
       6
       9
       6
       3
       1
       3
       6
       3
       4
       3
       2
       6
       7
       8
       1
       2
       6
       7
       2
       3
       2
       2
       3
       1
       4
       2
       5
       7
       7
       8
       4
       4
       4
       1
       4
       5
       3
       4
       4
       3
       3
       2
       4
       7
       3
       9
       1
       3
       3
       1
       2
       6
       6
       8
       8
       6
       7
       4
       4
       5
       4
       5
       4
       3
       6
       4
       5
       3
       2
       3
       7
       3
       7
       3
       6
       3
       3
       4
       5
       3
       3
       4
       3
       5
       1
       8
       7
       5
       5
       4
       6
       3
       2
       5
       5
       6
       3
       2
       9
       3
       9
       5
       8
       2
       2
       4
       2
       4
       6
       3
       6
       0
       3
       1
       5
       5
       6
       6
       3
       1
       3
       2
       2
       4
       4
       3
       4
       2
       3
       2
       7
       2
       2
       0
       3
       4
       3
       3
       2
       1
       4
       7
       5
       2
       2
       3
       6
       7
       2
       6
       2
       1
       2
       4
       4
       2
       3
       4
       3
       1
       4
       3
       7
       5
       6
       6
       7
       4
       8
       4
       6
       3
       4
       5
       2
       0
       2
       4
       4
       6
       4
       4
       2
       1
       1
       6
       1
       5
       3
       6
       1
       4
       4
       3
       5
       1
       2
       5
       3
       2
       3
       3
       7
       2
       3
       8
       2
       2
       1
       3
       1
       4
       2
       0
       2
       3
       2
       3
       1
       4
       2
       5
       3
       1
       5
       3
       3
       6
       2
       2
       2
       0
       5
       4
       0
       6
       4
       1
       4
       2
       2
       2
       1
       6
       3
       3
       4
       2
       6
       4
       1
       4
       2
       4
       5
       7
       2
       4
       3
       2
       5
       3
       5
       1
       4
       4
       3
       1
       4
       4
       6
       5
       3
       6
       2
       4
       1
       2
       3
       5
       5
       3
       4
       2
       4
       1
       0
       2
       4
       3
       4
       3
       7
       5
       7
       5
       1
       4
       3
       4
       3
       3
       3
       1
       3
       3
       6
       2
       2
       2
       2
       4
       2
       3
       0
       3
       1
       3
       2
       3
       2
       2
       4
       6
       2
       6
       3
       3
       5
       1
       2
       3
       5
       4
       5
       5
       2
       0
       2
       2
       3
       1
       2
       0
       1
       1
       6
       6
       1
       1
       2
       2
       1
       9
       4
       4
       6
       5
       5
       0
       3
       3
       1
       6
       2
       3
       5
       4
       2
       2
       3
       2
       2
       3
       1
       3
       8
       2
       4
       4
       2
       2
       7
       1
       4
       2
       4
       2
       5
       5
       3
       0
       2
       6
       6
       6
       2
       2
       5
       3
       3
       7
       4
       7
       4
       4
       8
       4
       5
       4
       0
       5
       3
       7
       2
       3
       2
       2
       4
       6
       2
       3
       2
       4
       4
       5
       2
       5
       3
       3
       1
       2
       3
       5
       4
       7
       4
       3
       4
       3
       3
       5
       6
       6
       5
       2
       3
       3
       1
       4
       4
       1
       6
       5
       4
       3
       3
       3
       1
       2
       5
       4
       1
       2
       4
       1
       2
       1
       5
       0
       3
       5
       6
       1
       3
       4
       1
       3
       5
       6
       1
       5
       2
       2
       1
       4
       1
       4
       3
       7
       2
       3
       3
       6
       6
       1
       3
       2
       3
       5
       5
       5
       5
       6
       2
       3
       2
       5
       3
       1
       6
       4
       2
       8
       3
       2
       3
       4
       5
       3
       1
       1
       4
       3
       5
       4
       1
       5
       3
       0
       5
       2
       0
       3
       9
       7
       2
       7
       5
       4
       2
       4
       2
       2
       3
       6
       4
       5
       2
       1
       5
       5
       5
       6
       3
       5
       0
       5
       4
       4
       3
       4
       2
       3
       4
       2
       1
       3
       3
       3
       2
       1
       8
       6
       3
       5
       4
       4
       1
       8
       5
       4
       6
       2
       2
       4
       0
       2
       3
       5
       3
       2
       6
       6
       2
       5
       5
       0
       3
       1
       3
       3
       7
       2
       3
       4
       2
       2
       3
       3
       6
       4
       1
       3
       3
       1
       4
       3
       6
       3
       2
       2
       2
       3
       5
       6
       4
       5
       5
       1
       4
       9
       4
       0
       2
       0
       2
       6
       4
       2
       4
       3
       5
       8
       3
       2
       4
       9
       6
       1
       5
       7
       3
       6
       3
       6
       2
       5
       2
       3
       2
       2
       4
       6
       3
       5
       2
       3
       4
       7
       7
       3
       3
       5
       4
       6
       4
       2
       5
       4
       8
       3
       5
       7
       3
       3
       6
       3
       6
       5
       6
       3
       1
       7
       4
       6
       8
       8
       7
       7
       3
       1
       4
       5
       6
       3
       2
       7
       3
       4
       0
       3
       2
       7
       4
       1
       7
       5
       3
       8
       4
       5
       2
       6
       3
       6
       3
       2
       3
       5
       4
       4
       4
       5
       4
       6
       3
       6
       6
       5
       3
       2
       9
       5
       4
       3
       2
       3
       2
      10
       6
       8
       1
       1
       1
       9
       3
       3
       3
       4
       5
       6
       6
       5
       3
       5
       3
       5
       6
       4
       2
       5
       7
       2
       2
       4
       2
       8
       3
       2
       4
       6
       5
       3
       6
       3
       3
       2
       5
       1
       3
       3
       4
       6
       4
       4
       4
       3
       2
       2
       2
       4
       8
       5
       9
       4
       7
       5
       5
       1
       3
       5
       5
       4
       2
       3
       5
       4
       4
       1
       3
       1
       4
       2
       3
       5
       3
       2
       7
       2
       2
       1
       6
       3
       8
       3
       7
       5
       3
       9
       7
       2
       6
       6
       5
       7
       2
       7
       4
       3
       5
       3
       4
       4
       3
       3
       5
       5
       1
       6
       3
       1
       3
       4
       2
       2
       4
       5
       5
       3
       2
       3
       2
       2
       4
       6
       4
       5
       4
       7
       2
       3
       4
       4
       1
       3
       5
       9
       4
       5
       2
       4
       2
       6
       3
       2
       2
       1
       6
       4
       3
       4
       2
       0
       7
       5
       5
       9
       8
       3
       2
       0
       0
       0
       0
       0
       0
       0
       0
       0
       0
       0
       0
       0
       0
       0
       0
       0
       0
       0
       0
       0
       0
       0
       0
       0
       0
       0
       0
       0
       0
       0
       0
       0
       0
       0
       0
       0
       0
       0
       0
       0
       0
       0
       0
       0
       0
       0
       0
       0
       0
       0
       0
       0
       0
       0
       0
       0
       0
       0
       0
       0
       0
       0
       0
       0
       0
       0
       0
       0
       0
       0
       0
       0
       0
       0
       0
       0
       0
       0
       0
       0
       0
       0
$ROI:
1
717 829
$PRESETS:
None
0
0
$ENER_FIT:
-23.656767 2.297974
$MCA_CAL:
3
-2.365677E+001 2.297974E+000 2.836717E-005 keV
$SHAPE_CAL:
3
0.000000E+000 0.000000E+000 0.000000E+000
