$SPEC_ID:
No sample description was entered.
$SPEC_REM:
DET# 1
DETDESC# DESKTOP-I499GD2 Easy-MCA-2k SN 18191655
AP# Maestro Version 7.01
$DATE_MEA:
02/29/2024 10:38:31
$MEAS_TIM:
28 29
$DATA:
0 2047
       0
       0
       0
       0
       1
       2
       2
       7
     208
      66
      66
      47
      56
      54
      53
      72
      64
      58
      77
      76
      76
      63
      65
      73
      76
      84
      84
      76
      77
      92
      69
      80
     108
      96
     103
      99
      89
      98
      95
     100
     108
     104
      92
     119
     123
     138
     103
     127
     139
     149
     149
     151
     175
     150
     155
     175
     149
     165
     162
     164
     154
     198
     237
     272
     316
     265
     254
     242
     192
     216
     195
     166
     158
     140
     162
     140
     154
     192
     169
     156
     147
     144
     148
     145
     170
     117
     159
     150
     147
     162
     165
     163
     153
     129
     136
     127
     134
     160
     127
     145
     154
     130
     147
     136
     121
     151
     148
     142
     146
     146
     133
     129
     138
     156
     124
     131
     112
     127
     128
     128
     101
     135
     105
     146
     104
     110
     103
     125
     103
     123
     126
     103
      96
     106
     102
      97
     113
      98
     119
      88
     102
     100
     103
     102
      96
     102
      99
      90
      96
      75
      99
      87
      91
      88
     101
     108
      81
      88
      90
      82
      88
      79
      73
      79
      75
      77
      75
      65
      80
      83
     100
      68
      66
      70
      51
      75
      66
      66
      77
      67
      73
      66
      56
      63
      86
      74
      59
      62
      65
      55
      69
      75
      86
      61
      59
      67
      70
      44
      71
      61
      70
      53
      71
      62
      60
      68
      70
      56
      68
      80
      61
      74
      76
      66
      66
      82
      90
     100
      97
     103
     116
     111
     108
     151
     148
     175
     147
     180
     153
     157
     158
     158
     156
     146
     133
     131
     125
     118
     116
      89
      78
      82
      63
      74
      66
      61
      49
      52
      47
      49
      43
      46
      38
      49
      49
      35
      48
      38
      42
      36
      35
      44
      40
      39
      49
      39
      43
      48
      45
      47
      47
      45
      38
      39
      36
      38
      40
      38
      50
      42
      43
      33
      40
      44
      37
      34
      34
      47
      48
      45
      38
      34
      55
      45
      53
      30
      39
      34
      33
      42
      29
      45
      35
      38
      30
      35
      33
      39
      33
      40
      40
      38
      34
      32
      39
      31
      36
      29
      28
      43
      30
      46
      25
      43
      43
      35
      35
      37
      39
      31
      52
      43
      32
      32
      43
      28
      40
      31
      32
      40
      46
      36
      30
      43
      33
      36
      34
      33
      29
      35
      36
      28
      28
      37
      38
      28
      36
      32
      33
      36
      28
      36
      47
      33
      38
      25
      29
      27
      19
      24
      30
      28
      35
      28
      29
      35
      23
      35
      37
      24
      35
      24
      35
      24
      26
      33
      32
      25
      28
      27
      25
      25
      34
      23
      31
      27
      26
      27
      29
      25
      23
      22
      33
      28
      26
      22
      22
      32
      29
      28
      22
      34
      21
      34
      26
      38
      28
      29
      25
      31
      33
      23
      30
      23
      33
      28
      28
      34
      29
      35
      27
      25
      30
      24
      26
      30
      30
      24
      23
      27
      33
      20
      39
      24
      34
      25
      24
      28
      17
      30
      35
      20
      26
      33
      24
      34
      30
      29
      29
      31
      24
      30
      31
      26
      33
      25
      33
      34
      27
      26
      37
      28
      33
      20
      25
      32
      19
      28
      34
      19
      27
      38
      28
      25
      27
      32
      28
      29
      27
      40
      27
      29
      30
      18
      28
      27
      24
      24
      25
      37
      17
      37
      21
      20
      28
      33
      24
      19
      30
      28
      32
      34
      30
      32
      28
      27
      22
      27
      27
      16
      28
      27
      31
      31
      26
      31
      31
      20
      19
      27
      36
      28
      31
      24
      35
      32
      29
      35
      34
      28
      34
      32
      37
      38
      27
      25
      30
      41
      33
      36
      32
      33
      35
      27
      29
      37
      26
      34
      39
      31
      40
      38
      44
      34
      30
      32
      29
      32
      29
      27
      37
      31
      36
      37
      26
      32
      29
      25
      30
      23
      37
      36
      31
      22
      31
      35
      35
      31
      29
      28
      31
      28
      22
      30
      21
      30
      45
      30
      21
      29
      29
      27
      25
      24
      31
      26
      22
      34
      36
      19
      34
      27
      38
      25
      27
      21
      40
      25
      27
      35
      29
      31
      30
      27
      40
      26
      32
      32
      35
      32
      32
      42
      26
      35
      33
      24
      32
      42
      29
      38
      34
      35
      46
      42
      31
      34
      26
      34
      35
      28
      39
      38
      32
      36
      25
      27
      19
      26
      30
      33
      28
      31
      28
      29
      19
      31
      22
      24
      23
      18
      25
      23
      23
      14
      21
      20
      20
      17
      25
      23
      14
      21
      22
      21
      18
      11
      16
      11
      13
      16
       9
      14
      13
      14
      14
      16
       9
      11
      19
      13
      15
       7
      14
      13
      11
      15
      13
      15
      18
      15
      13
      24
       7
      12
      13
      16
       8
      18
      13
      11
      14
      18
      18
      15
      15
      14
      13
      23
      15
      16
      19
      21
      20
      29
      22
      22
      26
      29
      28
      41
      41
      36
      35
      56
      47
      46
      62
      58
      70
      80
      66
      92
      85
     101
      85
      94
      88
      92
     105
     106
     105
     117
     111
     100
      96
     108
     119
     113
      95
      97
     110
     104
      92
      90
      89
      84
      62
      69
      71
      63
      54
      51
      69
      37
      46
      33
      47
      32
      34
      40
      33
      26
      27
      22
      33
      26
      16
      23
      15
      16
      24
      17
      15
      20
      14
      10
      11
      14
      12
      11
      10
       2
       9
       9
       8
       6
       8
       9
       6
      10
       6
       8
      13
       2
       7
      11
       7
       8
      10
       9
      10
       7
       8
      16
       8
       7
       5
       9
       8
      11
       4
       9
       7
       9
       6
      10
      13
       6
       6
       8
      10
       9
       9
       6
      10
      10
       6
      15
      11
      12
      16
      11
       9
      18
      11
      10
       7
       8
       9
       5
       6
       8
       8
       4
       7
      11
       3
       7
       7
      10
       3
       6
       6
       7
       7
       5
      10
       9
       8
      11
       7
       5
      11
       7
       7
       9
      13
       6
       9
       8
      10
       6
      11
      11
       5
       7
       9
       2
       8
      11
      17
       8
       5
       6
       4
       5
       6
       3
       5
       7
       8
      13
       9
      10
       4
       8
       4
       9
       4
      10
      11
       8
       6
       8
      11
       8
       4
       6
       5
       8
       8
       4
       7
      13
       9
       5
       7
       6
       9
       6
      10
       7
       8
       5
       8
      12
       8
      10
       5
       8
       5
       8
       9
      10
       9
       6
      10
       6
       6
       9
       8
       5
       5
       5
      14
       9
       7
       4
       6
       9
      11
      10
       7
       4
      10
       9
       8
       7
       8
       7
      16
      15
      13
       6
       4
      10
      11
       4
       6
       6
       7
      11
      10
       8
       8
      10
      11
       6
       6
      11
       9
      10
       6
       7
       7
       6
       8
       5
       7
      10
       6
       7
       9
       5
       6
       8
       7
       8
       9
       6
       7
       5
       8
       8
      14
       6
       8
       6
       4
       8
       6
       4
       4
      11
      12
       9
       5
      11
       4
      12
       5
       7
       6
       6
       4
      14
       7
       6
       5
       3
       6
       7
       5
       5
       5
       4
       5
       8
       8
       6
      10
       5
       9
       5
       9
       4
      11
      12
       6
       6
       9
       8
       8
       6
       5
       8
       6
       4
       9
       6
       7
       3
       9
       5
       7
       9
       4
       3
       6
       4
      10
       7
       7
       8
       3
       8
       3
      10
       6
       7
      13
       9
      10
       9
       8
      12
       5
       5
       6
       7
       6
       7
      10
       8
       8
       8
       4
      11
       5
       3
       7
       6
       3
       5
       4
       7
       4
       6
       5
       7
       5
       4
       3
       6
       5
       7
       4
       4
       3
       4
       5
       6
       2
       8
       6
       4
       8
       6
       2
       8
       6
       5
       5
       5
       7
       8
       7
       3
       7
       3
       3
      11
      10
       7
       6
       3
      12
       6
       4
       8
       6
       7
       3
       6
       8
      12
       6
       8
       9
       9
       7
       5
       7
       7
       7
      10
       5
       5
      10
       8
       7
       8
       6
       8
      11
       8
       7
       9
      11
       7
       9
      14
       6
      15
       9
       9
       9
       8
      10
       5
       2
      13
       4
       6
       7
       7
       5
      11
      12
       9
       6
       6
       8
       4
       5
       7
       3
       6
       8
       0
       9
       6
       7
      11
       5
       3
       1
       3
       5
       7
       4
       9
       4
      10
       4
       4
       2
       7
       3
       5
       3
       8
       7
       7
       6
       3
       2
       5
       8
       5
       5
       6
       6
       5
       4
       4
       1
       5
       3
       5
       4
       3
       3
       4
       9
       6
       4
       6
       4
       2
       7
       7
       5
       9
       5
       8
       4
       9
       9
       9
       9
       7
       5
       2
       7
       8
       4
       4
       6
      10
       9
       8
       6
       8
       7
       6
       2
       6
       8
       4
       2
       7
       4
       5
       7
       5
       6
       5
       7
       7
       6
       6
       5
       5
       5
       5
       4
       6
       5
       3
       6
       3
       2
       8
       9
       8
       5
       9
       4
       4
       3
       5
       4
       8
       5
       3
       2
       2
       1
       7
       4
       4
       2
       6
       8
       8
       6
       5
       2
       9
       6
       5
       4
       3
       8
       6
       4
       4
       5
       7
       5
       6
       8
       6
       7
       9
       3
       4
       2
       6
       4
       7
       8
       7
       3
       3
       1
       9
       7
       2
      12
       7
       6
       4
       5
       7
       4
       5
       2
       2
       8
       0
       5
       6
       5
      10
       7
       7
      11
       5
       4
       5
       4
       8
      10
       7
       4
       6
       6
       9
       7
       4
       7
       6
       5
       8
       4
       4
       5
       5
       6
       7
       8
       1
       6
       5
       4
       4
       6
       2
       7
       3
       7
       8
       7
       8
       5
       5
       4
       2
       9
       2
       5
       6
       7
       6
      11
       2
       4
       7
       5
       4
       7
       4
      10
       7
       8
       2
       7
       6
      10
       7
       5
       2
      12
       3
       3
       4
       3
       4
       7
       5
       8
       7
       3
       5
       3
       4
       6
       8
       5
       3
       6
       4
      10
       7
       2
      10
       5
       4
       5
      13
       4
       4
       5
       3
       7
       8
       7
      11
       6
       4
       5
       5
       7
       1
       5
       5
       6
       6
       2
      11
       8
       2
       4
       6
      10
       7
      12
       6
       8
       4
      11
       7
       5
       3
      12
       7
       7
       7
       7
       9
       4
       2
       9
      10
       4
      10
       8
       8
       7
       5
       5
       4
       4
      10
       9
       8
       5
       9
       5
       6
       7
       6
       7
       7
       3
       7
       6
       9
       9
       5
       8
       7
       2
       7
       6
      10
       2
       8
       6
       4
       8
       4
       7
      10
       4
       3
       6
       5
       8
       2
       7
       8
       7
       6
       7
       8
      10
       6
       5
       6
      10
       7
       3
       5
       9
       4
       8
       7
       5
       8
       5
       7
      10
       9
       9
       4
       3
       8
       8
       3
       7
       6
       4
      10
      12
       7
       7
       3
       4
       4
       5
       6
       5
       9
       7
       7
       6
       9
       8
       6
      15
       8
       3
      10
      11
       5
       7
       4
       7
       4
       1
       7
       6
      11
      10
       5
       5
       8
       4
       5
       9
       4
       6
       7
      11
      10
      10
       4
       5
       6
       9
       6
       6
       7
       9
      11
       7
      11
      11
       9
       6
       6
      12
      10
       6
       7
       7
       5
       6
       4
       7
       7
       4
       6
      10
       4
       3
       6
       7
       8
       9
       7
       3
       3
       3
       6
      10
       3
       6
       5
       8
       7
       9
       7
       7
       7
       4
       9
       9
       8
       6
       9
       6
       7
       2
       7
       4
       6
       5
       7
       7
       6
      10
      12
      10
       4
       7
      10
       4
       5
       5
       4
      10
       8
       5
       8
       8
       3
       9
       9
       7
       5
       2
       4
       9
       4
       9
      11
       4
       9
       6
       7
       9
       7
       5
       8
       6
       7
       8
       9
      13
       6
       6
       6
      11
       4
       7
       8
       4
      11
       9
       8
      14
       6
      10
      10
       8
       6
       7
       5
       7
       5
       4
       4
       9
       4
       6
       3
       2
       9
       8
      11
       7
       5
       9
       9
       8
       6
       8
       4
       6
       4
       6
       4
       7
       2
       5
       4
      11
       7
       9
       3
       6
       3
       4
       5
      13
       8
       6
       4
      10
       3
       4
       8
       9
       4
       4
      10
       7
       8
       1
       8
       6
       3
      11
       5
       5
       6
       6
       1
       5
       5
       8
       9
       6
       3
      10
       8
       4
       6
       8
       5
       8
      10
      10
       5
       6
       2
       9
       6
       3
      10
       5
       7
       5
       5
       6
       8
       7
       5
       5
       2
       4
       7
       2
       8
       7
       5
       7
       7
      14
       6
       2
       6
       3
       6
       9
       8
       7
       5
       5
       6
       8
       9
       7
       4
       5
       5
       7
       6
       3
       5
       9
       9
       7
       4
       0
       6
       3
       8
       4
       6
       8
       9
       5
       8
       5
      10
      11
       5
       9
       3
       7
       6
       9
       7
       4
       6
       7
       6
       6
       8
       7
       9
       8
      10
       4
       7
       5
       4
       6
       7
       1
       0
       0
       0
       0
       0
       0
       0
       0
       0
       0
       0
       0
       0
       0
       0
       0
       0
       0
       0
       0
       0
       0
       0
       0
       0
       0
       0
       0
       0
       0
       0
       0
       0
       0
       0
       0
       0
       0
       0
       0
       0
       0
       0
       0
       0
       0
       0
       0
       0
       0
       0
       0
       0
       0
       0
       0
       0
       0
       0
       0
       0
       0
       0
       0
       0
       0
       0
       0
       0
       0
       0
       0
       0
       0
       0
       0
       0
       0
       0
       0
       0
       0
       0
$ROI:
1
712 830
$PRESETS:
None
0
0
$ENER_FIT:
-23.656767 2.297974
$MCA_CAL:
3
-2.365677E+001 2.297974E+000 2.836717E-005 keV
$SHAPE_CAL:
3
0.000000E+000 0.000000E+000 0.000000E+000
