$SPEC_ID:
No sample description was entered.
$SPEC_REM:
DET# 1
DETDESC# DESKTOP-I499GD2 Easy-MCA-2k SN 18191655
AP# Maestro Version 7.01
$DATE_MEA:
02/29/2024 10:42:55
$MEAS_TIM:
29 30
$DATA:
0 2047
       0
       0
       0
       0
       1
       0
       3
       2
     208
      46
      56
      77
      53
      67
      68
      51
      66
      57
      70
      59
      67
      55
      82
      61
      75
      80
      80
      79
      87
      92
      86
     110
      95
     105
     108
     107
      79
      77
     102
      92
      87
     103
     101
     111
     110
     116
     133
     130
     121
     123
     119
     140
     173
     153
     175
     145
     160
     173
     173
     169
     171
     210
     266
     282
     303
     294
     258
     262
     205
     217
     187
     149
     152
     144
     163
     134
     189
     152
     154
     156
     127
     154
     160
     156
     142
     150
     152
     135
     143
     142
     146
     152
     164
     161
     126
     126
     145
     136
     125
     108
     163
     129
     141
     116
     125
     138
     141
     152
     138
     141
     130
     131
     157
     117
     144
     150
     111
     116
     123
     122
     117
     111
      86
      99
     105
     113
     123
     115
      92
      97
     133
     112
     103
     116
     102
     106
     120
     108
     120
     110
     100
     109
      84
      86
     102
     101
      84
      96
      83
      84
      81
      86
      75
      95
      86
      89
      68
      84
      82
      75
      86
      98
      93
      78
      86
      92
      82
      82
      71
      82
      59
      86
      74
      65
      70
      61
      61
      73
      64
      78
      66
      68
      66
      77
      66
      64
      65
      58
      64
      51
      77
      58
      59
      63
      63
      59
      55
      53
      56
      53
      75
      55
      46
      57
      57
      45
      61
      68
      60
      63
      53
      56
      77
      75
      63
      71
      74
      96
     103
     100
     100
     105
     120
     114
     155
     138
     125
     169
     163
     166
     166
     164
     147
     132
     130
     125
      97
     106
     100
      87
      71
      71
      65
      60
      57
      38
      57
      48
      42
      47
      42
      48
      34
      46
      47
      48
      39
      32
      38
      38
      38
      35
      33
      36
      29
      41
      35
      42
      38
      37
      35
      46
      51
      36
      35
      38
      42
      34
      33
      38
      45
      33
      38
      32
      46
      42
      26
      25
      42
      31
      36
      30
      35
      37
      33
      38
      38
      30
      45
      27
      33
      45
      24
      43
      43
      41
      45
      32
      30
      41
      40
      25
      36
      32
      26
      35
      27
      37
      31
      39
      52
      44
      47
      41
      29
      40
      37
      26
      29
      31
      32
      34
      30
      41
      36
      35
      33
      32
      41
      32
      40
      35
      28
      32
      29
      27
      27
      30
      27
      37
      28
      40
      35
      41
      27
      41
      38
      29
      27
      32
      28
      37
      35
      35
      44
      30
      34
      32
      32
      28
      36
      37
      29
      29
      26
      37
      31
      37
      32
      22
      26
      33
      28
      24
      29
      30
      27
      30
      25
      35
      18
      22
      25
      33
      34
      28
      31
      34
      34
      30
      27
      38
      38
      25
      32
      29
      28
      28
      32
      30
      24
      27
      25
      23
      35
      30
      14
      30
      34
      27
      26
      23
      23
      28
      24
      25
      31
      27
      31
      27
      21
      18
      29
      24
      30
      23
      30
      40
      24
      25
      34
      23
      35
      26
      22
      28
      24
      27
      32
      27
      22
      27
      22
      29
      27
      23
      26
      22
      26
      31
      24
      45
      25
      26
      26
      31
      18
      36
      28
      26
      25
      24
      25
      27
      31
      26
      17
      31
      21
      31
      31
      23
      37
      18
      27
      26
      23
      23
      27
      31
      16
      30
      33
      27
      24
      26
      20
      26
      24
      26
      28
      27
      24
      16
      29
      22
      29
      22
      29
      32
      31
      32
      23
      16
      28
      25
      35
      15
      21
      19
      22
      28
      31
      31
      23
      27
      35
      27
      23
      24
      40
      25
      24
      17
      32
      21
      31
      29
      24
      25
      33
      25
      21
      27
      29
      19
      30
      34
      26
      35
      28
      29
      32
      33
      32
      28
      28
      36
      28
      34
      37
      33
      43
      36
      25
      25
      37
      27
      30
      40
      29
      39
      34
      25
      23
      36
      32
      30
      24
      29
      27
      27
      20
      19
      23
      25
      27
      31
      22
      29
      29
      23
      31
      32
      32
      36
      26
      20
      28
      28
      31
      34
      22
      21
      33
      16
      28
      27
      27
      40
      33
      27
      26
      35
      23
      26
      25
      30
      33
      25
      30
      31
      36
      35
      23
      29
      24
      34
      35
      35
      31
      32
      28
      33
      32
      30
      31
      33
      39
      23
      45
      26
      34
      28
      31
      30
      33
      24
      36
      36
      30
      31
      27
      38
      35
      30
      29
      27
      22
      22
      14
      24
      24
      17
      26
      29
      20
      24
      14
      19
      15
      17
      19
      15
      18
      14
      15
      18
      18
      16
      19
      18
      12
      10
      22
      19
      11
      13
      13
      17
      16
      10
      22
      15
      12
      16
      11
      14
      15
      10
      11
      17
      17
      19
      10
      13
      14
      13
      13
      10
      14
      14
      15
      16
      11
       5
      16
      10
      17
      15
      17
      19
      16
      14
      12
      19
      16
      15
      19
      13
      15
      21
      14
      21
      26
      22
      25
      28
      33
      24
      34
      35
      41
      47
      49
      59
      58
      43
      59
      63
      69
      71
      89
      94
      83
     108
      93
      98
     103
      90
      94
      85
     105
      83
     101
      99
     104
     104
      93
      99
      85
     102
      86
     108
      83
      88
      65
      67
      68
      58
      52
      47
      61
      58
      48
      39
      31
      46
      39
      36
      33
      22
      24
      32
      18
      22
      20
      14
      17
      13
      14
      10
      10
      14
      11
      14
       5
      10
       9
      12
       9
       4
       8
      11
      11
       6
       8
       8
      10
       8
       4
      12
       8
       6
      13
      10
       6
      10
       8
       7
       8
       6
       7
       8
       8
       8
       6
      11
      11
      10
      10
      12
       5
       9
       6
       9
       7
      21
       6
      10
       6
       5
       7
       9
       7
       9
       6
       5
      10
      10
      10
       6
       5
       5
       4
       8
       7
       7
       8
       5
       9
      11
      14
       5
       7
       9
       8
       7
       7
       3
      10
       8
       8
       4
       1
       6
      10
       6
       8
      10
      10
       7
      11
      11
      10
       6
      11
       4
      14
       4
      10
       9
       9
       4
       4
       5
       4
      10
       3
       8
      12
       8
       8
       4
      13
       7
       4
       3
      10
      12
       4
       8
       7
       8
      15
       3
       7
       2
       3
       5
       5
       9
      10
       7
       3
       9
       5
       6
       9
       8
       7
       8
       7
       9
       3
       9
       9
       6
       8
       5
       3
       9
       7
      10
       5
       6
       4
      12
      11
       8
      10
       8
       5
       6
       6
       6
       7
       5
       4
       7
       2
       7
       5
       5
      13
       9
       7
      10
       9
       9
       9
       3
      11
       9
       9
      13
       8
       8
       6
       8
       7
      10
       8
       6
       4
       7
       8
       7
       6
       7
       8
       6
       9
       7
      10
       8
       8
      10
       6
       3
       8
       8
       7
       7
       3
       8
       7
       7
       9
       3
       2
       8
       6
       7
       9
      11
       7
       5
       2
       7
       5
       7
      10
       6
       9
       6
       9
       7
      13
       9
       9
       5
      10
       7
       2
      10
       2
      11
       5
       5
       8
       7
       6
       1
       2
      11
       5
       7
       9
       4
       6
       9
       8
       6
       4
       8
       9
       4
       5
       5
       8
       7
       7
       5
       9
       7
       9
       7
       7
       8
      11
       8
       4
       5
       2
       5
       7
       5
       3
       5
       7
       7
       8
       7
       7
       3
       8
       9
       8
       9
       9
       2
       7
       6
       8
       5
       6
       8
       7
       7
       4
       6
       2
       6
       6
       2
       7
       6
       8
       6
       8
       5
      11
       5
       2
       9
       7
       4
       5
       6
       5
      12
      12
       4
       6
       2
       7
       3
       3
       7
       7
       9
       3
       7
       8
       3
       7
       4
       6
       5
       6
      12
       9
       5
       5
       4
       4
       6
       2
       6
       8
       6
       4
       6
       3
       2
       6
       5
       4
       6
       7
       9
       2
       8
       5
       5
       8
       9
       6
       7
       7
      11
      11
       5
      11
       8
       7
       4
       4
       6
       5
       6
       6
      10
       3
       5
       4
       9
       8
      10
       5
       9
       9
       6
       4
       8
       6
       8
       6
       9
       7
       7
       3
       9
       9
      13
       6
       9
       4
      10
       4
       6
       4
       6
       7
       6
       7
       7
       4
       8
       3
       2
       5
       6
       4
       6
       4
       4
      10
       5
       6
       3
       7
       8
       5
       7
       3
       4
       2
      10
       3
       4
       6
       6
       3
       3
       7
       7
       2
       3
       3
       4
       5
       3
       4
       3
       2
       7
       6
       4
       1
       3
      11
       5
       4
       9
       5
       6
       3
       5
       2
       6
       3
       6
       6
       4
       8
       8
      11
       7
       2
       3
       7
       8
       6
       6
       7
       4
       8
      10
      11
       1
       4
       7
      12
       4
       7
       7
       7
       5
       4
       6
       8
       7
       5
       8
       6
       4
       4
       7
       4
       5
       4
       5
       5
      10
      12
       4
       9
       4
       5
       8
      10
       6
       5
      10
       7
       7
       8
       3
      12
       8
       2
       9
       3
       0
      11
       4
       3
       8
       3
       8
       7
       5
       5
       7
       9
       7
       6
       3
       8
       2
       5
       6
       5
       1
       9
      10
       4
       8
       1
       9
       2
       5
       1
       2
       7
       6
       3
       7
       5
       4
       1
       7
       5
       6
       7
       3
       6
       6
       4
       5
       6
       6
       4
       5
      11
       6
       7
       3
       6
       7
       8
       9
       6
       6
       4
       1
       8
       5
       7
       7
       1
       7
      11
       5
       5
       4
       3
       1
       7
       9
      14
       4
       7
       4
       3
       5
       6
       6
       6
       6
       3
       4
       6
       3
       8
       7
       6
       6
       3
       6
       4
       3
       8
       6
       8
       6
       2
       6
       5
       3
       5
       6
       2
       6
       8
       5
       3
       6
       2
       8
       5
       5
       6
       7
       5
       3
       5
       7
       6
       6
       8
       6
       6
       9
       4
       5
       8
       4
       8
       6
       9
       3
       3
       6
       8
       5
       1
       5
       6
       9
       4
      11
       7
       6
       7
       7
       5
       7
       4
       5
       6
       3
       7
       3
       3
       1
       5
       6
       1
       5
       6
       9
       8
       4
       2
       5
       6
       7
       7
       5
       6
      10
       5
       6
       4
       6
       4
       7
       5
       7
       8
       5
       7
       6
      10
       6
       5
       7
       7
       3
       8
       4
       7
      10
       5
       6
       2
       4
       8
       5
       6
       8
       6
      11
       7
       7
       5
       6
       6
       8
       4
       5
       3
       7
       8
       9
       7
       5
       4
       3
       6
       3
       6
       5
       8
       8
       6
       2
       5
       8
       3
       6
       5
       3
       8
       6
       3
      10
       4
       3
      14
       3
       5
       6
       6
       5
       5
       3
       3
       3
       8
       6
       9
       4
       4
       9
       5
       8
       8
       7
       4
       5
       4
       4
       4
       6
       7
       6
       4
       7
       3
       7
       7
       8
       4
       7
       4
       7
       9
       5
       5
      10
       3
       2
       5
       9
       4
       4
       2
       3
       6
      10
       5
       5
       4
       9
      13
       8
       5
       6
       6
       5
       6
       5
       8
       5
       3
       2
       6
       8
       7
       5
       8
       6
       2
      10
       3
       4
       7
       8
       6
      12
       1
      12
       7
       7
       6
       9
       9
       8
       8
       2
       9
      10
       9
       7
       9
       6
       8
       7
       9
       3
       7
       1
       3
       7
       1
       4
      11
       9
       8
       5
       3
       1
      11
       5
      10
       9
       5
       4
      12
       5
       3
       4
      11
       9
       4
       8
       4
      10
       6
       5
      10
       2
       7
       5
       4
       8
       7
       4
      10
       4
       9
      10
       9
       6
       8
       6
      10
       4
       5
       7
      10
       5
       5
      10
       4
       6
       6
      10
       9
       8
       6
       6
       7
       9
       7
       6
       5
      10
       6
       7
       6
       7
       6
      10
       8
       9
       3
       4
       5
       7
       7
       6
      13
       5
       5
       7
       7
       7
      11
       7
       9
      11
       7
       6
       8
       6
      10
       5
       5
       6
       5
      11
      15
      10
       3
       8
      13
       9
       7
       9
       6
      10
       7
       7
      10
       7
       8
       3
       7
       7
       5
      13
       5
       8
       3
       7
       3
       8
       4
       8
       5
       4
       5
       6
       7
       3
       3
       2
       3
       8
       4
       9
       5
       6
       8
       8
       8
       5
       4
       7
       3
       2
       4
       8
       3
       5
       4
       9
       5
       8
       4
       4
       9
       7
       9
      13
       9
       9
       8
      10
       6
       6
       4
       8
      11
       6
       5
       4
       6
       6
      10
       1
       5
       5
       3
       9
       7
       7
       4
       7
       9
       7
       8
       2
       7
       7
       3
       6
       9
       6
       5
       8
      12
      10
       5
      10
       4
       8
       6
       6
       9
       2
       5
       5
       8
       6
       2
       5
       1
       5
       6
      10
       4
       8
       7
       6
       5
      10
       2
       3
       9
       8
       6
       9
       5
       3
       2
       7
       8
       8
       8
       1
       7
       7
       8
       7
       6
       4
       3
       4
       5
       5
       6
       6
      11
       6
       9
       5
       7
       3
       6
       7
       8
       7
       7
       8
       6
       8
       2
       3
       0
       0
       0
       0
       0
       0
       0
       0
       0
       0
       0
       0
       0
       0
       0
       0
       0
       0
       0
       0
       0
       0
       0
       0
       0
       0
       0
       0
       0
       0
       0
       0
       0
       0
       0
       0
       0
       0
       0
       0
       0
       0
       0
       0
       0
       0
       0
       0
       0
       0
       0
       0
       0
       0
       0
       0
       0
       0
       0
       0
       0
       0
       0
       0
       0
       0
       0
       0
       0
       0
       0
       0
       0
       0
       0
       0
       0
       0
       0
       0
       0
       0
       0
       0
$ROI:
1
712 830
$PRESETS:
None
0
0
$ENER_FIT:
-23.656767 2.297974
$MCA_CAL:
3
-2.365677E+001 2.297974E+000 2.836717E-005 keV
$SHAPE_CAL:
3
0.000000E+000 0.000000E+000 0.000000E+000
