$SPEC_ID:
No sample description was entered.
$SPEC_REM:
DET# 1
DETDESC# DESKTOP-I499GD2 Easy-MCA-2k SN 18191655
AP# Maestro Version 7.01
$DATE_MEA:
02/29/2024 10:50:58
$MEAS_TIM:
52 52
$DATA:
0 2047
       0
       0
       0
       0
       0
       1
       4
       3
     114
      54
      50
      45
      56
      70
      64
      64
      73
      76
      56
      63
      68
      73
      68
      51
      58
      76
      65
      82
      98
      96
     100
     112
     113
     143
     129
      93
      82
      90
     110
     100
      81
     107
     105
     128
     125
     150
     133
     152
     147
     179
     150
     184
     183
     185
     201
     185
     196
     196
     220
     206
     228
     276
     328
     413
     451
     438
     392
     327
     234
     214
     191
     172
     179
     180
     182
     172
     172
     168
     172
     169
     173
     153
     153
     172
     164
     160
     181
     164
     166
     164
     173
     157
     195
     165
     158
     159
     161
     152
     132
     168
     142
     144
     162
     144
     154
     142
     143
     146
     144
     131
     138
     153
     140
     141
     147
     149
     127
     146
     133
     115
     126
     151
     109
     104
     128
     117
     114
     117
     133
     107
     108
     120
     102
     109
     111
     108
     104
      95
     104
     118
      93
      99
      97
     102
      75
     118
      90
     101
      83
      92
      94
      99
      92
      95
      96
      75
      89
      96
      89
      76
      96
      76
      99
      78
      81
      98
      93
      53
      78
      81
      74
      67
      74
      79
      81
      79
      82
      65
      67
      68
      72
      45
      62
      60
      64
      70
      59
      56
      70
      75
      48
      57
      69
      48
      54
      77
      62
      55
      57
      66
      68
      72
      82
      63
      67
      61
      53
      62
      56
      70
      67
      64
      62
      77
      73
      77
      90
      83
     108
      97
     116
     125
     127
     135
     126
     154
     134
     139
     144
     175
     147
     166
     136
     136
     144
     149
     113
     114
     105
      93
      62
      71
      70
      59
      59
      44
      49
      45
      42
      47
      40
      38
      37
      38
      38
      41
      52
      47
      29
      32
      47
      41
      42
      46
      33
      50
      41
      37
      41
      32
      35
      39
      30
      31
      35
      34
      41
      37
      33
      48
      33
      40
      37
      45
      52
      36
      41
      43
      32
      40
      44
      35
      35
      25
      40
      42
      34
      42
      32
      34
      28
      24
      39
      29
      34
      18
      28
      42
      35
      33
      35
      38
      26
      30
      39
      46
      34
      44
      31
      31
      42
      52
      23
      40
      36
      45
      32
      41
      35
      37
      36
      47
      39
      37
      45
      39
      38
      29
      39
      34
      42
      37
      34
      23
      26
      35
      26
      29
      39
      24
      34
      31
      33
      38
      28
      31
      30
      26
      26
      32
      28
      31
      31
      24
      30
      30
      29
      29
      34
      32
      38
      31
      32
      42
      38
      30
      27
      29
      21
      35
      24
      31
      31
      37
      24
      38
      37
      32
      31
      19
      25
      18
      30
      25
      31
      36
      27
      40
      21
      33
      24
      17
      27
      30
      42
      28
      22
      23
      27
      16
      22
      26
      23
      30
      34
      37
      27
      27
      29
      26
      17
      31
      36
      25
      28
      27
      25
      31
      30
      28
      16
      25
      21
      19
      30
      34
      18
      29
      23
      35
      21
      22
      28
      35
      26
      28
      23
      28
      28
      24
      29
      28
      22
      28
      28
      20
      23
      24
      26
      22
      28
      27
      27
      28
      28
      28
      19
      19
      34
      24
      26
      34
      26
      29
      27
      29
      32
      21
      36
      26
      35
      31
      30
      31
      40
      42
      22
      39
      32
      23
      30
      27
      34
      29
      21
      36
      21
      26
      28
      35
      26
      27
      17
      30
      20
      32
      34
      21
      23
      23
      24
      26
      30
      26
      28
      26
      27
      20
      25
      23
      35
      19
      20
      26
      18
      29
      24
      19
      28
      26
      29
      36
      30
      25
      25
      28
      25
      25
      26
      30
      26
      28
      26
      25
      33
      34
      32
      40
      39
      39
      29
      35
      41
      38
      33
      37
      27
      26
      28
      33
      29
      25
      24
      44
      26
      34
      19
      33
      33
      26
      26
      34
      31
      31
      30
      31
      22
      29
      27
      22
      29
      27
      21
      20
      32
      28
      28
      32
      22
      33
      23
      30
      27
      37
      28
      24
      41
      26
      28
      23
      31
      26
      31
      28
      23
      23
      16
      31
      26
      35
      29
      33
      31
      33
      30
      33
      29
      34
      32
      30
      38
      37
      22
      36
      29
      32
      33
      26
      31
      24
      28
      38
      24
      40
      41
      28
      33
      38
      37
      42
      24
      34
      30
      29
      33
      37
      42
      27
      16
      22
      33
      32
      14
      23
      26
      24
      26
      25
      34
      17
      29
      15
      19
      26
      17
      23
      25
      30
      21
      24
      19
      12
      20
      16
      17
      23
      19
      20
      15
      22
      12
      19
      16
      14
      17
      22
      16
      17
      11
      11
      14
      11
      14
      11
       8
      16
      14
      10
      13
      11
       8
       7
      13
      18
      12
      12
      10
      13
      11
      17
      10
      13
      10
      15
      15
      13
       7
      11
      15
      16
      13
      12
      14
      10
      12
      21
       8
      15
      16
      16
      11
      14
      19
      24
      22
      20
      21
      31
      29
      36
      40
      38
      35
      52
      57
      54
      48
      52
      62
      85
      82
      85
      84
      94
      88
      86
      87
      89
      82
      91
     119
      81
     113
      94
     102
      98
      75
     102
      80
      84
      81
      71
      79
      80
      65
      79
      65
      54
      47
      80
      58
      38
      40
      46
      46
      31
      37
      30
      37
      37
      25
      15
      17
      17
      24
      19
      15
      16
      17
      16
      10
      16
       6
      11
      10
      13
       9
      13
       6
      12
       9
       8
       4
      10
      11
       5
       6
       7
       7
       7
       4
       5
       9
       3
       9
       6
       9
       5
       9
       3
       8
       7
       4
       7
       8
      11
       3
      12
      15
      12
      10
      12
      13
       8
       4
       9
       7
       9
       9
       9
       6
      11
      12
       8
       6
       7
       5
       7
      12
      10
      10
       7
       7
       9
      13
       9
       9
       5
       5
       7
       7
      10
       7
       6
       4
       7
       5
       7
       7
       8
       9
      10
      12
       3
      12
      10
       7
       8
       5
       4
       5
       9
       7
       7
       5
      12
       8
       5
       8
      10
       7
       9
      12
       7
       6
       3
       4
       6
       6
       7
       6
       5
       8
      10
       3
       8
       6
       5
       8
       7
       4
       7
       5
       9
       7
       9
       8
       4
       7
       4
       8
       4
       8
       5
       4
       5
       3
       7
       6
       7
       3
       5
      10
       6
       8
       2
       9
       7
       6
       6
       5
       6
       4
       5
       5
       8
       9
       6
       2
      10
       8
       5
       4
       5
       8
       5
       3
       5
       7
       5
      14
      10
       5
      10
       3
       5
      12
       5
       7
      10
       7
       8
       3
      11
       5
       8
       4
       7
       3
       8
       9
       7
       5
       7
       7
       4
       6
       4
       7
       5
       7
       7
       8
       9
       9
      14
       3
       9
       7
       6
       4
      10
       7
       5
       9
       7
       7
       6
       4
       6
       5
       9
       2
      10
       9
       9
       6
       5
       5
       4
       7
      10
       6
      10
       9
       3
       4
       4
       5
       4
       5
       6
       6
       7
       5
       5
       6
       7
       8
       0
       3
       3
       5
       6
       6
       5
       6
       6
       2
       6
       8
       1
       5
       6
      10
       5
       4
       4
       9
       8
       5
       8
       6
       6
      10
       2
       5
       5
       9
       4
       5
       2
       4
       5
       3
       3
      10
       7
      12
       8
       5
      11
       3
       7
       9
       8
       8
       4
       6
       2
       4
       1
       8
       7
       3
       7
       4
       6
       9
      13
       3
       5
       6
       8
       2
      11
       7
      12
       2
       8
       9
       6
       2
       3
       7
       5
       9
       4
       7
       5
       1
       4
       4
       6
       4
       5
       8
       4
       3
       4
       5
       4
       3
       7
       7
       6
       1
       5
       3
       4
       5
       4
       6
       6
       5
       6
      10
       6
       7
       6
       2
       2
       7
       1
      10
       5
       5
       5
       4
       4
       7
       8
       4
      11
       9
       4
       9
       9
       8
       5
       4
       4
       6
      11
       9
       5
      13
       6
       6
       7
      11
       9
       9
       7
       6
       5
       8
       5
       6
       7
       7
       8
       4
       6
       9
      13
      10
       7
       7
       6
      10
      11
       5
      10
       6
       6
       7
       6
       5
       8
       4
       4
       4
       5
       2
       5
       9
       8
       8
       7
       6
       9
       4
       7
       6
       2
       4
       3
       6
       7
       6
       6
       8
       5
       5
       2
       9
       6
       6
       3
       9
       4
       6
       5
       3
       9
       3
       5
       7
       4
       6
       5
       5
       6
       2
       4
       6
       2
       4
       4
       5
       7
       3
       3
       7
       4
       7
       3
       6
       7
       7
       2
       6
       3
       2
       4
       8
       7
       6
       9
       8
       5
      10
       6
       8
       4
       2
       7
       6
       7
      10
      10
       8
       9
       9
       6
       3
       4
       3
       6
       2
       9
      10
       5
      10
       7
       5
       6
       9
       3
       6
       6
       6
       4
       6
       5
       8
       2
       7
       5
       4
       5
       9
       6
       7
       3
       8
       3
       3
       4
       4
       7
       6
       7
      10
       6
       6
       4
       8
       5
       5
       9
       5
       8
       8
       7
       2
       7
       5
       8
       8
       3
       5
       7
       6
       4
      10
       4
       4
       4
       4
       2
       6
       7
       6
       5
       6
       8
       7
       2
       5
       3
       4
       5
       6
       7
       3
       4
       7
       4
       5
       8
       5
       1
       8
       3
       7
       5
      10
       6
       4
       5
       5
       7
       6
       4
       6
       5
       7
       6
       1
      10
       3
       7
       7
       5
       8
       4
       3
       7
       5
      12
       5
       5
       5
       5
       7
      12
       4
       4
       1
       7
      11
       4
       3
       5
       4
       4
       2
       6
       6
       5
       3
       7
       1
       3
       3
       3
       7
       4
       7
       8
       5
       7
       6
       4
       8
       5
       9
       4
       4
       4
       6
       7
       7
       5
       8
       8
       8
       5
       8
       9
       4
       4
       7
       6
       4
       8
       4
       3
       5
       4
       4
       6
       5
       5
       5
      10
       8
       6
       4
       6
       7
       5
       3
       4
       3
      11
       7
       6
       4
       9
       8
       5
       6
       6
       8
       5
       4
      10
       4
       4
       6
       3
       5
       8
       5
       9
       9
       4
       6
       8
      10
       7
       6
      11
       8
       6
       5
       7
       9
       5
       6
       5
       9
       2
      10
       6
       4
       5
       8
       5
       6
       7
       4
       9
       7
       4
       7
       9
       6
       6
       7
       7
       5
       6
       7
       9
       3
      10
       9
       6
       7
       2
       8
       3
      11
      10
       6
       2
       7
      12
       5
       9
       6
       6
       7
       5
       7
       7
       9
       8
       3
       7
       4
       8
       4
       9
       8
       3
       7
       4
      10
       7
       9
       8
       8
       7
       3
       6
       8
      12
       4
       5
       8
       4
       2
       9
       6
       4
       6
       5
       8
       1
       4
       3
       3
       6
      12
       4
       8
      11
       7
       6
       4
       5
       3
       2
       4
       4
       3
       7
       4
       6
       5
       8
       6
       4
       6
       7
       8
       2
       8
       7
       6
       8
       6
       3
       6
       3
       4
       5
       3
       5
       7
       8
      13
       5
       3
       5
       7
       2
       7
       7
       6
       4
       7
       5
       3
       4
       6
       5
       8
       9
       3
       8
      14
       7
       7
       8
       8
       5
      10
       8
       5
       6
       3
       6
       8
       7
       8
       7
       4
       7
       5
       7
       3
       4
       4
       3
       8
       6
       8
       7
       5
       4
       5
       5
       6
      14
       5
       8
       4
       6
       9
       7
       5
       5
       3
       7
       9
       4
       5
      12
      10
       8
       6
       6
       5
       4
       9
       7
       4
       6
       8
       9
       4
       3
       5
      13
       3
       6
      10
       7
       3
       6
      10
       4
       6
       6
      15
       6
       9
       6
       3
       6
       5
      11
       6
       6
      11
       7
       4
      11
      13
       7
       5
       6
      10
       6
       9
       4
       8
      13
       3
       7
       4
       4
       7
       7
      10
       7
       8
       8
      12
       3
       9
      11
       6
       8
       3
       5
       6
       8
       6
       6
       6
       8
       5
       6
       7
       3
      11
       7
       7
       9
       7
       9
       2
       1
       7
       8
       7
       4
       5
       6
       6
       2
       6
      10
       8
       4
       7
       2
       5
       5
       5
       4
       1
       6
       6
       8
       5
      13
       0
       6
       4
       7
       8
      10
       5
       6
       4
       5
       4
       5
       9
       3
       4
       5
       4
       3
       4
       4
       8
       3
       4
       7
       2
       7
       4
       5
       4
       5
       6
       7
       3
       9
       8
       8
       8
       6
       5
       3
       6
       6
       7
       6
       4
       6
       8
       5
       8
       5
       5
       7
       4
       5
       9
       7
       8
       4
       7
       3
       8
      11
       6
       4
      13
       9
       8
       8
       4
       6
       7
      12
       8
       2
       4
      17
       1
       7
       3
       3
       8
       3
       9
      10
       4
       5
       3
       5
       4
       6
      10
       4
       5
       9
       7
       6
      10
       4
       6
       6
       8
       7
       8
       5
       4
       6
       6
       9
       7
      11
       5
       7
       3
       7
       8
       4
       2
       5
       3
       5
       6
       5
       4
      14
       5
       2
       3
       4
       5
       4
       0
       0
       0
       0
       0
       0
       0
       0
       0
       0
       0
       0
       0
       0
       0
       0
       0
       0
       0
       0
       0
       0
       0
       0
       0
       0
       0
       0
       0
       0
       0
       0
       0
       0
       0
       0
       0
       0
       0
       0
       0
       0
       0
       0
       0
       0
       0
       0
       0
       0
       0
       0
       0
       0
       0
       0
       0
       0
       0
       0
       0
       0
       0
       0
       0
       0
       0
       0
       0
       0
       0
       0
       0
       0
       0
       0
       0
       0
       0
       0
       0
       0
       0
       0
$ROI:
1
712 830
$PRESETS:
None
0
0
$ENER_FIT:
-23.656767 2.297974
$MCA_CAL:
3
-2.365677E+001 2.297974E+000 2.836717E-005 keV
$SHAPE_CAL:
3
0.000000E+000 0.000000E+000 0.000000E+000
