$SPEC_ID:
No sample description was entered.
$SPEC_REM:
DET# 1
DETDESC# DESKTOP-I499GD2 Easy-MCA-2k SN 18191655
AP# Maestro Version 7.01
$DATE_MEA:
02/29/2024 10:57:42
$MEAS_TIM:
79 79
$DATA:
0 2047
       0
       0
       0
       0
       0
       0
       4
       0
      64
      38
      37
      29
      37
      54
      50
      43
      48
      53
      46
      42
      49
      35
      42
      41
      36
      44
      46
      40
      73
      90
      79
      94
     117
     127
     125
      95
      67
      60
      86
      64
      78
      86
      82
      88
     110
     108
     117
     112
     124
     161
     174
     160
     197
     177
     206
     170
     185
     196
     194
     213
     284
     326
     377
     505
     532
     554
     470
     353
     280
     180
     146
     139
     153
     137
     120
     144
     113
     128
     116
     126
     104
     145
     116
     129
      96
     109
      94
     122
     116
     119
     119
     122
     141
     123
     108
     111
     117
     102
      87
      98
      95
      99
      93
      83
      83
     107
      98
      86
     107
      83
      83
      79
      87
      84
      97
     110
      94
      87
      71
      86
      78
      79
      65
      80
      62
      69
      76
      66
      67
      69
      72
      58
      79
      72
      68
      65
      63
      68
      63
      73
      59
      63
      68
      47
      56
      58
      45
      66
      60
      55
      53
      58
      56
      41
      56
      43
      57
      53
      57
      51
      47
      53
      55
      55
      45
      44
      43
      48
      37
      52
      37
      40
      40
      39
      45
      40
      36
      38
      37
      43
      48
      30
      35
      43
      34
      40
      35
      43
      31
      49
      34
      31
      23
      33
      37
      44
      37
      40
      35
      32
      28
      37
      27
      34
      36
      39
      31
      27
      42
      44
      37
      25
      42
      52
      40
      39
      55
      53
      56
      47
      51
      55
      54
      68
      70
      66
      81
      71
      68
      73
      88
      60
      68
      44
      62
      50
      48
      41
      48
      38
      35
      30
      36
      28
      22
      29
      21
      25
      17
      35
      21
      19
      24
      26
      19
      22
      25
      16
      16
      32
      28
      21
      23
      28
      30
      33
      33
      25
      22
      34
      16
      22
      18
      23
      34
      14
      31
      22
      22
      25
       9
      17
      21
      16
      24
      20
      18
      20
      22
      21
      24
      15
      21
      14
      15
      25
      15
      21
      14
      13
      16
      13
      24
      21
      20
       9
      15
       7
      14
      17
      17
      18
      22
      17
      20
      13
      16
      13
      30
      14
      18
      15
      11
      19
      13
      13
      24
       7
      14
      17
      15
      12
      16
      15
      23
      18
      12
      15
      11
      12
      10
      25
      27
      15
      13
      14
      13
      11
      19
      17
      19
      17
      11
      17
      10
      15
      14
      20
      21
      25
      16
      21
      18
      24
      19
      12
      17
      24
      19
      22
      15
      16
      17
      16
      21
      16
      13
      18
      19
      13
      20
      16
      15
      17
       9
      15
      11
      12
      14
      11
      15
      20
      10
       9
      17
      13
      15
      12
      12
      14
      13
      17
       9
      13
       9
      14
      13
      18
      12
      14
      14
      12
      11
      15
      14
      17
      18
      14
      15
      12
      11
      12
      11
      10
       8
      12
      14
      20
      10
       7
      14
      15
      12
      11
      10
       8
      17
      14
      22
      13
      20
       7
      10
      14
      13
      14
      10
      11
       5
      11
      14
      17
      12
      12
       9
      18
      10
       9
      17
       6
      14
      13
       8
      11
      10
      13
      12
      14
      18
      18
      14
      18
      12
       8
      20
      20
      23
      17
      20
      18
      18
      28
      14
      21
      22
      17
      18
      19
      23
      22
      16
      18
      10
      18
      13
      15
      23
      15
      14
      15
      17
      10
      17
      10
      10
      17
      12
       9
      10
      12
      14
      13
      15
       9
      11
       8
      20
      11
      16
      11
      10
      10
       8
      12
       8
       9
      15
      16
       9
       5
      14
       8
      13
       7
      12
      12
      12
      13
       7
      15
      11
      14
      16
      11
      10
      10
      10
      10
      10
       6
      17
       8
       8
       9
      14
      19
      15
      10
      12
       7
       8
      13
      13
       8
      11
      15
      13
       9
      11
      11
      11
      12
      11
       8
       9
      11
       9
      13
      11
      14
      14
      12
       5
       7
      14
       6
      13
      14
       9
       9
      10
      14
       8
      10
      11
      14
      13
       8
      11
       8
       9
      12
      13
      12
      11
      11
      11
       9
      17
      10
      17
       9
      12
       9
      12
       8
      14
       6
      11
      27
      11
      18
      13
      15
      22
      15
      12
      14
      16
      13
      17
      13
      11
      12
      12
      15
       8
      18
      14
      15
      11
      10
      18
      15
      13
      15
      14
       9
      14
      10
      19
      14
      10
       4
      12
      10
      11
      11
      12
      14
       7
       9
       7
       9
       9
       8
       7
       7
       7
      10
       7
       5
       5
       8
       6
       4
       8
       9
       4
       7
       1
      10
       8
       9
       8
       6
       3
       4
       3
       6
       3
       6
       2
       8
       5
       6
       3
       6
       9
       2
       7
       3
       9
       3
       3
       3
       4
       2
       1
      11
       5
       6
       4
       2
       4
       4
       3
       2
       2
       2
       5
       7
       8
       4
       3
       7
       6
       5
       8
       5
      10
       5
       8
       4
       8
       8
       6
       6
      12
      13
      18
      12
      11
      16
      26
      20
      29
      24
      23
      23
      26
      23
      24
      27
      20
      27
      33
      33
      35
      41
      37
      36
      31
      39
      26
      40
      34
      30
      24
      36
      25
      32
      27
      33
      25
      24
      27
      24
      25
      22
      15
      22
      20
      18
      13
      12
      14
       9
       9
       5
       8
      11
       6
       7
       7
       8
       4
       4
       5
       5
       5
       9
       2
       2
       1
       5
       3
       3
       5
       2
       3
       4
       4
       1
       1
       4
       2
       7
       4
       2
       4
       2
       6
       4
       2
       1
       4
       3
       1
       1
       1
       7
       2
       1
       1
       3
       3
       5
       5
       3
       4
       1
       5
       1
       5
       0
       3
       1
       5
       4
       0
       3
      10
       4
       2
       0
       5
       3
       2
       4
       2
       1
       3
       2
       1
       1
       1
       5
       3
       3
       3
       1
       3
       6
       1
       3
       2
       3
       3
       1
       2
       2
       4
       1
       5
       3
       5
       1
       2
       3
       5
       2
       4
       2
       7
       2
       2
       3
       2
       1
       3
       4
       2
       8
       2
       1
       1
       6
       3
       5
       3
       1
       3
       5
       2
       4
       5
       5
       2
       3
       1
       3
       3
       2
       3
       2
       5
       3
       2
       3
       2
       1
       1
       5
       4
       3
       2
       1
       3
       4
       2
       1
       3
       3
       1
       4
       0
       4
       4
       2
       4
       2
       1
       0
       2
       2
       4
       2
       2
       4
       1
       4
       2
       3
       5
       2
       1
       4
       2
       0
       2
       3
       4
       1
       5
       1
       1
       0
       2
       3
       2
       2
       1
       4
       3
       1
       5
       2
       2
       3
       0
       2
       4
       6
       6
       4
       5
       2
       3
       0
       2
       5
       4
       4
       6
       2
       5
       3
       1
       4
       3
       2
       0
       1
       2
       3
       4
       4
       2
       1
       2
       1
       4
       0
       4
       3
       4
       3
       2
       2
       2
       0
       3
       1
       3
       1
       5
       2
       4
       1
       2
       1
       6
       5
       1
       2
       3
       1
       0
       3
       0
       2
       2
       4
       2
       2
       2
       1
       4
       2
       0
       3
       3
       4
       4
       3
       0
       3
       2
       4
       1
       2
       5
       2
       2
       0
       5
       7
       1
       1
       2
       1
       4
       3
       6
       2
       0
       3
       1
       3
       3
       1
       1
       1
       3
       1
       7
       4
       2
       0
       3
       5
       0
       0
       4
       3
       1
       3
       2
       1
       4
       5
       2
       0
       4
       2
       1
       3
       2
       4
       1
       2
       1
       3
       1
       3
       1
       0
       2
       1
       0
       3
       1
       2
       2
       1
       1
       2
       1
       2
       3
       2
       3
       3
       1
       2
       1
       1
       3
       1
       1
       2
       2
       1
       2
       2
       1
       3
       3
       2
       3
       1
       2
       2
       0
       2
       0
       0
       1
       2
       3
       2
       3
       6
       4
       2
       2
       4
       2
       0
       7
       1
       4
       3
       0
       2
       3
       2
       4
       4
       1
       1
       0
       0
       2
       6
       4
       2
       0
       2
       2
       1
       3
       2
       4
       4
       2
       3
       2
       5
       1
       3
       2
       2
       2
       3
       6
       3
       1
       3
       1
       3
       5
       2
       3
       4
       1
       0
       3
       2
       4
       0
       3
       4
       1
       3
       2
       3
       2
       3
       2
       1
       4
       2
       4
       2
       3
       0
       2
       1
       1
       2
       3
       2
       3
       2
       1
       2
       3
       2
       2
       1
       2
       1
       2
       3
       2
       0
       4
       3
       2
       2
       4
       1
       1
       2
       3
       1
       3
       2
       5
       3
       3
       2
       0
       4
       1
       3
       4
       0
       1
       0
       2
       0
       2
       5
       2
       1
       2
       1
       2
       2
       2
       3
       3
       1
       2
       2
       3
       0
       0
       1
       1
       1
       1
       1
       2
       1
       2
       0
       4
       2
       1
       3
       1
       1
       2
       2
       4
       0
       3
       1
       1
       1
       1
       1
       0
       1
       3
       3
       4
       3
       1
       1
       3
       0
       1
       2
       2
       2
       1
       2
       2
       2
       1
       6
       1
       2
       2
       0
       3
       2
       2
       3
       7
       2
       1
       0
       1
       0
       1
       5
       3
       3
       2
       0
       4
       0
       4
       0
       2
       3
       1
       2
       2
       2
       0
       4
       1
       2
       1
       2
       2
       1
       1
       1
       1
       4
       1
       4
       2
       5
       1
       1
       0
       0
       1
       3
       1
       3
       2
       1
       0
       2
       0
       1
       2
       2
       1
       0
       3
       4
       2
       3
       4
       0
       1
       2
       2
       2
       1
       1
       1
       1
       2
       1
       3
       4
       1
       2
       1
       3
       1
       3
       2
       1
       2
       4
       3
       4
       1
       2
       4
       4
       2
       3
       1
       2
       3
       2
       2
       1
       0
       2
       1
       3
       1
       6
       0
       0
       4
       2
       1
       1
       3
       2
       0
       4
       2
       4
       0
       0
       2
       3
       2
       5
       3
       0
       2
       2
       2
       1
       2
       1
       2
       3
       4
       1
       2
       5
       1
       0
       2
       0
       2
       4
       1
       0
       2
       4
       0
       0
       3
       0
       1
       2
       1
       2
       2
       1
       1
       4
       2
       1
       2
       2
       2
       1
       2
       5
       3
       2
       4
       1
       2
       3
       2
       1
       2
       1
       3
       2
       2
       1
       1
       2
       3
       1
       3
       0
       2
       3
       2
       2
       5
       4
       2
       2
       2
       4
       1
       5
       2
       1
       2
       1
       1
       3
       2
       2
       0
       2
       1
       1
       4
       1
       2
       2
       4
       1
       7
       4
       4
       7
       2
       3
       3
       2
       3
       4
       3
       2
       1
       1
       2
       2
       6
       2
       0
       1
       0
       0
       1
       1
       1
       4
       1
       3
       1
       3
       3
       2
       2
       2
       3
       1
       2
       1
       2
       0
       3
       4
       2
       4
       0
       3
       2
       3
       3
       0
       2
       1
       0
       1
       1
       2
       2
       3
       0
       6
       1
       4
       2
       3
       4
       1
       1
       0
       0
       3
       5
       3
       3
       2
       3
       0
       0
       0
       2
       3
       1
       1
       1
       1
       2
       1
       2
       1
       2
       2
       2
       3
       3
       1
       1
       2
       5
       6
       3
       5
       1
       2
       0
       0
       1
       2
       2
       0
       4
       5
       3
       1
       3
       1
       0
       3
       5
       1
       3
       4
       1
       3
       3
       5
       3
       3
       5
       3
       3
       1
       2
       3
       6
       2
       1
       4
       3
       3
       0
       2
       4
       4
       2
       3
       3
       1
       1
       1
       1
       3
       1
       0
       2
       3
       1
       2
       1
       4
       0
       2
       6
       2
       2
       1
       3
       3
       3
       3
       0
       2
       8
       4
       5
       4
       1
       6
       1
       3
       1
       3
       3
       2
       6
       1
       6
       3
       3
       3
       1
       7
       2
       1
       3
       3
       3
       3
       2
       1
       4
       1
       6
       3
       4
       0
       0
       2
       2
       2
       2
       3
       2
       3
       2
       6
       4
       0
       8
       4
       1
       0
       3
       7
       3
       2
       4
       2
       3
       3
       2
       1
       3
       0
       1
       3
       3
       2
       5
       4
       2
       2
       3
       2
       3
       2
       0
       4
       1
       0
       1
       4
       0
       2
       3
       5
       2
       2
       2
       3
       1
       2
       0
       1
       3
       2
       1
       2
       3
       4
       2
       2
       2
       4
       1
       4
       4
       1
       2
       1
       3
       3
       2
       0
       2
       3
       2
       7
       3
       0
       1
       3
       2
       5
       7
       1
       3
       2
       3
       0
       2
       1
       4
       1
       1
       1
       1
       0
       1
       3
       1
       5
       0
       1
       1
       2
       3
       1
       2
       2
       3
       5
       4
       1
       2
       0
       2
       6
       1
       3
       2
       2
       1
       3
       3
       3
       1
       2
       4
       0
       1
       4
       4
       3
       0
       2
       1
       2
       3
       3
       2
       4
       2
       2
       3
       1
       1
       3
       5
       7
       4
       3
       4
       2
       1
       1
       0
       1
       3
       4
       4
       1
       0
       2
       3
       6
       1
       1
       3
       1
       3
       2
       1
       0
       2
       0
       0
       0
       0
       0
       0
       0
       0
       0
       0
       0
       0
       0
       0
       0
       0
       0
       0
       0
       0
       0
       0
       0
       0
       0
       0
       0
       0
       0
       0
       0
       0
       0
       0
       0
       0
       0
       0
       0
       0
       0
       0
       0
       0
       0
       0
       0
       0
       0
       0
       0
       0
       0
       0
       0
       0
       0
       0
       0
       0
       0
       0
       0
       0
       0
       0
       0
       0
       0
       0
       0
       0
       0
       0
       0
       0
       0
       0
       0
       0
       0
       0
       0
       0
       0
$ROI:
1
712 830
$PRESETS:
None
0
0
$ENER_FIT:
-23.656767 2.297974
$MCA_CAL:
3
-2.365677E+001 2.297974E+000 2.836717E-005 keV
$SHAPE_CAL:
3
0.000000E+000 0.000000E+000 0.000000E+000
