$SPEC_ID:
No sample description was entered.
$SPEC_REM:
DET# 1
DETDESC# DESKTOP-I499GD2 Easy-MCA-2k SN 18191655
AP# Maestro Version 7.01
$DATE_MEA:
02/29/2024 10:48:03
$MEAS_TIM:
36 36
$DATA:
0 2047
       0
       0
       0
       0
       0
       1
       2
       6
     167
      50
      64
      56
      64
      65
      54
      54
      59
      79
      67
      67
      61
      63
      60
      59
      62
      67
      63
      75
      80
     101
      94
      93
      99
      94
     126
     105
      85
     109
      89
     100
     107
     112
      92
      95
     116
     117
     115
     141
     110
     125
     159
     145
     158
     144
     138
     170
     167
     180
     185
     190
     190
     230
     281
     325
     325
     335
     310
     251
     207
     177
     179
     140
     137
     147
     148
     127
     160
     145
     133
     129
     148
     154
     134
     157
     158
     164
     143
     159
     144
     136
     146
     141
     141
     148
     131
     133
     153
     116
     130
     125
     141
     144
     143
     137
     130
     119
     140
     152
     112
     114
     115
     124
     128
     126
     108
     132
     110
     102
     131
     111
     110
     121
     102
     109
     115
     110
     113
      96
     111
      93
      92
      86
      97
      93
     115
      98
      97
      89
     107
     105
      81
      96
      85
      90
     101
      91
      92
      79
      85
      81
      87
      71
      81
      75
      86
      77
      84
      75
      98
      71
      82
      74
      83
      73
      73
      67
      60
      68
      72
      55
      66
      71
      79
      59
      55
      68
      61
      51
      67
      61
      63
      60
      72
      73
      74
      59
      78
      64
      69
      52
      71
      73
      62
      59
      68
      64
      63
      61
      63
      48
      62
      62
      56
      51
      48
      59
      52
      52
      51
      56
      62
      58
      68
      54
      74
      77
      77
      81
      92
     105
      94
      96
     141
     123
     133
     123
     142
     146
     146
     131
     160
     146
     137
     159
     113
     105
     117
     111
      91
      66
      84
      71
      47
      54
      50
      48
      56
      42
      48
      39
      32
      42
      31
      40
      29
      37
      32
      42
      33
      29
      45
      40
      39
      31
      48
      48
      32
      43
      50
      33
      31
      42
      33
      37
      39
      39
      29
      32
      31
      24
      30
      27
      36
      35
      37
      40
      42
      39
      31
      31
      34
      33
      28
      30
      43
      37
      40
      33
      21
      44
      45
      36
      31
      31
      32
      34
      41
      23
      33
      24
      38
      35
      39
      45
      34
      29
      28
      30
      41
      36
      32
      39
      41
      36
      42
      40
      22
      34
      26
      37
      30
      35
      36
      40
      32
      33
      15
      18
      36
      45
      29
      37
      29
      40
      32
      30
      33
      37
      33
      41
      30
      33
      39
      22
      26
      34
      39
      23
      35
      41
      29
      35
      36
      29
      22
      28
      23
      35
      26
      32
      32
      25
      32
      34
      26
      28
      23
      35
      18
      37
      29
      27
      32
      30
      44
      32
      26
      27
      39
      29
      28
      28
      21
      23
      14
      22
      26
      31
      18
      18
      25
      32
      31
      27
      27
      28
      29
      21
      23
      19
      26
      27
      33
      30
      28
      24
      32
      23
      33
      23
      21
      27
      32
      19
      26
      22
      24
      27
      29
      26
      25
      24
      20
      31
      28
      28
      24
      25
      20
      34
      24
      32
      17
      35
      19
      38
      15
      22
      23
      24
      28
      24
      20
      27
      23
      19
      17
      26
      28
      22
      18
      25
      25
      21
      18
      25
      30
      25
      26
      26
      27
      33
      28
      24
      20
      23
      24
      23
      24
      32
      20
      40
      28
      31
      23
      18
      24
      24
      28
      19
      20
      28
      28
      28
      33
      28
      24
      34
      23
      23
      20
      23
      28
      23
      31
      30
      22
      18
      29
      24
      21
      21
      16
      25
      34
      24
      19
      20
      26
      29
      24
      17
      20
      22
      21
      22
      21
      34
      20
      30
      33
      27
      19
      22
      26
      37
      25
      33
      30
      25
      24
      30
      29
      32
      36
      32
      31
      25
      27
      26
      37
      33
      30
      33
      28
      33
      31
      25
      39
      21
      28
      25
      21
      24
      39
      27
      32
      30
      31
      32
      21
      32
      33
      26
      28
      31
      20
      26
      20
      26
      25
      29
      28
      21
      18
      27
      21
      29
      28
      18
      29
      26
      21
      21
      35
      29
      23
      28
      33
      26
      22
      27
      33
      25
      24
      29
      30
      34
      23
      23
      21
      33
      29
      34
      24
      34
      39
      30
      24
      33
      35
      37
      30
      29
      29
      29
      30
      25
      37
      26
      29
      30
      28
      28
      29
      27
      26
      37
      29
      26
      26
      37
      28
      25
      30
      29
      25
      27
      27
      32
      33
      34
      25
      29
      31
      22
      25
      25
      34
      29
      24
      24
      24
      26
      23
      23
      25
      25
      18
      13
      12
      10
      26
      28
      18
      14
      21
      12
      12
      10
      19
      13
      18
      13
      20
      23
      12
      11
       7
      16
      12
      14
      16
      12
      10
      12
      12
      13
      16
      21
      13
      12
      10
      10
      12
      10
       8
       9
       8
       9
      16
      11
      10
      12
      13
      14
      11
      11
      12
      11
      19
      11
       9
      12
      17
      17
      12
      19
      19
      14
      17
      27
      23
      23
      22
      20
      29
      30
      31
      35
      27
      37
      42
      48
      51
      49
      54
      64
      55
      66
      68
      71
      62
      86
      96
     101
      80
      98
      90
      92
      90
     103
     106
      77
     113
      89
      66
      88
      88
      76
      95
      79
      88
      72
      71
      63
      58
      68
      51
      57
      40
      52
      43
      49
      46
      28
      23
      38
      26
      30
      25
      22
      13
      16
      19
      12
      14
      16
      19
      13
       5
      11
      11
       5
       9
      16
       9
      10
       7
      14
       4
      10
       9
      11
       8
      11
       8
       7
       8
       2
       9
       3
      11
      11
       5
       5
       4
       6
       9
       8
       7
       7
       6
       1
       5
       7
       6
       8
       6
       5
       7
       8
       9
       8
       8
       6
       5
       7
       8
      10
       9
       5
       8
       7
      10
       5
       8
       8
       8
      10
       7
      14
      12
       9
       8
       3
       2
       4
       4
      13
       2
       7
       7
       8
      11
       8
      10
       5
       2
       8
       8
       4
       4
       7
       6
       9
       7
       9
       9
       7
       3
       9
      12
       8
       7
       7
      12
       6
       6
       7
       2
       9
      10
       6
       9
       8
       3
       9
       4
       6
       6
       8
      12
       9
       7
       6
       7
       7
       4
       9
       3
       4
       6
       7
      12
       5
       9
       4
       4
       1
       7
       7
       7
       2
       6
       9
       6
       6
       5
      11
       6
       5
       6
       7
       6
       8
       6
       6
       3
       5
       6
       9
       9
       3
      11
       6
       9
       3
       6
       5
       7
       9
       9
       9
       4
       6
       6
       6
       8
       7
       3
       8
       7
       9
      11
       8
       7
       9
       4
       6
      12
       6
      10
       5
      12
       8
      15
       9
       6
       5
       4
       7
       5
       8
       9
      10
      13
       9
       8
      11
       7
       5
       9
       9
       6
       8
       7
       9
       9
       8
       9
       4
       8
       4
       4
       6
       7
       7
       8
       6
       6
       5
       7
      15
       5
       5
       7
       4
       6
       2
       5
       7
       5
       2
       7
       9
       6
       5
       6
       8
       5
       3
       6
       4
       8
       3
       6
       6
       5
       2
       8
       5
       3
       4
       4
       5
       6
       6
       5
       8
      10
       4
       6
       5
       8
       2
      10
       7
       8
       8
       1
       4
       8
       5
       4
       4
      10
       2
       6
       8
       5
       8
       9
      10
       5
      10
       3
       6
       6
      10
       4
       7
       6
       4
       6
       9
       6
       6
       5
       8
       5
       3
       8
       5
       8
       6
       6
       4
       5
       4
       3
       7
       3
       3
       9
       3
       2
       6
       8
       3
       4
       6
       4
       7
       9
       6
       4
       3
       3
       1
       8
       7
       6
       7
       5
       4
       6
       5
       7
       6
       6
       3
       6
       9
       7
       6
       6
       5
       4
       8
       2
       3
       7
       4
       5
       6
       4
       4
       4
       8
       3
       2
       6
       3
       4
       9
       4
       4
       1
       2
       8
       2
       5
       7
       6
       7
       6
      12
       4
      10
       8
       8
       4
       4
       5
       9
       5
       6
       5
       4
      10
       6
       9
       8
       4
       8
       3
      12
       8
       9
       7
       4
       6
       3
       8
       6
       9
       4
       3
       7
      10
       9
       5
       8
       5
       3
       6
       6
       6
       3
       6
       5
       5
       2
       9
       7
       6
      11
       1
       5
       3
       6
       4
       6
       5
       8
       7
       2
       4
       7
       2
       4
       5
       4
       4
       7
       5
       3
       6
       7
       6
       6
       5
       4
       8
       4
       7
       7
       5
       2
       3
       6
       4
       4
       9
       8
       4
       6
       3
       8
       1
       6
      14
       8
       5
       2
       3
       5
       3
       4
       4
       6
       5
       5
       4
       4
       5
       7
       6
       4
       7
       4
       6
       5
      10
      11
       4
       5
       3
       5
       5
       5
       6
       3
       2
       4
       7
       5
       5
       7
       9
       4
       1
       5
       9
       7
       8
       2
       3
       7
       8
       5
       7
       2
       2
       7
       4
       6
       3
       5
       6
       5
       7
       8
       6
       5
       8
       4
       8
       0
       5
       5
       5
       5
       4
      10
       3
       5
       4
       3
       4
       5
       3
       9
       3
       1
       3
       4
       7
       9
       5
       2
       7
       4
       7
       2
       5
       6
       2
       7
       5
       2
       7
       3
       2
       8
       2
       5
       7
       3
       6
       7
      10
       3
       4
       7
       3
       9
       6
       5
       6
       0
       4
       6
       7
       3
       4
       7
       7
       2
       8
       4
       3
       6
       3
       1
       3
       7
       1
       7
       8
       3
       6
       4
       8
       3
       4
       4
       7
       5
       6
       3
       5
       4
      10
       3
       4
       4
       1
       5
       6
       8
      10
       5
       2
       4
       9
       5
       1
      10
       7
       2
       1
       5
       5
       6
       4
       6
       5
       3
      10
       3
       5
       9
       4
       7
       1
       5
       9
      10
       3
       3
       4
       8
       6
       3
       8
       2
       4
       8
      10
       4
       9
       5
       8
      11
       5
       4
       5
       5
       9
       9
       1
       4
       5
       5
       7
       5
       9
       3
       1
       6
       7
       2
       8
       7
       7
       6
       4
       6
      10
       2
       3
      12
       3
       4
       8
       6
       4
       9
       3
       6
       3
       7
       6
       5
       5
       4
       2
       5
       4
       6
       6
       3
       6
       2
       1
       2
       3
       9
       6
       7
       5
       7
       3
       6
       2
       5
       6
       9
       6
       5
       6
       6
       8
       6
       7
       3
       2
       5
       3
       5
       4
      11
       3
       2
       5
       4
       2
       4
       4
       5
       5
       7
       7
       8
       6
      10
      12
       5
       6
       4
       5
       3
       3
       5
       3
       5
       6
       5
       2
       8
       4
       8
       4
       9
       4
       7
       4
       8
       7
       7
       3
       6
       3
       6
       2
       4
       3
       5
       8
       6
       7
       6
       4
       3
       8
       5
       5
       9
       8
       6
       2
       6
       2
       6
       8
       3
       8
       3
       4
      12
       1
       5
       1
       7
       3
       7
       7
       2
       4
       5
       6
       7
       9
       9
       6
       2
       5
       3
       4
       9
       4
       8
       7
       6
       6
       8
       4
       3
       5
       4
       2
       5
       6
       9
       5
       3
       5
       4
       8
       4
       5
       4
       9
       6
       2
       1
       6
       4
       4
       6
       5
       4
       3
       4
       5
       5
       2
       3
       7
      10
       6
       5
       5
       5
       9
       5
       8
       6
      15
       5
       4
       5
       3
       7
      11
       2
       9
       3
       6
       4
       6
       9
       6
       9
       8
       5
       8
       6
       4
       8
       9
       5
       7
       7
       9
       6
       9
       7
       4
       5
       4
       8
       8
       7
       6
       6
       5
       6
       3
       8
       6
       7
       6
       6
       6
       8
       5
       7
      10
       8
       8
       2
       6
       5
       8
       9
       4
       6
       6
       8
       6
      11
       3
       8
       4
       2
       4
       2
       9
       5
      12
      10
       7
      11
       2
      15
      14
       8
       7
      10
       6
       3
       5
      10
       7
       5
       9
       6
       9
       6
      10
       5
       1
       7
       6
       7
       2
       9
       9
       5
      11
       6
       6
       7
       9
       5
       1
       1
       4
       4
       8
       9
       7
       8
      10
      10
       8
       5
       3
       3
       7
       6
      11
       4
       6
       4
       4
       5
       4
       5
       5
       3
       5
       8
       2
       4
       5
       8
       4
       1
       4
       3
       7
       5
       5
       5
       4
       7
       4
       8
       5
       4
      10
       4
       8
      10
       7
       2
       5
       7
       3
       4
       4
       6
       6
       6
       2
       5
       6
       5
       3
       6
       3
       4
       7
       9
       5
       5
       4
       7
       3
       6
       3
       8
       3
       1
       8
       3
       6
       8
       2
       7
       4
       4
       4
       5
       5
       5
       4
      10
       4
      10
       1
      10
       7
       5
       4
       8
       5
       3
       5
       7
       5
       5
       1
      10
       5
      13
       4
       3
       4
       5
      10
       5
       5
       5
       6
       5
       4
       7
       6
       6
       8
       9
       2
       6
      10
       4
       8
       4
       4
       7
       5
       6
      11
       6
       5
       6
       2
       7
       3
       4
       3
       9
       7
       6
       2
       8
       5
       7
       6
       7
       9
       3
       8
      10
       4
       5
       3
       4
       4
       3
       0
       0
       0
       0
       0
       0
       0
       0
       0
       0
       0
       0
       0
       0
       0
       0
       0
       0
       0
       0
       0
       0
       0
       0
       0
       0
       0
       0
       0
       0
       0
       0
       0
       0
       0
       0
       0
       0
       0
       0
       0
       0
       0
       0
       0
       0
       0
       0
       0
       0
       0
       0
       0
       0
       0
       0
       0
       0
       0
       0
       0
       0
       0
       0
       0
       0
       0
       0
       0
       0
       0
       0
       0
       0
       0
       0
       0
       0
       0
       0
       0
       0
       0
       0
$ROI:
1
712 830
$PRESETS:
None
0
0
$ENER_FIT:
-23.656767 2.297974
$MCA_CAL:
3
-2.365677E+001 2.297974E+000 2.836717E-005 keV
$SHAPE_CAL:
3
0.000000E+000 0.000000E+000 0.000000E+000
