$SPEC_ID:
No sample description was entered.
$SPEC_REM:
DET# 1
DETDESC# DESKTOP-I499GD2 Easy-MCA-2k SN 18191655
AP# Maestro Version 7.01
$DATE_MEA:
02/29/2024 10:45:27
$MEAS_TIM:
33 33
$DATA:
0 2047
       0
       0
       0
       0
       0
       1
       2
       3
     202
      64
      60
      58
      51
      57
      73
      55
      72
      70
      68
      67
      81
      53
      65
      67
      74
      75
      74
      86
      82
      85
      90
     107
     102
      98
     103
     112
      91
      98
     106
     118
     109
      99
     109
     113
     125
     130
     116
     108
     115
     141
     166
     165
     149
     166
     138
     179
     176
     141
     159
     202
     231
     242
     312
     277
     290
     303
     289
     255
     208
     189
     177
     145
     138
     181
     145
     148
     152
     160
     191
     138
     160
     176
     159
     140
     147
     176
     159
     153
     138
     173
     159
     147
     148
     172
     141
     151
     133
     132
     161
     145
     141
     171
     171
     141
     153
     170
     137
     156
     166
     164
     135
     149
     139
     137
     131
     120
     117
     129
     145
     116
     143
     125
     135
     117
     102
     104
     108
     112
     132
      79
     108
     119
     107
     122
      90
     105
      89
     114
     108
      99
     103
     114
     114
     108
     105
      95
     103
      96
      92
      83
     108
     103
      87
      88
      97
      90
      97
      80
      98
      85
      76
      90
      77
      81
      78
      67
      86
      87
      64
      65
      64
      72
      61
      82
      62
      62
      68
      64
      64
      87
      70
      63
      59
      64
      52
      57
      52
      52
      76
      68
      58
      82
      69
      78
      68
      57
      64
      63
      60
      67
      65
      69
      63
      55
      64
      73
      76
      60
      44
      73
      60
      54
      65
      71
      85
      75
      76
      85
     105
     101
      85
     114
     134
     140
     138
     140
     154
     151
     181
     169
     167
     142
     169
     148
     153
     109
     132
     100
      83
      87
      73
      60
      65
      73
      49
      43
      55
      45
      46
      43
      47
      48
      34
      40
      32
      48
      45
      40
      44
      48
      43
      42
      46
      26
      43
      41
      43
      46
      49
      37
      48
      38
      59
      38
      41
      37
      48
      42
      51
      38
      35
      36
      47
      56
      38
      37
      43
      34
      37
      36
      43
      43
      40
      43
      43
      41
      47
      42
      36
      44
      33
      36
      41
      30
      27
      37
      42
      35
      41
      33
      31
      45
      36
      41
      42
      36
      43
      47
      40
      30
      47
      34
      47
      43
      51
      44
      30
      40
      36
      40
      34
      39
      41
      26
      26
      44
      38
      36
      35
      24
      29
      24
      24
      36
      46
      41
      35
      43
      28
      33
      38
      35
      28
      28
      33
      28
      28
      29
      27
      27
      30
      41
      32
      25
      32
      28
      33
      22
      25
      27
      34
      32
      31
      42
      38
      26
      23
      36
      39
      39
      38
      36
      26
      35
      37
      24
      17
      26
      36
      25
      18
      35
      29
      24
      26
      32
      25
      32
      21
      32
      31
      24
      35
      26
      32
      24
      37
      31
      30
      28
      25
      31
      33
      22
      39
      32
      38
      34
      25
      21
      40
      32
      30
      23
      27
      24
      32
      27
      30
      32
      29
      41
      29
      16
      20
      24
      29
      27
      31
      18
      32
      30
      22
      25
      33
      26
      26
      42
      34
      39
      34
      29
      18
      32
      32
      23
      27
      26
      22
      26
      27
      28
      28
      25
      30
      32
      33
      22
      20
      21
      34
      23
      24
      36
      28
      31
      32
      32
      30
      28
      30
      33
      31
      29
      22
      27
      22
      24
      31
      27
      24
      27
      28
      29
      28
      39
      27
      34
      30
      26
      33
      27
      38
      20
      22
      28
      20
      23
      21
      31
      22
      33
      28
      27
      23
      43
      28
      39
      33
      26
      23
      27
      24
      29
      35
      26
      36
      24
      22
      40
      30
      48
      41
      25
      33
      27
      31
      22
      28
      21
      21
      21
      29
      35
      25
      22
      38
      32
      45
      38
      23
      28
      34
      33
      23
      34
      26
      33
      36
      36
      35
      28
      37
      29
      36
      38
      25
      26
      29
      31
      39
      34
      29
      34
      26
      33
      26
      30
      27
      28
      29
      32
      32
      29
      29
      30
      28
      31
      31
      33
      31
      26
      30
      31
      26
      30
      25
      29
      31
      25
      35
      38
      30
      23
      25
      32
      33
      27
      24
      41
      22
      31
      34
      22
      31
      41
      27
      35
      27
      28
      25
      25
      20
      34
      29
      42
      43
      39
      27
      36
      34
      36
      40
      32
      32
      38
      35
      32
      33
      31
      38
      37
      29
      34
      25
      25
      38
      32
      28
      38
      34
      29
      23
      37
      33
      33
      28
      26
      24
      27
      27
      24
      22
      26
      24
      18
      31
      24
      22
      22
      27
      18
      19
      27
      26
      19
      19
      14
      15
      17
      17
      23
      14
      10
      17
      13
      19
      17
      16
      13
      14
      12
      20
      15
      13
      19
      18
      21
       8
       9
      13
      19
      10
      16
      10
      14
      18
      14
      11
       8
       9
      10
      16
      10
      16
      17
      19
      14
      15
      10
      17
      13
      13
      14
      21
      13
      11
      14
      15
      14
      15
      21
      21
      22
      39
      17
      20
      35
      29
      29
      40
      36
      42
      47
      57
      66
      67
      67
      60
      79
      77
      65
      77
      78
      87
      83
      87
      90
      82
      95
      93
     111
     114
     102
     103
     121
     104
     127
     105
     118
      94
      91
      91
      98
      70
      79
      82
      72
      63
      56
      69
      59
      38
      41
      41
      34
      38
      29
      40
      24
      25
      35
      26
      30
      13
      14
      22
      13
      20
       9
      15
      11
      12
      12
      10
       6
      17
       6
      15
      10
       7
       9
      11
      12
       9
       6
       6
       9
      12
       7
      10
      10
       7
       8
       9
      10
       9
      11
       8
       7
       5
       8
      12
      10
       7
       4
      10
       9
      11
      11
       6
      10
       7
       9
       6
      13
      15
       0
      12
       6
       7
       8
      11
       6
       7
       8
       7
       4
       4
       4
      12
      12
      12
      12
       9
       8
      13
       9
       8
       7
       8
       3
       8
      18
       9
      10
      12
       5
       5
       9
       9
       6
       6
       6
       6
       7
       6
      10
      16
       7
       7
       7
      10
       9
       4
       8
       5
       6
       8
       9
      10
       7
       3
       8
      10
      10
       4
       6
       3
       8
       7
       4
       8
       6
       9
      11
       7
       8
       8
       6
       5
      10
       7
       8
       7
       7
       7
       6
      10
       4
       4
       5
      10
       7
       8
       4
       7
       8
       6
       7
       4
       7
       5
       7
      10
       7
      15
      10
       5
       3
       8
       5
      10
      12
       6
      14
       9
       5
       2
       9
       7
       4
       8
       9
      10
       7
       4
      10
      10
       4
       8
       7
       8
      13
       4
      12
       4
       5
       7
       7
       8
       7
      11
       4
       6
       7
       8
      11
       6
       9
       8
      10
       7
      11
       6
      11
       3
      10
      11
       8
       7
       8
      13
       8
      15
      20
       6
       9
       4
       4
      11
       4
       5
       9
       7
       4
       5
       6
       7
       5
      11
       4
      11
       7
       2
       5
      12
      10
       4
       6
       5
       5
       7
       6
       9
       7
       6
       7
       8
       4
       9
       9
       5
       4
       8
       7
       3
       7
       7
       5
      16
       9
       3
       7
       8
      10
       6
      13
       5
       3
       5
       9
       6
       2
       9
      13
       5
      11
       5
       5
       3
      11
       5
       5
      13
       7
      11
      13
       5
       8
       9
      10
       5
       7
       6
       3
       5
       6
       8
      14
      11
      10
       7
       8
      10
       3
      10
       8
       8
       6
      10
       9
       5
       3
       8
       5
       8
       5
       7
       5
      11
       4
       6
       6
       4
       2
       6
       7
       1
       8
       4
       5
       4
       8
       5
       6
       4
       7
       6
       8
       6
       3
       6
       4
      10
       8
       5
       7
       6
       7
       6
       5
       5
       6
       3
       6
       7
       5
       5
      10
      11
       7
       4
       8
       6
       2
       1
       3
       9
       6
       4
       4
       6
       9
       6
       6
       8
       9
       7
       4
       7
       5
       9
       9
       3
       4
       5
       4
       5
      10
       6
       8
       3
      10
       6
       1
       8
       6
       7
       3
       5
       5
      10
      13
      12
       7
      10
      13
       3
       7
      16
      12
       9
       5
      13
       7
       9
       7
       8
       7
       7
       8
       7
      10
       6
       9
      10
      10
       8
      13
       5
       9
       2
       8
       3
       7
       6
       7
       8
       4
      14
       5
       7
       7
       4
       3
       4
       9
       8
       5
       4
       9
       3
       8
       8
       2
       8
       5
       9
       4
       6
       5
       5
       6
       5
       6
      12
       4
       1
       6
       6
       3
       3
       8
       8
       3
      11
       3
       6
       7
       4
       8
       6
       3
       5
       5
       3
       1
       6
       6
       2
       6
       6
       2
       8
       5
       6
       4
       3
       8
       5
       3
       8
       7
       9
       9
       0
       4
       6
      10
       6
       6
       4
       8
       6
       2
       9
       4
       4
       8
       3
       3
       4
       5
       4
       6
       6
       7
       8
       3
       5
       2
       8
       9
       5
       9
       8
       5
       5
       7
       7
       6
       3
      10
       6
       5
       6
       3
       4
      10
      11
       7
       5
       7
       3
       9
       4
       7
       3
       7
       6
       5
       6
       9
       7
       8
       4
       7
       7
       3
       2
       6
       8
       4
       4
       1
       4
       3
       5
       6
       4
       3
       7
       1
       7
       2
       7
       2
       7
       3
       6
       4
       2
       4
       3
       6
       2
      10
       5
       3
       6
       4
       5
       2
       1
       5
       3
       2
       3
       6
       8
      10
       3
       4
       3
       6
       8
       7
       4
       8
       5
       4
       4
       4
       2
       5
       2
       4
       7
      10
       4
       8
       4
       6
       5
       8
       1
       8
       1
       4
       9
       9
       6
       4
       7
       2
       5
       4
      12
       5
       4
       8
       8
       9
       9
       3
       3
      11
       7
       6
       3
       2
       4
       4
       4
       4
       5
       6
       5
       4
       8
       4
       7
       9
       8
       4
       5
       4
       8
       9
       5
       3
       5
       3
       4
       6
       4
       8
       5
       7
       8
       4
       3
       8
       7
       7
       8
       8
       6
       6
       5
       7
       7
       2
       4
       2
       4
       4
       9
       3
      10
       5
       2
       4
       6
       2
       6
       5
       8
       4
       6
      12
       9
       6
       6
       5
      10
       7
       5
       9
       7
       7
       4
       7
       6
       3
       9
       8
       5
       5
       5
       5
       4
       4
       3
       7
       1
      11
       4
       7
       5
       4
       5
       3
       6
       7
       7
       8
       7
       7
       5
      16
       5
       6
       9
       8
       2
      11
       6
       8
       5
       6
       4
       7
       5
       3
      13
       4
       4
       7
       2
       8
       9
       6
       4
       7
       6
      10
       5
       8
      10
       5
       5
       8
       7
       1
       3
       5
       2
       7
       3
       7
       3
       7
       6
       6
       5
       6
       8
      10
       4
      10
      11
       7
       6
       2
       5
       7
       4
       4
       3
       4
       8
       5
       4
       6
       5
       3
       7
       6
       7
       1
       9
       8
       7
       6
       5
       1
       1
       5
       3
       6
       3
       5
       8
       9
      12
       4
       6
       4
       4
       9
       9
       5
       8
      10
      10
       3
       5
      10
       6
       5
       9
       8
       5
       5
       5
       9
       8
       5
       4
      11
       4
      10
      10
       6
       5
       9
       9
       3
       7
       6
       7
      15
       9
       7
       2
       4
       7
       4
       5
       6
      13
       8
       5
       7
       8
       9
       8
       8
       8
       7
       7
       5
       5
       7
       2
       7
       8
       4
       9
       9
       6
       6
       4
       7
      10
       6
      10
       5
       5
       8
       8
       8
       4
       2
       7
       2
      12
      14
       5
      10
       8
       8
       6
       7
       9
      10
       5
       8
       7
       4
       3
       7
       6
       9
      10
       6
       7
       7
       6
       7
       5
      10
       5
       2
      11
       7
       9
       8
       1
       5
       6
       9
       7
       5
       4
       5
      11
       8
      13
       4
       5
       9
      10
       4
       8
       9
       3
       7
      11
       4
       8
       5
      10
       4
      11
       7
       7
      11
       9
       8
       2
       7
       6
      10
       6
       7
       8
       4
      10
       9
      13
      10
       7
       2
      10
      12
       8
       4
       5
      10
      10
       5
      13
       8
       5
       6
       8
      10
       7
       9
       6
       9
       5
       7
       8
      11
       2
       7
       4
       3
       6
       6
       5
       3
       7
       3
       4
       6
       5
       7
       6
       4
       5
       7
       7
       6
       4
      12
       3
      10
       3
       9
       6
       5
      12
       6
       7
       6
       5
       9
       4
       5
       5
       6
       7
       2
       7
       3
       8
       5
       2
       8
       9
       5
       3
       5
       4
       8
       6
       6
       8
       5
       3
       9
       8
       7
       7
       8
       4
       7
       8
       2
       6
       7
       5
       7
       9
       7
       4
       6
       6
       4
       5
       5
       3
       6
       7
      12
       7
       8
       8
       8
       5
       9
      14
       7
       2
       6
       6
       9
       9
       4
       4
      11
       5
       6
       6
       4
       7
       7
       7
       9
       5
      10
       1
       4
       4
       6
       8
       8
       6
       8
       4
       6
       3
       6
       7
       7
       6
       5
       7
       6
      11
       5
       6
       6
       8
       6
       5
       3
       8
       7
       4
       5
       4
       2
       5
       9
       7
       6
      10
       9
       0
       0
       0
       0
       0
       0
       0
       0
       0
       0
       0
       0
       0
       0
       0
       0
       0
       0
       0
       0
       0
       0
       0
       0
       0
       0
       0
       0
       0
       0
       0
       0
       0
       0
       0
       0
       0
       0
       0
       0
       0
       0
       0
       0
       0
       0
       0
       0
       0
       0
       0
       0
       0
       0
       0
       0
       0
       0
       0
       0
       0
       0
       0
       0
       0
       0
       0
       0
       0
       0
       0
       0
       0
       0
       0
       0
       0
       0
       0
       0
       0
       0
       0
       0
$ROI:
1
712 830
$PRESETS:
None
0
0
$ENER_FIT:
-23.656767 2.297974
$MCA_CAL:
3
-2.365677E+001 2.297974E+000 2.836717E-005 keV
$SHAPE_CAL:
3
0.000000E+000 0.000000E+000 0.000000E+000
