$SPEC_ID:
No sample description was entered.
$SPEC_REM:
DET# 1
DETDESC# DESKTOP-I499GD2 Easy-MCA-2k SN 18191655
AP# Maestro Version 7.01
$DATE_MEA:
02/28/2024 17:39:25
$MEAS_TIM:
33 35
$DATA:
0 2047
       0
       0
       1
       0
       1
       6
      24
      36
     712
     532
     510
     592
     586
     540
     646
     679
     647
     630
     688
     763
     636
     690
     631
     663
     663
     631
     685
     778
     923
    1040
    1189
    1192
    1429
    1675
    1679
    1202
    1000
     834
     833
     866
     936
     975
    1067
    1127
    1330
    1378
    1539
    1587
    1818
    1832
    2022
    2112
    2315
    2290
    2520
    2611
    2699
    3011
    3457
    3923
    4999
    6379
    8624
   11149
   13065
   12898
   11365
    8699
    5860
    3779
    2473
    1709
    1474
    1400
    1353
    1398
    1456
    1465
    1449
    1387
    1360
    1312
    1243
    1172
    1155
    1200
    1138
    1127
    1142
    1176
    1093
    1178
    1219
    1156
    1225
    1196
    1163
    1094
    1093
    1047
    1064
    1079
    1015
     973
     972
     962
     941
     999
     929
     914
     899
     903
     879
     911
     897
     870
     860
     813
     802
     799
     902
     820
     803
     831
     861
     819
     828
     792
     830
     845
     841
     796
     881
     881
     857
     849
     895
     880
     943
     845
     797
     786
     793
     719
     763
     714
     703
     701
     673
     655
     628
     638
     633
     590
     637
     628
     545
     559
     598
     639
     584
     566
     573
     574
     577
     553
     571
     560
     549
     577
     549
     571
     559
     501
     554
     560
     527
     548
     536
     528
     554
     559
     535
     546
     558
     529
     505
     517
     477
     479
     530
     490
     505
     549
     485
     495
     480
     529
     517
     494
     486
     478
     483
     483
     500
     491
     481
     512
     448
     491
     491
     493
     513
     475
     478
     447
     511
     453
     497
     471
     498
     545
     500
     517
     527
     493
     523
     552
     492
     570
     532
     533
     503
     504
     497
     519
     493
     490
     466
     442
     455
     469
     445
     485
     444
     460
     418
     460
     469
     434
     498
     410
     437
     435
     428
     434
     432
     475
     438
     453
     445
     437
     389
     458
     455
     412
     437
     418
     420
     452
     411
     388
     395
     382
     428
     364
     333
     329
     362
     350
     333
     296
     307
     311
     270
     285
     284
     250
     308
     244
     212
     250
     241
     214
     231
     238
     232
     211
     224
     203
     207
     199
     200
     214
     218
     230
     197
     205
     227
     221
     202
     193
     202
     196
     205
     225
     181
     201
     173
     184
     177
     196
     195
     178
     182
     186
     175
     173
     192
     176
     221
     169
     182
     167
     194
     191
     171
     206
     168
     180
     161
     214
     228
     221
     215
     217
     224
     264
     314
     329
     381
     421
     519
     535
     587
     673
     777
     904
    1002
    1105
    1186
    1366
    1473
    1564
    1669
    1819
    1953
    1874
    2019
    2182
    2129
    2175
    2158
    2045
    1997
    1895
    1871
    1778
    1651
    1477
    1413
    1295
    1161
    1012
     894
     740
     710
     567
     513
     403
     364
     299
     242
     204
     183
     159
     126
     116
      88
     100
      79
      62
      53
      40
      59
      54
      52
      52
      43
      48
      55
      46
      52
      42
      53
      60
      54
      51
      68
      86
      82
      88
      89
      95
     135
     145
     149
     170
     182
     198
     216
     211
     233
     246
     281
     272
     319
     324
     319
     378
     360
     344
     363
     359
     353
     364
     320
     370
     323
     322
     306
     272
     259
     240
     237
     203
     178
     157
     171
     138
     133
     113
      95
     102
      70
      54
      53
      52
      51
      40
      35
      43
      40
      30
      20
      27
      27
      22
      19
      17
      21
      35
      11
      19
      25
      18
      18
      17
      14
      17
      24
      22
      27
      13
      23
      20
      25
      16
      23
      16
      15
      15
      18
      21
      26
      17
      19
      12
       9
      21
      18
      23
      15
      14
       9
      16
      18
      11
      18
      10
      18
      13
      12
      12
      15
      23
      20
      14
      12
      15
      18
      18
      16
      12
      15
       6
      19
      11
      17
      13
      14
       6
      19
      16
      15
      17
      12
      16
      13
      10
      14
      14
      15
      13
      17
      15
      17
      19
      11
      21
      13
      12
      16
      16
      16
      18
      19
      13
      22
      19
      16
      18
      16
      20
      14
      21
      21
      18
      15
      15
      18
      19
      21
      24
      11
      19
      24
       8
      16
      19
      15
      22
      13
      16
      16
      14
      14
      19
      12
      19
      17
      13
      15
      18
      19
      15
      28
      15
      22
      20
      14
       9
       8
      26
      21
      10
      18
      12
      13
      18
      20
      13
      13
      12
      13
      19
      12
      14
      16
      25
      22
      14
      17
      14
      12
      13
      22
      22
       8
      16
      12
      13
       9
      10
      11
      16
      21
      14
      13
       9
      12
      14
       9
      11
       8
      10
      14
      10
      12
      11
       9
      15
       7
      10
       9
      10
       7
       5
       4
      16
       8
       6
      11
      11
      11
       7
      12
       7
       9
       5
       9
       5
       7
       6
       6
       6
      10
       4
       7
      12
      11
      10
      11
       8
      11
      10
       2
       5
      13
      13
       8
       7
       6
       6
      12
       9
       7
       3
       9
       7
       5
       5
      10
       7
       9
       7
       5
       7
       6
       3
       9
       8
       4
       9
       4
       7
       8
       7
       7
       5
       6
       8
       8
       4
      10
       7
      12
       9
      15
       9
      14
      19
      11
      12
      23
      15
      31
      22
      23
      26
      21
      28
      26
      20
      26
      30
      34
      35
      30
      31
      44
      32
      39
      30
      36
      39
      36
      32
      32
      38
      22
      29
      26
      25
      27
      23
      25
      21
      25
      27
      23
      18
      14
      18
      15
      16
      10
      10
      11
       8
      10
      11
      13
      16
       9
       4
       6
       8
       5
       5
      10
       8
       7
       8
       6
      10
       3
       2
       5
       9
       5
       6
       2
       4
       3
       2
       6
       4
       4
       8
       3
       3
       4
       7
       7
       4
       3
       4
       3
       5
       3
       5
       8
       1
       5
       3
       4
       2
       3
       5
       5
       3
       9
       3
       3
       2
       3
      11
       5
       8
       2
       6
       2
       6
       2
       6
       3
       2
       1
       4
       1
       5
       2
       6
       2
       6
       3
       3
       1
       4
       2
       2
       6
       5
       4
       3
       4
       2
       1
       4
       4
       7
       1
       3
       0
       2
       3
       3
       2
       5
       3
       1
       4
       3
       4
       3
       3
       4
       5
       4
       5
       5
       3
       4
       4
       1
       3
       3
       4
       2
       4
       6
       5
       2
       3
       1
       4
       3
       1
       5
       4
       5
       4
       2
       2
       3
       1
       3
       5
       0
       5
       1
       1
       1
       0
       2
       1
       2
       3
       2
       6
       5
       5
       3
       2
       3
       1
       1
       2
       3
       3
       4
       0
       4
       3
       4
       4
       4
       1
       1
       1
       1
       3
       9
       0
       3
       2
       4
       3
       3
       3
       1
       7
       3
       2
       0
       2
       2
       4
       0
       1
       3
       3
       3
       3
       8
       2
       4
       2
       3
       2
       1
       1
       2
       3
       8
       1
       1
       4
       5
       0
       2
       3
       7
       4
       6
       3
       1
       5
       3
       3
       2
       5
       1
       0
       0
       5
       1
       2
       5
       2
       2
       5
       9
       3
       2
       4
       3
       6
       3
       1
       3
       2
       5
       4
       4
       2
       3
       4
       2
       3
       4
       2
       3
       2
       4
       5
       2
       1
       1
       3
       4
       2
       2
       2
       2
       1
       1
       2
       2
       4
       0
       4
       7
       1
       3
       2
       2
       4
       5
       0
       2
       2
       2
       4
       0
       4
       5
       3
       4
       6
       4
       4
       2
       7
       5
       2
       3
       3
       1
       7
       3
       0
       1
       3
       1
       6
       4
       1
       4
       1
       3
       3
       1
       2
       3
       6
       0
       3
       6
       5
       4
       1
       4
       1
       5
       7
       6
       0
       2
       2
       4
       1
       7
       2
       4
       3
       5
       3
       3
       1
       1
       3
       3
       1
       2
       2
       2
       1
       4
       4
       4
       2
       2
       5
       3
       1
       1
       2
       7
       5
       1
       2
       4
       2
       0
       5
       1
       5
       4
       2
       3
       5
       2
       4
       3
       2
       1
       2
       3
       3
       1
       1
       1
       6
       5
       2
       1
       5
       3
       1
       1
       3
       3
       3
       3
       2
       2
       2
       3
       0
       6
       3
       3
       2
       2
       4
       1
       4
       2
       3
       2
       3
       0
       2
       2
       3
       1
       4
       6
       1
       2
       5
       4
       6
       2
       4
       1
       1
       2
       0
       1
       5
       1
       1
       3
       2
       5
       2
       5
       3
       1
       1
       4
       2
       1
       3
       2
       1
       1
       1
       4
       2
       1
       2
       3
       3
       3
       2
       4
       4
       2
       4
       4
       4
       3
       2
       3
       5
       2
       3
       6
       4
       2
       4
       4
       0
       4
       5
       3
       2
       4
       1
       3
       4
       2
       6
       3
       1
       4
       2
       4
       1
       2
       3
       4
       1
       3
       3
       2
       6
       0
       1
       1
       1
       1
       3
       1
       0
       2
       1
       0
       2
       0
       2
       1
       3
       0
       6
       1
       3
       5
       4
       3
       2
       4
       2
       3
       1
       5
       3
       2
       2
       2
       5
       4
       3
       5
       2
      11
       4
       2
       5
       2
       2
       2
       2
       2
       6
       2
       2
       2
       1
       2
       2
       1
       9
       3
       3
       3
       4
       1
       1
       1
       7
       3
       3
       4
       4
       3
       2
       2
       3
       2
       4
       6
       2
       2
       2
       1
       1
       3
       4
       5
       1
       2
       3
       1
       2
       6
       5
       5
       2
       0
       1
       1
       3
       2
       2
       1
       2
       3
       5
       3
       4
       5
       4
       4
       3
       3
       2
       7
       3
       1
       5
       4
       1
       2
       3
       2
       4
       0
       2
       3
       1
       3
       0
       1
       3
       4
       4
       1
       2
       1
       1
       4
       5
       0
       1
       2
       2
       2
       2
       3
       1
       2
       7
       3
       3
       1
       2
       3
       2
       2
       5
       2
       2
       2
       1
       2
       0
       1
       1
       4
       0
       4
       1
       7
       1
       0
       5
       1
       5
       1
       3
       2
       0
       3
       2
       4
       1
       1
       1
       3
       7
       4
       1
       1
       2
       6
       5
       1
       1
       3
       4
       4
       3
       4
       4
       0
       6
       5
       1
       1
       3
       0
       2
       3
       1
       2
       1
       2
       3
       4
       3
       1
       2
       1
       5
       1
       4
       5
       5
       0
       4
       1
       6
       0
       3
       1
       4
       3
       3
       4
       1
       4
       3
       2
       3
       2
       4
       3
       2
       2
       3
       0
       2
       1
       3
       5
       1
       1
       2
       2
       2
       3
       2
       4
       4
       1
       1
       1
       1
       1
       6
       3
       2
       0
       2
       3
       3
       5
       4
       4
       1
       5
       5
       1
       4
       3
       3
       4
       3
       2
       4
       4
       3
       2
       0
       3
       1
       2
       2
       1
       3
       0
       3
       3
       3
       9
       4
       1
       1
       4
       4
       1
       1
       6
       3
       0
       2
       1
       1
       1
       1
       4
       5
       4
       3
       5
       1
       2
       5
       3
       0
       2
       4
       0
       1
       2
       2
       1
       2
       3
       2
       2
       5
       1
       2
       1
       2
       2
       2
       2
       6
       5
       3
       3
       4
       3
       5
       3
       1
       4
       2
       3
       2
       0
       5
       2
       2
       2
       4
       4
       4
       2
       1
       3
       2
       5
       2
       2
       6
       4
       2
       2
       3
       1
       3
       2
       4
       3
       3
       3
       0
       7
       5
       5
       3
       2
       2
       4
       6
       1
       1
       3
       4
       3
       1
       4
       5
       1
       3
       2
       3
       3
       1
       6
       1
       3
       4
       7
       2
       2
       4
       5
       2
       6
       4
       2
       2
       3
       1
       2
       1
       2
       7
       4
       5
       4
       6
       2
       1
       2
       0
       2
       1
       2
       4
       2
       2
       4
       5
       2
       2
       3
       6
       2
       5
       3
       1
       4
       5
       4
       2
       6
       6
       3
       3
       1
       3
       1
       4
       3
       0
       1
       1
       2
       1
       2
       2
       2
       4
       2
       3
       3
       4
       1
       3
       1
       8
       0
       3
       3
       4
       1
       3
       4
       1
       0
       3
       2
       3
       2
       1
       4
       3
       8
       4
       0
       1
       2
       1
       0
       1
       4
       0
       1
       0
       4
       2
       2
       3
       4
       2
       2
       2
       3
       3
       1
       1
       3
       5
       3
       3
       2
       4
       5
       0
       3
       4
       5
       2
       4
       1
       2
       3
       4
       3
       4
       4
       3
       1
       4
       4
       3
       2
       6
       5
       4
       0
       2
       0
       4
       3
       0
       3
       3
       3
       3
       8
       2
       3
      10
       1
       3
       1
       4
       4
       3
       4
       1
       3
       4
       4
       3
       5
       4
       4
       2
       6
       6
       2
       5
       2
       3
       1
       4
       6
       0
       7
       1
       2
       4
       1
       4
       4
       1
       2
       5
       3
       3
       3
       2
       2
       5
       4
       2
       4
       1
       1
       2
       4
       5
       1
       2
       3
       5
       3
       4
       2
       7
       3
       1
       1
       4
       3
       2
       5
       1
       4
       1
       2
       1
       2
       4
       2
       1
       3
       2
       1
       2
       2
       3
       4
       1
       5
       2
       5
       0
       1
       4
       1
       8
       1
       2
       6
       3
       2
       3
       3
       2
       3
       3
       5
       5
       3
       3
       4
       1
       3
       5
       9
       5
       0
       0
       0
       0
       0
       0
       0
       0
       0
       0
       0
       0
       0
       0
       0
       0
       0
       0
       0
       0
       0
       0
       0
       0
       0
       0
       0
       0
       0
       0
       0
       0
       0
       0
       0
       0
       0
       0
       0
       0
       0
       0
       0
       0
       0
       0
       0
       0
       0
       0
       0
       0
       0
       0
       0
       0
       0
       0
       0
       0
       0
       0
       0
       0
       0
       0
       0
       0
       0
       0
       0
       0
       0
       0
       0
       0
       0
       0
       0
       0
       0
       0
       0
       0
$ROI:
1
712 830
$PRESETS:
None
0
0
$ENER_FIT:
-23.656767 2.297974
$MCA_CAL:
3
-2.365677E+001 2.297974E+000 2.836717E-005 keV
$SHAPE_CAL:
3
0.000000E+000 0.000000E+000 0.000000E+000
