$SPEC_ID:
No sample description was entered.
$SPEC_REM:
DET# 1
DETDESC# DESKTOP-I499GD2 Easy-MCA-2k SN 18191655
AP# Maestro Version 7.01
$DATE_MEA:
02/28/2024 17:24:56
$MEAS_TIM:
76 81
$DATA:
0 2047
       0
       0
       0
       0
       0
      24
      59
     122
    1753
    1262
    1274
    1356
    1368
    1426
    1529
    1531
    1571
    1635
    1695
    1751
    1635
    1725
    1582
    1713
    1609
    1671
    1705
    1912
    2125
    2564
    2829
    2884
    3207
    3832
    3847
    3091
    2301
    1994
    1969
    2049
    2212
    2356
    2488
    2846
    3038
    3325
    3508
    3868
    4063
    4395
    4668
    4925
    5279
    5622
    5831
    6148
    6561
    7102
    7953
    9231
   11244
   14508
   19458
   25370
   29507
   29926
   26677
   20459
   14078
    9127
    5832
    4159
    3447
    3241
    3227
    3357
    3488
    3545
    3458
    3366
    3260
    3210
    2997
    2826
    2831
    2808
    2800
    2769
    2827
    2901
    2836
    2876
    2903
    2935
    2798
    2940
    2692
    2814
    2685
    2633
    2567
    2575
    2411
    2434
    2433
    2441
    2346
    2323
    2270
    2246
    2259
    2239
    2189
    2205
    2123
    2161
    2093
    2083
    2000
    2102
    2122
    2090
    2062
    2019
    1985
    1966
    1960
    2059
    2057
    2012
    1961
    2049
    2048
    2121
    2065
    2142
    2127
    2078
    2098
    2063
    2051
    1929
    1904
    1831
    1815
    1731
    1734
    1751
    1663
    1599
    1636
    1541
    1543
    1529
    1515
    1538
    1538
    1460
    1525
    1520
    1512
    1431
    1417
    1425
    1425
    1411
    1388
    1374
    1360
    1409
    1422
    1353
    1369
    1376
    1331
    1341
    1329
    1367
    1341
    1264
    1323
    1279
    1295
    1279
    1252
    1275
    1246
    1262
    1186
    1298
    1220
    1271
    1215
    1207
    1331
    1294
    1241
    1215
    1218
    1241
    1197
    1205
    1203
    1196
    1187
    1206
    1197
    1230
    1201
    1235
    1179
    1216
    1176
    1180
    1265
    1189
    1131
    1212
    1225
    1193
    1202
    1285
    1148
    1214
    1346
    1264
    1265
    1260
    1266
    1233
    1324
    1364
    1247
    1248
    1285
    1194
    1228
    1216
    1171
    1162
    1172
    1108
    1146
    1080
    1195
    1074
    1057
    1082
    1071
    1098
    1129
    1045
    1082
    1110
    1044
    1034
    1101
    1070
    1088
    1091
    1084
    1087
    1085
    1076
    1048
    1058
    1068
    1109
    1036
     977
    1011
     989
     941
     920
     974
     973
     918
     840
     865
     814
     839
     762
     735
     769
     712
     671
     689
     653
     658
     605
     621
     646
     631
     621
     551
     522
     551
     548
     540
     511
     506
     518
     496
     511
     513
     529
     523
     473
     519
     487
     482
     498
     446
     489
     443
     480
     495
     441
     467
     484
     463
     460
     438
     499
     457
     468
     464
     472
     484
     506
     459
     463
     476
     476
     441
     418
     474
     440
     451
     471
     451
     462
     494
     499
     540
     542
     592
     654
     686
     759
     929
    1049
    1150
    1268
    1378
    1582
    1937
    2161
    2298
    2661
    3007
    3211
    3499
    3815
    4037
    4409
    4733
    4923
    4956
    5227
    5234
    5216
    5282
    5271
    5118
    4982
    4708
    4495
    4155
    3924
    3687
    3286
    2905
    2628
    2338
    2099
    1756
    1559
    1326
    1077
     917
     823
     640
     562
     485
     390
     351
     329
     249
     186
     185
     145
     146
     132
     139
     143
     131
     137
     116
     108
     114
     131
     118
     131
     134
     124
     139
     162
     146
     172
     183
     184
     214
     231
     272
     314
     327
     361
     405
     448
     525
     517
     562
     606
     651
     686
     702
     743
     801
     834
     829
     902
     916
     891
     891
     870
     873
     817
     836
     787
     738
     720
     639
     594
     563
     553
     493
     437
     402
     343
     311
     270
     230
     197
     203
     154
     152
     124
     124
     107
     106
      68
      72
      81
      71
      69
      54
      55
      44
      43
      48
      53
      51
      59
      57
      65
      54
      48
      50
      53
      54
      44
      56
      42
      42
      65
      56
      52
      46
      37
      35
      51
      51
      41
      33
      38
      44
      39
      45
      49
      35
      34
      34
      24
      35
      31
      42
      28
      39
      29
      33
      40
      30
      44
      33
      39
      34
      36
      37
      36
      38
      26
      38
      35
      36
      35
      30
      36
      40
      27
      34
      27
      27
      29
      43
      22
      33
      41
      33
      40
      37
      31
      32
      54
      36
      61
      42
      47
      25
      36
      43
      34
      40
      39
      34
      32
      26
      35
      44
      36
      42
      30
      34
      38
      41
      43
      30
      32
      36
      30
      40
      46
      51
      38
      40
      44
      47
      38
      37
      37
      45
      44
      33
      36
      35
      44
      47
      32
      45
      40
      48
      45
      35
      47
      43
      52
      39
      31
      30
      31
      32
      29
      28
      37
      24
      31
      42
      24
      40
      30
      43
      40
      38
      40
      38
      26
      40
      41
      43
      23
      36
      29
      40
      47
      39
      35
      29
      31
      37
      29
      22
      29
      35
      37
      30
      27
      27
      28
      31
      42
      37
      27
      30
      28
      28
      29
      21
      25
      21
      21
      28
      19
      24
      26
      27
      22
      20
      17
      23
      25
      20
      17
      24
      27
      17
      18
      21
      21
      20
      22
      28
      16
      22
      17
      12
      15
      18
      20
       9
      19
      21
      16
      19
      21
      12
      23
      17
      13
      16
      15
      14
      13
      22
      15
      14
      12
      15
       9
      11
      17
      12
      18
      19
      12
      15
      19
      16
      20
      16
      14
      12
      11
      15
      20
      15
      11
      14
      24
      18
      21
      27
      22
      22
      28
      28
      15
      25
      23
      34
      37
      38
      37
      34
      45
      41
      37
      46
      53
      45
      63
      43
      58
      51
      79
      78
      74
      83
      73
      75
      71
      84
      87
      76
      99
      83
      86
      79
     100
      89
      76
      79
      82
      77
      79
      68
      64
      69
      62
      54
      47
      48
      41
      49
      46
      33
      32
      30
      32
      35
      25
      19
      30
      34
      17
      19
      26
      17
      14
      14
      21
      13
      12
      11
       7
       9
       9
      16
      14
      16
      14
      17
      13
      13
       8
       8
      10
      16
       7
      11
      14
       7
      11
       5
      10
      10
      13
       8
      11
       7
       8
       9
      16
      11
       5
       7
      10
      10
      12
       6
       5
      11
       5
       7
      16
       7
       5
      13
       8
      13
       9
      10
       9
       6
      11
      11
      11
      10
       7
      11
      11
       8
      15
      10
      11
      10
      10
       9
      11
       9
       9
       8
      11
       4
      10
       3
       8
       6
       6
       5
       9
      14
       5
      12
      10
      10
      13
       6
      10
      12
       8
       5
       7
       7
       9
       7
       7
       5
       7
       6
       7
       7
       9
       6
      10
       8
      11
       8
       4
       7
       7
       7
       6
      12
       8
       9
       7
       6
       9
       6
       3
       6
      10
       7
       8
       6
       9
       8
       4
       1
       8
       7
       9
      10
       7
       8
      11
       6
      10
       7
       7
      13
      11
       8
       7
       7
       8
      11
       6
       4
       5
       6
       7
       8
       5
       4
       9
       9
       4
       7
       5
       7
       7
      12
       9
       5
       9
      10
       7
      10
       9
       7
      12
       4
       4
      15
       7
      10
       6
       4
       4
       2
       9
       6
       5
      13
       4
       6
       8
       7
       3
      10
       6
      10
       5
       7
       7
      11
       6
       4
      11
       7
       8
       5
       8
       8
       6
       7
       8
      10
       7
       9
       9
      11
       6
       7
       3
       7
       7
       8
       9
       4
      11
       7
       4
       6
      10
       9
       4
       6
       3
       8
      11
       5
       3
       3
       5
       2
      10
       2
       9
       5
       4
      10
       6
       9
       7
       4
       8
      11
       4
       7
       5
       9
       6
       7
       9
       6
       7
       1
       7
       8
       3
       8
       5
       4
       9
       8
       5
       8
       6
      10
      10
       3
       5
       8
      12
       5
       8
      10
       6
       7
       4
       3
       6
       8
      10
       9
       5
       8
       4
       7
       6
       6
       5
       5
       6
       7
       4
       4
       7
       7
       6
       7
       4
       6
       8
       6
       5
       6
       7
      13
       6
       7
       4
       7
       7
       6
       6
       5
       5
       7
       2
       6
       7
       7
       8
       3
       7
       9
       6
       2
       9
       5
       4
       6
      14
       4
       8
       6
       7
       6
       6
       4
       3
       6
       8
       3
       6
       4
       4
       9
       7
      11
       5
       4
       9
       6
       6
       1
       5
       5
       4
       4
       5
       6
       7
       5
       6
      12
       7
       5
      10
       9
       6
       6
       5
       7
       9
       5
       5
       7
       7
       6
       9
       5
       8
       7
       9
       7
       2
       2
       6
       6
       8
       8
       4
       2
      11
       3
       5
       7
       5
       9
       9
      10
       7
       2
       5
       5
       2
       9
       7
       6
       4
       8
       8
       7
       4
      12
       8
       9
       7
       9
       4
       9
       3
       5
       9
       6
       6
       7
       6
       5
       5
       4
       7
      13
       8
       9
       6
       8
      12
       8
       5
       4
       5
       5
       2
       4
       2
       4
      10
       6
      11
      13
       5
       8
       6
      11
       5
       4
       4
       5
       4
       5
       9
      13
       9
       2
       6
       8
       3
       9
       6
       7
       6
       6
       6
       3
       8
       7
       8
       1
       3
       4
       3
      10
       8
       8
       5
       6
       4
       2
       7
       8
       6
       4
       7
       5
       5
       9
       4
       3
       3
       4
       6
       4
       6
       3
       5
       8
       9
       9
       4
       9
       7
       6
       8
       2
       7
       3
       8
       4
       7
       8
       1
       7
       8
       2
       4
       6
       2
       4
       5
       4
       7
       6
       7
       4
       5
       9
       7
       8
       6
       6
       7
       7
       8
       7
       5
       9
       5
       2
      10
       5
       6
       4
       2
       6
      12
       6
       5
       4
       6
      10
       7
       6
       6
       8
       3
       4
       2
       5
       5
       6
       5
       7
      10
       5
       4
       5
       9
       4
       7
       7
       5
       4
       6
       5
       6
       6
       5
       4
       3
       6
       2
       3
       8
       7
       3
       7
       7
       6
       7
       5
       8
       7
       5
       9
       2
       6
       5
       6
       4
       2
       4
       6
       9
       9
      10
       7
       4
       6
       5
       6
       9
       4
       4
      11
       8
      11
       4
      12
       5
       6
       6
       5
       8
       6
       8
      12
       6
       5
       3
       6
       4
       6
       6
       4
       6
       8
       0
       4
       9
       7
       1
       6
       6
       7
       7
       6
      10
       1
      10
       2
       4
       4
       2
       3
       4
       4
       6
       3
       5
       1
       1
       3
       7
       4
       6
       8
       7
       7
       8
       6
       6
       7
      10
       6
       8
       6
       9
       6
       6
       9
       4
       8
      12
       7
       5
       5
      10
       8
       6
      10
      11
       4
       4
       6
       4
      10
       6
      11
      10
       8
       7
      13
       7
       3
       6
      10
      12
       4
       3
       5
       6
       4
       7
       8
       8
       4
       4
       3
       5
       6
      10
       3
       4
       6
       7
       4
       4
       5
       4
       6
       8
      11
      15
       5
       8
       6
       7
      12
       7
       5
       9
       7
      10
       2
       3
       8
       4
       2
       4
       7
       9
       4
       6
       8
       5
       4
       3
      12
       3
       7
       5
       3
       5
       5
       5
       3
       6
       6
      11
       7
       7
       6
      12
       4
       3
       6
       4
      10
       3
       5
      10
       7
       8
       5
       3
       6
       6
      12
       6
       7
       3
       7
       5
       7
       6
       6
       7
       4
       5
       6
       3
       6
       7
      11
       7
      10
       4
       8
      11
       3
       6
       5
       7
       8
      11
      10
       7
       7
       5
       5
       4
       5
       7
       4
       6
       7
       6
       7
       4
       9
      10
      10
      11
       7
       4
       4
       4
       8
       7
       1
       9
       5
       7
       7
       6
       5
       3
      11
       4
       7
       9
       3
       8
       6
       5
       2
       6
       2
       5
       7
       9
       3
       8
       5
       6
       2
       4
       5
       9
      10
       5
       8
       6
       6
       5
       9
       6
      10
       6
       7
       4
       9
       5
       8
       9
       4
       7
       7
       6
       7
       6
       6
       2
       6
       4
       6
       8
       8
       6
       6
       6
       3
       5
       6
       7
       7
       7
       7
       5
      15
      10
       6
       8
       9
       4
       8
       7
      10
       7
       6
       9
       5
       8
       7
       4
       6
       5
       4
      10
       4
       7
      10
       9
       3
       7
       6
       8
       7
       9
       9
       5
       6
      11
       6
       3
      11
       9
       5
       4
       9
       9
      13
       5
       5
       7
      10
       5
       5
       4
       5
       6
       5
       6
       5
       5
       7
       8
       6
       3
       1
       7
       3
       9
       5
       5
       4
       5
       6
       8
       6
       7
       3
       6
       9
       7
      12
      12
       4
       6
      10
       6
       6
       7
       8
       5
       6
       5
       7
       7
       5
       5
       7
       4
       7
      12
       6
       9
      10
       4
      14
       7
      17
       9
       5
       7
       6
       7
       6
      10
       8
       1
      10
      11
      11
       4
       7
       3
       9
       6
       0
       7
       4
       5
       6
       8
       5
       6
       9
       6
      10
       5
       3
       9
       5
       5
       6
       7
      10
      10
       5
       5
       3
      13
       5
       8
       4
       5
       7
       8
      12
       8
       9
      12
       6
       7
       7
       8
       7
       6
       9
       1
       6
       8
       7
      11
       7
       6
       8
       7
      11
       7
       4
       6
       5
      13
       6
       7
      10
       7
       9
       5
       9
       9
       4
       9
       4
       8
       4
       4
      12
       6
       5
       9
      11
       8
       6
       9
       2
       6
       4
       7
      11
       8
       2
      10
       7
       6
      14
       7
      11
      10
       7
       4
      10
       6
       5
       7
       4
       6
       5
       2
       9
       3
       6
       7
       8
      10
       9
       6
       4
       8
       7
       6
       6
       3
       5
       9
      10
       2
       2
       0
       0
       0
       0
       0
       0
       0
       0
       0
       0
       0
       0
       0
       0
       0
       0
       0
       0
       0
       0
       0
       0
       0
       0
       0
       0
       0
       0
       0
       0
       0
       0
       0
       0
       0
       0
       0
       0
       0
       0
       0
       0
       0
       0
       0
       0
       0
       0
       0
       0
       0
       0
       0
       0
       0
       0
       0
       0
       0
       0
       0
       0
       0
       0
       0
       0
       0
       0
       0
       0
       0
       0
       0
       0
       0
       0
       0
       0
       0
       0
       0
       0
       0
$ROI:
1
712 830
$PRESETS:
None
0
0
$ENER_FIT:
-23.656767 2.297974
$MCA_CAL:
3
-2.365677E+001 2.297974E+000 2.836717E-005 keV
$SHAPE_CAL:
3
0.000000E+000 0.000000E+000 0.000000E+000
