$SPEC_ID:
No sample description was entered.
$SPEC_REM:
DET# 1
DETDESC# DESKTOP-I499GD2 Easy-MCA-2k SN 18191655
AP# Maestro Version 7.01
$DATE_MEA:
02/28/2024 17:29:43
$MEAS_TIM:
37 40
$DATA:
0 2047
       0
       0
       0
       0
       2
      12
      31
      65
    1045
     668
     668
     761
     794
     762
     832
     834
     884
     905
     948
     944
     926
     904
     950
     877
     941
     883
     979
    1049
    1212
    1361
    1519
    1538
    1720
    1965
    2003
    1611
    1287
    1146
    1125
    1148
    1239
    1313
    1457
    1504
    1574
    1800
    1832
    2041
    2088
    2333
    2384
    2627
    2722
    2978
    3104
    3256
    3523
    3749
    4136
    4748
    5784
    7413
    9567
   12551
   14469
   14831
   13239
   10367
    7278
    4602
    3099
    2238
    1884
    1793
    1850
    1874
    1885
    1936
    1877
    1858
    1848
    1670
    1693
    1624
    1508
    1556
    1560
    1563
    1608
    1550
    1638
    1677
    1538
    1702
    1604
    1577
    1625
    1623
    1541
    1527
    1490
    1375
    1407
    1348
    1369
    1370
    1324
    1358
    1306
    1313
    1272
    1302
    1188
    1239
    1178
    1222
    1256
    1276
    1220
    1185
    1187
    1207
    1151
    1230
    1142
    1147
    1142
    1130
    1105
    1120
    1144
    1136
    1131
    1211
    1145
    1167
    1186
    1243
    1162
    1114
    1102
    1110
    1105
    1065
    1052
    1055
     995
     929
     987
     890
     918
     873
     887
     883
     869
     864
     801
     877
     885
     887
     897
     865
     864
     866
     840
     847
     804
     882
     797
     825
     830
     797
     756
     722
     779
     788
     740
     756
     765
     770
     741
     787
     703
     730
     757
     763
     796
     698
     715
     711
     706
     757
     696
     734
     705
     712
     694
     715
     754
     676
     674
     727
     707
     719
     706
     683
     671
     666
     677
     677
     641
     672
     643
     739
     662
     684
     710
     726
     690
     707
     727
     731
     720
     752
     726
     748
     734
     757
     735
     735
     768
     683
     702
     702
     728
     764
     727
     740
     716
     673
     709
     611
     653
     681
     652
     680
     609
     600
     625
     647
     685
     654
     645
     614
     632
     648
     636
     649
     618
     649
     628
     628
     600
     607
     608
     599
     612
     602
     565
     623
     585
     580
     555
     574
     537
     528
     488
     504
     519
     473
     495
     453
     437
     403
     405
     373
     364
     401
     382
     395
     362
     393
     343
     367
     330
     313
     368
     338
     306
     328
     337
     321
     335
     277
     319
     312
     304
     287
     281
     267
     297
     297
     317
     280
     287
     282
     265
     271
     265
     292
     267
     250
     293
     260
     267
     275
     276
     232
     271
     249
     293
     258
     275
     265
     254
     250
     261
     273
     280
     276
     276
     287
     294
     266
     337
     321
     358
     386
     429
     514
     537
     587
     681
     828
     812
     973
    1067
    1255
    1415
    1582
    1713
    1895
    2048
    2274
    2364
    2560
    2815
    2851
    2879
    3054
    3142
    3050
    3035
    3031
    3035
    2928
    2785
    2626
    2447
    2278
    2024
    1870
    1753
    1446
    1341
    1202
    1037
     912
     785
     648
     546
     493
     414
     310
     278
     245
     180
     167
     159
     130
     122
      99
      98
      89
      63
      77
      83
      70
      78
      75
      72
      60
      70
      62
      75
      72
      92
      79
     109
      97
     144
     142
     126
     163
     165
     180
     194
     203
     248
     227
     266
     306
     357
     356
     381
     425
     413
     468
     464
     501
     492
     549
     526
     510
     582
     511
     536
     526
     482
     468
     405
     428
     359
     348
     326
     301
     275
     269
     224
     203
     167
     171
     151
      96
     120
     101
      81
      80
      49
      60
      55
      43
      49
      44
      43
      35
      39
      34
      29
      30
      33
      27
      28
      35
      22
      31
      35
      32
      38
      23
      25
      25
      33
      34
      21
      34
      33
      29
      30
      17
      29
      34
      30
      19
      19
      21
      26
      20
      19
      23
      27
      22
      21
      24
      24
      24
      23
      23
      27
      26
      25
      17
      29
      20
      18
      23
      20
      24
      27
      17
      26
      15
      15
      18
      18
      17
      14
      22
      16
      24
      12
      23
      22
      28
      23
      20
      24
      17
      16
      17
      21
      19
      25
      16
      22
      23
      18
      18
      20
      25
      22
      25
      20
      21
      21
      19
      25
      29
      21
      22
      26
      25
      15
      25
      18
      24
      18
      19
      27
      22
      33
      20
      21
      20
       9
      24
      29
      27
      36
      22
      23
      16
      25
      27
      23
      19
      25
      15
      26
      22
      19
      20
      11
      25
      15
      20
      15
      19
      14
      24
      23
      19
      20
      13
      17
      18
      18
      17
      19
      23
      19
      14
      23
      23
      24
      19
      20
      20
      25
      23
      22
      22
      23
      12
      23
      13
      19
      10
      24
      21
      18
      20
      19
      24
      18
      25
      16
      15
      16
      15
      20
      21
      16
      20
       7
      19
       8
      15
      14
      16
      14
       8
      10
      14
       8
       9
       9
      14
      12
      12
       9
      11
      11
      14
      14
      13
       7
       6
      13
       8
      13
      12
       6
      11
       3
       7
      12
      14
      15
      12
       9
      11
      10
      11
       7
      13
       9
      13
       6
      10
       9
       9
      16
       9
      12
       7
      10
      14
      10
      10
       8
      10
      11
       7
       9
       8
      14
       8
      10
      13
      12
       9
      11
      10
      13
      12
      16
      13
       7
       8
      14
      10
      10
      13
       9
      16
      19
      15
      11
      15
      15
      16
      25
      21
      28
      31
      40
      32
      30
      34
      39
      29
      32
      40
      44
      41
      42
      43
      36
      54
      42
      54
      40
      51
      62
      45
      30
      56
      42
      43
      36
      47
      46
      48
      43
      36
      34
      30
      38
      29
      32
      26
      30
      24
      27
      20
      20
      20
      20
      13
      20
       9
       7
       8
       8
      13
      11
      12
       5
       9
      11
       4
       8
      12
       3
       9
      12
       9
       9
      11
      10
       5
       4
       5
       5
      16
       5
       3
       5
       9
       6
       6
       8
       2
       5
       3
       4
      13
       7
       5
       6
       4
       3
       3
       4
       2
       2
      11
       8
       5
       8
       4
       6
       1
       2
       4
       6
       1
       2
       3
       5
      10
       5
       3
       6
       3
       8
       7
       5
       8
       9
       5
       3
       6
       3
       4
       5
       3
       5
       5
      11
       6
       4
       2
       6
       6
       3
       4
       5
       5
       4
       4
       4
       7
       3
       4
       4
       6
       2
       8
       5
       5
       5
       8
       6
       4
       7
       6
       7
       6
       1
       5
       7
       3
       6
       5
       3
       3
       4
       3
       5
       3
       4
       2
       6
       4
       8
       1
       1
       1
       1
       7
       3
       1
       5
       5
       4
       5
       4
       4
       3
       6
       4
       4
       3
       8
       2
       2
       3
       1
      10
       8
       4
       8
       5
       2
       9
       6
       4
       7
       4
       2
       2
       2
       1
       4
       2
       3
       3
       4
       1
       0
       5
       2
       5
       3
       4
       3
       4
       4
       4
       8
       2
       3
       3
       5
       5
       3
       8
       2
       2
       7
       3
       6
       3
       1
       5
       7
       2
       2
       2
      12
       5
       2
       5
       4
       0
       3
       3
       5
       3
       4
       4
       4
       6
       1
       4
       8
       4
       3
       4
       0
       2
       3
       4
       5
       1
       2
       4
       2
       2
       5
       3
       2
       4
       2
       3
       4
       2
       2
       4
       1
       5
       3
       1
       2
       1
       5
       8
       3
       3
       6
       8
       3
       3
       4
       5
       3
       3
       5
       6
       6
       1
       3
       3
       2
       4
       4
       2
       3
       3
       2
       4
       1
       6
       4
       2
       2
       1
       2
       4
       3
       1
       4
       2
       6
       3
       3
       4
       0
       2
       1
       9
       6
       4
       1
       1
       1
       3
      10
       3
       1
       5
       3
       3
       3
       2
       5
       3
       2
       4
       3
       4
       4
       1
       5
       4
       4
       5
       3
       2
       5
       2
       2
       2
       3
       7
       5
       0
       4
       4
       3
       1
       2
       3
       3
       0
       5
       5
       5
       1
       0
       2
       3
       1
       5
       3
       2
       2
       6
       2
       4
      10
       5
       4
       0
       4
       3
       4
       5
       3
       3
       4
       5
       3
       5
       3
       3
       2
       4
       1
       2
       3
       3
       5
       1
       1
       2
       2
       4
       2
       1
       3
       0
       0
       1
       5
       6
       5
       5
       6
       3
       6
       1
       2
       6
       1
       2
       3
       5
       1
       3
       3
       3
       3
       5
       6
       3
       1
       1
       3
       2
       3
       2
       1
       4
       5
       3
       5
       5
       2
       5
       5
       6
       6
       3
       3
       3
       3
       7
       5
       1
       4
       5
       1
       5
       2
       2
       3
       3
       3
       4
       3
       4
       1
       4
       2
       3
       1
       3
       2
       0
       4
       3
       5
       4
       2
       2
       2
       4
       3
       5
       3
       5
       7
       2
       4
       2
       6
       4
       5
       7
       3
       4
       2
       6
       2
       1
       1
       2
       3
       3
       1
       3
       2
       1
       3
       2
       4
       8
       3
       4
       6
       4
       2
       6
       3
       5
       4
       2
       0
       3
       3
       6
      10
       5
       1
       4
       0
       3
       4
       4
       2
       2
       0
       5
       0
       1
       0
       2
       1
       1
       4
       5
       1
       4
       5
       2
       2
       2
       1
       2
       2
       4
       4
       1
       3
       4
       2
       4
       1
       2
       1
       4
       5
       5
       4
       5
       7
       2
       2
       3
       2
       5
       3
       4
       2
       6
       1
       3
       2
       2
       4
       3
       2
       1
       3
       2
       4
      10
       3
       3
       5
       6
       6
       9
       2
       1
       1
       6
       4
       4
       3
       5
       4
       3
       5
       6
       4
       1
       4
       2
       2
       3
       6
       5
       4
       2
       4
       3
       2
       4
       5
       4
       2
       4
       5
       1
       6
       4
       1
       2
       4
       1
       4
       7
       2
       3
       5
       2
       5
       2
       4
       2
       7
       3
       4
       6
       8
       3
       4
       4
       3
       3
       3
       3
       1
       1
       4
       1
       1
       4
       4
       2
       4
       3
       3
       4
       1
       4
       1
       1
       5
      11
       4
       5
       3
       4
       5
       4
       2
       4
       5
       2
       3
       3
       3
       3
       1
       3
       5
       3
       1
       1
       0
       3
       2
       2
       4
       3
       2
       2
       6
       0
       4
       3
       6
       2
       3
       0
       3
       4
       1
       3
       4
       3
       6
       7
       2
       7
       4
       1
       2
       3
       5
       5
       0
       2
       5
       3
       2
       4
       2
       3
       4
       3
       4
       5
       3
       2
       2
       6
       1
       6
       2
       3
       2
       2
       3
       6
       3
       6
       2
       4
       3
       6
       3
       3
       3
       3
       1
       2
       4
       3
       7
       4
       4
       8
       2
       5
       3
       2
       2
       2
       3
       3
       4
       2
       4
       5
       0
       5
       3
       0
       3
       3
       4
       5
       2
       4
       3
       4
       3
       3
       1
       2
       2
       3
       4
       3
       2
       3
       6
       2
       4
       4
       8
       4
       6
       6
       3
       2
       5
       2
       3
       4
       2
       3
       3
       6
       0
       4
       2
       0
       7
       1
       3
       5
       1
       0
       2
       5
       8
       5
       2
       0
       1
       5
       4
       2
       1
       2
       3
       1
       3
       3
       3
       4
       1
       2
       1
       3
       2
       4
       3
       2
       6
       1
       6
       5
       4
       3
       2
       3
       2
       3
       4
       1
       2
       3
       4
       3
       1
       2
       2
       1
       2
       2
       3
       5
       3
       0
       3
       2
       6
       2
       4
       1
       0
       6
       3
       6
       5
       3
       2
       3
       7
       6
       2
       4
       8
       3
       2
       4
       8
       5
       1
       3
       4
       4
       0
       0
       3
       3
       3
       2
       3
       5
       5
       3
       2
       1
       8
       7
       7
       2
       4
       7
       4
       2
       3
       0
       3
       0
       1
       2
       3
       2
       2
       2
       1
       5
       3
       2
       2
       4
       4
       4
       4
       2
       1
       1
       3
       6
       6
       5
       0
       3
       1
       0
       5
       7
       2
       6
       3
       7
       2
       4
       2
       8
       2
       3
       2
       3
       5
       4
       5
       1
       3
       2
       3
       3
       2
       3
       3
       1
       4
       3
       2
       5
       3
       2
       4
       4
       4
       3
       6
       4
       1
       4
       5
       1
       6
       5
       6
       3
       4
       5
       1
       2
       4
       0
       6
       3
       3
       6
       2
       6
       2
       6
       2
       0
       5
       4
       3
       6
       2
       3
       1
       6
       3
       8
       3
       5
       3
       3
       3
       0
       3
       5
       4
       2
       5
       6
       4
       4
       2
       7
       4
       2
       5
       5
       4
       3
       3
       4
       1
       2
       1
       4
       2
       3
       4
       4
       5
       1
       2
       2
       1
       4
       5
       5
       4
       3
       5
       1
       8
       2
       1
       5
       4
       2
       8
       4
       2
       3
       2
       7
       2
       3
       1
       3
       5
       4
       2
       3
       5
       5
       3
       2
       5
       3
       4
       4
       2
       5
       4
       1
       6
       5
       5
       4
       3
       3
       3
       4
       3
       8
       3
       3
       3
       4
       2
       6
       5
       3
       7
       6
       5
       4
       7
       3
       2
       1
       1
       1
       4
       4
       4
       4
       4
       4
       3
       2
       2
       4
       2
       6
       5
       1
       4
       5
       3
       2
       0
       6
       5
       2
       4
       7
       3
       2
       1
       6
       6
       1
       3
       1
       5
       5
       3
       4
       8
       6
       3
       2
       4
       3
       7
       5
       3
       4
       3
       8
       5
       1
       4
       2
       2
       4
       4
       1
       3
       4
       1
       0
       0
       0
       0
       0
       0
       0
       0
       0
       0
       0
       0
       0
       0
       0
       0
       0
       0
       0
       0
       0
       0
       0
       0
       0
       0
       0
       0
       0
       0
       0
       0
       0
       0
       0
       0
       0
       0
       0
       0
       0
       0
       0
       0
       0
       0
       0
       0
       0
       0
       0
       0
       0
       0
       0
       0
       0
       0
       0
       0
       0
       0
       0
       0
       0
       0
       0
       0
       0
       0
       0
       0
       0
       0
       0
       0
       0
       0
       0
       0
       0
       0
       0
$ROI:
1
712 830
$PRESETS:
None
0
0
$ENER_FIT:
-23.656767 2.297974
$MCA_CAL:
3
-2.365677E+001 2.297974E+000 2.836717E-005 keV
$SHAPE_CAL:
3
0.000000E+000 0.000000E+000 0.000000E+000
