$SPEC_ID:
No sample description was entered.
$SPEC_REM:
DET# 1
DETDESC# DESKTOP-I499GD2 Easy-MCA-2k SN 18191655
AP# Maestro Version 7.01
$DATE_MEA:
02/28/2024 14:24:09
$MEAS_TIM:
81 81
$DATA:
0 2047
       0
       0
       1
       0
       0
       2
       9
      15
     185
     119
     150
     117
     154
     130
     148
     162
     186
     178
     183
     222
     175
     169
     178
     165
     173
     180
     196
     224
     249
     366
     423
     398
     496
     644
     587
     396
     314
     252
     263
     282
     316
     375
     412
     418
     450
     517
     527
     579
     679
     737
     825
     906
     989
    1047
    1040
    1022
     990
    1014
    1104
    1171
    1610
    2214
    3024
    4113
    4796
    4714
    4012
    2862
    1901
    1082
     701
     497
     377
     357
     327
     331
     322
     343
     311
     348
     288
     336
     317
     289
     283
     312
     285
     317
     330
     372
     374
     343
     361
     360
     349
     318
     268
     281
     240
     289
     257
     258
     239
     254
     238
     232
     228
     212
     228
     216
     228
     235
     236
     197
     222
     213
     188
     193
     185
     183
     207
     184
     224
     197
     175
     160
     164
     148
     181
     171
     179
     187
     165
     166
     160
     159
     133
     150
     129
     163
     162
     143
     143
     150
     154
     141
     139
     147
     130
     108
     120
     135
     151
     121
     136
     111
     114
     129
     110
     116
     125
     126
     128
     106
     131
      97
     123
     103
     111
     109
     102
      90
      96
     100
     115
     111
     105
     105
     105
      87
     101
      82
      98
      84
      86
     106
     103
      91
      91
      79
      95
     105
      84
      95
      93
      96
      91
      92
      98
      90
      78
      83
      94
      94
     110
      87
      86
      90
     105
     108
     101
     112
      91
     102
     120
     110
     143
     122
     155
     149
     168
     178
     167
     233
     208
     242
     216
     269
     245
     242
     237
     251
     221
     213
     220
     170
     169
     154
     154
     141
     101
     105
     108
      98
      72
      79
      75
      64
      66
      74
      69
      65
      53
      63
      70
      49
      47
      50
      53
      49
      76
      67
      70
      46
      52
      58
      51
      56
      49
      48
      56
      44
      64
      57
      68
      57
      62
      62
      59
      61
      50
      55
      49
      51
      61
      53
      38
      53
      51
      51
      42
      34
      50
      51
      48
      53
      43
      36
      48
      46
      47
      47
      39
      57
      53
      37
      40
      47
      64
      52
      51
      38
      47
      46
      52
      56
      42
      41
      41
      44
      57
      53
      57
      65
      53
      55
      53
      42
      59
      39
      51
      39
      44
      49
      50
      49
      47
      47
      39
      44
      48
      44
      35
      45
      48
      37
      47
      41
      48
      37
      37
      41
      52
      50
      34
      49
      48
      45
      35
      43
      48
      43
      38
      46
      41
      46
      44
      43
      30
      47
      27
      44
      33
      46
      29
      41
      28
      46
      37
      39
      38
      41
      30
      48
      38
      40
      45
      49
      42
      53
      37
      40
      43
      40
      31
      50
      34
      36
      41
      31
      40
      32
      38
      39
      39
      25
      33
      32
      35
      27
      40
      37
      39
      32
      24
      25
      26
      38
      33
      40
      37
      28
      29
      36
      35
      41
      36
      35
      25
      25
      39
      48
      26
      41
      30
      30
      30
      29
      28
      32
      32
      41
      43
      32
      29
      29
      38
      36
      37
      26
      36
      39
      29
      28
      34
      34
      30
      31
      40
      22
      29
      34
      28
      37
      28
      33
      44
      29
      35
      28
      36
      36
      45
      33
      44
      36
      52
      31
      34
      38
      36
      47
      31
      48
      46
      38
      27
      35
      46
      43
      40
      43
      38
      35
      38
      33
      40
      39
      25
      27
      33
      26
      32
      34
      36
      24
      37
      37
      29
      28
      33
      36
      37
      25
      32
      35
      19
      35
      30
      34
      32
      30
      30
      35
      32
      29
      35
      26
      37
      26
      27
      34
      39
      25
      30
      27
      37
      29
      31
      43
      33
      31
      30
      34
      29
      34
      34
      33
      40
      29
      41
      48
      37
      36
      29
      38
      40
      34
      36
      37
      35
      36
      41
      41
      38
      32
      34
      40
      37
      42
      35
      35
      37
      32
      24
      32
      29
      23
      32
      31
      33
      31
      40
      35
      25
      30
      28
      38
      47
      43
      41
      24
      34
      34
      33
      51
      28
      37
      37
      18
      23
      33
      31
      46
      38
      26
      36
      21
      35
      35
      34
      35
      33
      33
      35
      31
      43
      36
      33
      33
      28
      31
      26
      26
      36
      32
      35
      35
      40
      36
      40
      36
      34
      40
      48
      49
      29
      42
      30
      45
      28
      33
      39
      33
      42
      44
      29
      39
      32
      26
      28
      29
      24
      35
      30
      28
      26
      32
      27
      34
      28
      26
      26
      15
      24
      12
      18
      30
      22
      20
      23
      19
      21
      22
      16
      24
      20
      19
      20
      25
      24
      25
      16
      15
      19
      24
      17
      19
      14
      22
      17
      15
      13
      12
      15
      20
      15
      17
      18
      15
      15
       9
      26
      28
      24
      12
      17
      23
      15
      15
      22
      24
      15
      24
      17
      19
      23
      16
      17
      14
      12
      19
      22
       7
      21
      17
      13
      21
      27
      21
      25
      32
      24
      29
      30
      24
      28
      36
      33
      35
      44
      43
      44
      54
      56
      48
      62
      65
      73
      66
      82
      76
      90
      85
      87
      95
     104
     121
      97
     111
     120
      99
     117
      99
     107
     102
     113
      66
     124
      94
      84
      74
     102
      89
      73
      70
      90
      64
      64
      67
      69
      50
      63
      48
      41
      40
      43
      48
      48
      32
      28
      29
      23
      26
      22
      18
      21
      24
      18
      16
      11
      11
       7
      25
       7
      11
       8
      10
       9
      12
      15
      12
       9
       6
      10
      10
      11
       7
      11
      13
      11
      10
      11
       8
      13
      11
       8
      10
      10
      12
      12
       6
       5
      13
      15
      11
       9
      15
       9
       8
      10
       7
      10
      13
      11
      18
      12
      13
       9
      12
       9
      13
      13
      11
      14
       6
       9
      11
      13
      10
      12
      15
      13
       8
      14
       8
      11
      13
      16
       7
       9
      10
       8
      15
      17
      11
      15
       5
      14
       6
       6
      16
       7
       9
       6
       8
       8
      16
       7
       5
       7
       9
       9
      11
       9
      14
       8
       4
       6
       8
      11
       8
       7
      14
       8
      10
       9
       9
       8
      10
       7
      11
       5
       9
       7
       9
       5
       3
      10
       7
       9
      11
      10
       8
       8
       9
       9
      16
       5
      13
       6
       7
      10
      13
      15
       7
       9
      11
       4
       5
      12
       5
      10
      12
      13
      10
      10
       8
       8
      10
       4
      12
       9
       9
      13
      10
       7
       6
      13
       8
       9
      15
      12
      13
       9
       8
      10
      15
       7
       7
      11
      13
      10
       9
      12
       9
      10
      11
      13
      11
      12
      13
       9
       6
       8
       6
      12
      12
      11
      10
       7
       9
      16
       8
       9
       4
       5
      13
      13
      17
      12
       9
       7
       9
       9
      11
       6
       8
      12
      14
      11
      12
       9
       8
      10
      11
      10
       8
       6
       7
       9
       7
      11
      10
       5
       9
       5
       8
       8
      15
       5
       8
       6
       9
      10
       9
       9
       7
       7
      11
       9
      12
      13
       7
       7
      12
      10
       5
       9
      14
       8
       7
       5
      11
      10
       8
       4
       8
      10
       5
       7
       9
       4
      12
       9
      11
       4
       9
       8
       4
       4
       6
      10
       9
       8
       9
       7
       7
       5
      10
      15
      12
       8
      12
       5
      10
      14
       3
       6
       6
       9
      10
       7
       7
       9
       7
       7
      11
      11
       9
       6
      10
       7
      11
       6
       8
       7
       7
       4
       5
       7
       9
       8
       8
       9
      11
       9
      11
      11
       6
      14
       8
      13
       8
      13
       7
      10
       9
       8
       4
       7
       8
      12
      11
      12
      11
       6
      11
      11
       5
      12
      11
       5
       5
       8
       3
       6
       9
       8
      13
      14
      10
       8
      12
       5
      11
      11
       9
      10
       9
      12
       9
      10
       6
      12
       8
      10
       9
       8
      11
       7
      11
       6
      11
       6
      10
      10
      10
       4
      13
       9
      11
      13
      11
       8
      10
      12
       4
      11
       6
       2
       6
       8
       8
       9
       6
       5
       5
      12
      15
       6
       8
       7
       7
      12
       9
       7
      10
       6
      11
       9
       8
       9
       9
      11
       4
       7
      13
      10
      11
       7
       4
       6
       6
       3
       6
       4
       7
       8
      11
      16
      10
       9
       7
      13
       8
       7
       7
       8
       3
       6
      10
       5
      10
       5
       9
      13
       5
      10
       5
       4
       5
      10
       7
      15
      11
       8
       8
       8
      15
       5
       6
       6
      11
       6
       9
      12
       8
      10
       5
      14
       3
       8
       7
      11
       6
      10
       5
       6
       7
       4
      10
       6
      11
       7
      15
      11
      12
       9
       7
       6
      13
       4
       5
       3
       5
       9
       7
      11
       5
      12
       9
      11
      12
      11
       2
       8
       7
       8
       8
       9
       8
       3
       6
       9
       6
       4
      10
      11
       8
       8
      11
       7
       8
       8
       9
       8
       9
       3
       8
       4
      11
       6
       6
      12
       8
      11
      12
       3
      14
       7
       5
       8
       7
       8
      15
       5
       9
      10
      12
      10
      10
       6
       5
      11
       8
       8
       9
      11
       4
      15
       2
       7
      11
       7
      10
       6
       8
      10
       6
       9
      15
       7
      10
      14
       6
      10
      16
       9
       6
      12
      11
      12
       7
       9
       9
       8
       8
       7
       6
      10
       9
      12
      10
       8
       4
       8
      10
       6
       8
       3
       5
      10
       7
       5
       4
      10
       3
       8
      10
       3
      15
      10
       7
      12
      11
       7
       8
       6
       8
      10
      10
       8
      14
      10
       4
       3
       7
       9
       9
       5
      12
      11
      12
       9
       9
      11
       9
      12
       7
       8
      11
       5
       8
       6
       9
      11
       8
       6
       5
       9
       9
       9
       8
       5
      10
      10
       8
      12
       9
      15
      12
      10
       9
       8
       4
       7
       5
      10
       7
       8
       9
       9
      11
       9
       9
       6
      12
       7
       7
       4
      10
       8
      10
       9
      13
       4
       5
       3
       9
      12
      11
       9
      10
      11
       8
       7
       9
      10
      11
       7
       3
      11
       6
       8
       9
       3
       5
       5
       5
       9
       5
       8
      10
      13
       9
       7
       6
      11
       6
       7
      10
       7
      12
      10
       4
       8
      12
      10
      11
       5
       6
       6
       7
      10
       8
       6
       7
       8
       7
       8
       9
       8
       6
       6
       5
       7
       1
       5
       7
       8
       8
       7
      11
       8
       4
      11
      10
      10
       6
       6
       7
       8
       6
       8
       5
       4
       8
       6
       9
       8
       9
      12
       5
      13
       6
       4
       6
      10
       9
       3
      10
       7
       9
      11
       7
       8
       9
       9
      11
      12
       8
       9
      12
       7
      14
      10
      11
       9
       9
       8
      11
      12
       9
      11
       6
      12
       5
       9
      12
       9
      11
      15
      11
       7
       7
       6
       8
      10
       6
      11
      13
      11
       9
       5
       8
      10
      12
      10
       5
       4
      10
       6
       9
      12
       6
      14
      13
       9
       7
       6
      15
      11
      11
       9
       6
       9
       9
      12
       7
      12
      11
       9
      13
      12
       9
      11
       9
       9
       6
       7
       7
       7
       6
       8
      12
       7
      20
      12
       6
      15
      10
      11
       5
      16
      10
       9
       5
      11
       7
       9
       7
       6
       9
      11
       8
      11
       8
       8
       9
       8
      12
       6
      16
      10
      10
      18
      10
       9
       7
       8
      10
      10
       6
      11
      13
      10
       5
       8
      11
       8
      14
      17
       5
      13
      10
       7
       7
      13
       9
      13
      11
       6
       7
       9
      12
      16
       4
       9
       8
      12
       9
       7
       5
      11
      14
      14
      10
      16
      13
       8
      10
       4
      12
       8
       8
       7
       7
       8
       6
       4
       7
       3
       8
       5
      14
      10
      11
       9
       7
      12
       6
      12
      13
       7
      12
      15
       9
       9
      11
       5
       4
       7
       2
      11
       6
      13
       4
       9
      10
       7
       8
      11
       9
      10
       7
       7
       9
      13
      10
       6
       6
      11
       6
       7
       6
      10
       9
      14
       8
       7
       8
      10
       8
       4
       6
      12
       8
       7
      11
      11
      12
       7
      17
      12
      14
      12
       7
      12
      10
      16
      15
       9
      12
      13
      14
      14
      12
      14
       9
      11
       6
       7
       7
      13
      16
      15
       5
       5
      15
      10
      13
      14
      17
      14
      14
      11
      19
      20
      10
       7
       9
      16
      12
      19
      12
       7
      14
       6
      15
      14
      11
       6
      11
       7
      13
      12
      10
      13
       6
      16
      18
      12
       8
       9
      11
      10
      13
      18
      14
      11
       9
      18
      11
      11
       7
      14
       8
       6
      14
       8
      16
      10
       7
      12
      11
      16
      14
      11
      13
      14
      10
      15
      14
      13
       7
       9
      10
      18
       5
      15
       6
       9
       6
      13
      12
       7
      11
       7
      13
      11
      11
      11
       8
       7
      13
      12
       9
      10
       9
      12
       6
      10
       7
      16
      12
       8
      10
       9
       9
      11
      11
      12
      11
      14
      13
      11
      10
       9
      17
       8
       8
      22
       8
       9
       9
      12
       6
      22
       9
      11
       9
      12
       6
       2
       0
       0
       0
       0
       0
       0
       0
       0
       0
       0
       0
       0
       0
       0
       0
       0
       0
       0
       0
       0
       0
       0
       0
       0
       0
       0
       0
       0
       0
       0
       0
       0
       0
       0
       0
       0
       0
       0
       0
       0
       0
       0
       0
       0
       0
       0
       0
       0
       0
       0
       0
       0
       0
       0
       0
       0
       0
       0
       0
       0
       0
       0
       0
       0
       0
       0
       0
       0
       0
       0
       0
       0
       0
       0
       0
       0
       0
       0
       0
       0
       0
       0
       0
$ROI:
1
712 830
$PRESETS:
None
0
0
$ENER_FIT:
-23.656767 2.297974
$MCA_CAL:
3
-2.365677E+001 2.297974E+000 2.836717E-005 keV
$SHAPE_CAL:
3
0.000000E+000 0.000000E+000 0.000000E+000
