$SPEC_ID:
No sample description was entered.
$SPEC_REM:
DET# 1
DETDESC# DESKTOP-I499GD2 Easy-MCA-2k SN 18191655
AP# Maestro Version 7.01
$DATE_MEA:
02/28/2024 15:02:14
$MEAS_TIM:
100 100
$DATA:
0 2047
       0
       0
       0
       0
       0
       0
       6
       6
     125
     108
      87
     103
     116
     135
     137
     153
     166
     161
     168
     189
     141
     148
     147
     144
     134
     131
     169
     214
     296
     414
     430
     473
     611
     766
     644
     425
     285
     220
     271
     296
     322
     342
     384
     456
     477
     533
     574
     655
     717
     852
     877
    1030
    1128
    1257
    1202
    1192
    1079
    1089
    1173
    1432
    1989
    2682
    3884
    5102
    5917
    5812
    4855
    3439
    2101
    1267
     721
     451
     358
     341
     316
     309
     306
     284
     286
     231
     270
     270
     293
     234
     265
     268
     270
     310
     313
     344
     328
     370
     328
     300
     288
     295
     247
     248
     196
     214
     168
     177
     173
     171
     190
     161
     179
     161
     185
     161
     164
     152
     165
     176
     145
     139
     146
     149
     158
     155
     141
     152
     140
     143
     141
     135
     108
     132
     144
     129
     130
     130
     106
     100
     100
     115
     125
     104
     114
     100
     108
     117
      95
     103
      98
      89
      87
      86
     102
      81
      88
      83
      99
      98
      78
      62
      94
      77
      64
      79
     100
      79
      77
      70
      73
      78
      80
      79
      77
      83
      66
      66
      80
      62
      67
      72
      70
      56
      64
      69
      61
      71
      53
      44
      49
      73
      68
      53
      50
      57
      54
      50
      52
      66
      65
      77
      46
      66
      61
      47
      57
      59
      59
      59
      56
      46
      58
      66
      70
      84
      79
      74
      83
      93
      95
      81
      88
     114
     107
     108
     100
     110
     129
     140
     159
     158
     160
     166
     163
     176
     178
     153
     156
     133
     123
     118
     122
      91
      71
      78
      62
      63
      52
      56
      55
      26
      28
      40
      43
      31
      37
      38
      27
      31
      35
      26
      26
      42
      38
      41
      27
      31
      32
      27
      40
      44
      40
      35
      33
      40
      33
      22
      41
      34
      35
      21
      33
      28
      39
      30
      33
      36
      29
      29
      31
      27
      28
      34
      27
      27
      22
      27
      29
      24
      20
      19
      23
      31
      34
      26
      23
      33
      19
      25
      30
      30
      28
      24
      46
      15
      30
      28
      25
      32
      21
      21
      22
      30
      25
      33
      20
      35
      26
      25
      37
      21
      30
      32
      34
      25
      21
      27
      34
      21
      27
      23
      24
      22
      16
      18
      23
      24
      22
      29
      21
      24
      24
      32
      20
      24
      28
      31
      24
      37
      28
      26
      23
      26
      23
      27
      27
      33
      36
      26
      27
      28
      25
      31
      34
      16
      20
      28
      18
      27
      21
      17
      22
      18
      31
      25
      21
      23
      19
      23
      26
      27
      29
      20
      12
      25
      24
      11
      18
      19
      13
      15
      23
      19
      17
      19
      17
      20
      10
      21
      14
      13
      23
      18
      15
      19
      28
      23
      17
      16
      16
      16
      21
      18
      14
      27
      13
      21
      14
       9
      22
      17
      12
      17
      16
      13
      18
      17
      14
      12
      10
      17
      22
      11
      16
      10
      20
       9
      16
      13
      13
      15
      21
      15
      24
      19
      19
      21
      18
      17
      10
      18
      18
       8
      15
      11
      12
      16
      15
      13
      16
      13
      13
      17
      12
      19
      20
      20
      11
      12
      24
      17
      19
      19
      20
      19
      19
      35
      23
      20
      15
      13
      28
      22
      30
      27
      26
      19
      25
      28
      24
      23
      27
      23
      15
      13
      22
      24
      25
      21
      18
      16
      17
      16
      14
      16
      13
      27
      13
      13
      17
      13
      17
      15
      14
      18
      20
      20
      23
      12
       8
      19
      11
      17
      15
      20
      18
      11
      24
      19
      20
      16
      16
      13
      11
      16
      16
      23
      15
      14
      14
      17
      11
      17
      13
      15
      19
      15
      15
      17
      14
      15
      17
      10
      11
      25
      14
      15
      16
      12
      23
      21
      17
      16
      17
      16
      19
      10
      16
      16
      10
      21
      12
      17
      16
      11
      11
      20
       7
      16
       8
      14
      14
      12
      19
      10
      17
      18
      24
      22
      15
      18
      20
      20
      15
      14
      13
       7
      20
      14
      12
      12
      17
      10
       6
      18
      15
      14
      15
      17
      18
      14
      15
      16
      11
      14
      13
      14
      19
      18
      17
      20
      22
      15
      20
      21
      22
      12
      16
      27
      23
      26
      12
       8
      12
      17
       9
      13
      21
      16
      21
      15
      18
      11
      15
      22
      10
      16
       9
      12
      18
      14
      10
      16
       7
       9
      13
      12
       9
      12
      11
      15
      12
      18
       7
       8
       9
      13
      12
       8
      10
       8
      11
      15
      11
       7
      11
       6
      11
       7
       9
       8
      11
      15
      10
      19
       5
       7
       6
       5
       9
       7
      10
       8
       7
       7
      10
       8
       9
       2
      14
       8
      15
       8
      13
       8
       6
       8
       8
      10
       6
       8
       8
       9
      11
       7
       8
       9
       6
      10
      10
      11
      10
       5
      12
      10
      12
       8
      11
       9
      10
      13
      12
      18
      19
      17
      10
      16
      21
      22
      13
      29
      26
      24
      24
      24
      27
      30
      31
      41
      32
      33
      30
      38
      35
      33
      34
      44
      34
      39
      37
      32
      34
      37
      48
      31
      26
      36
      31
      32
      24
      20
      13
      21
      27
      20
      19
      22
      16
      13
      14
      21
      16
      11
      17
      10
      11
       9
      11
      14
       4
       5
       7
      11
       8
       6
       8
       9
       4
       6
       4
       7
      10
       8
       3
       4
       7
       7
       9
       8
       6
      11
       6
       4
       7
       2
       1
       3
       4
       6
       6
       5
      12
       4
       7
       5
       6
       5
       5
       6
       3
       7
       6
       8
      10
       8
       7
       8
      10
       6
       4
       4
       3
       4
       8
       4
       5
       7
       5
       8
       8
       3
       3
       6
       7
       5
       2
       4
       1
       4
       9
       7
       5
       5
      11
       7
       6
       5
       6
       5
       3
       6
       6
       4
       8
      12
       6
      11
       3
       1
       6
       5
       5
       5
       9
       9
       3
       4
       6
       7
       3
       7
       5
       4
       3
       4
       6
       6
       7
       8
       5
       6
       8
       3
       5
       7
       9
       6
       8
       7
       7
       7
       9
       3
       6
       6
       7
       4
       5
       6
       2
       8
       8
       7
       3
       5
       8
       7
       6
       2
       2
       4
       4
       2
       4
       4
       7
       7
       4
       6
       3
       2
       5
       6
       5
       3
       5
       5
       4
       3
       7
       5
       5
       5
       5
       1
       2
       6
       3
       8
       6
       5
       7
       3
       7
       6
       5
       9
       3
       3
       5
       4
       8
       4
       5
       5
       7
       9
       8
       5
       9
       4
       6
       3
       9
       4
       9
       1
       7
       2
       3
       8
       5
       3
       5
       3
       7
       4
       4
       5
       9
       2
       8
       6
       7
       6
       3
       5
       7
       3
       5
       5
       2
       4
      12
       3
       2
       7
       7
       3
       3
       3
       5
       6
       4
       2
       9
       4
       6
       3
       5
       1
       3
       4
       6
       2
       3
       2
       8
       6
       3
       4
       6
       0
       9
       3
       7
       3
       5
       7
       7
       3
       9
       9
       4
       5
       9
       4
       4
       5
       7
       6
       7
       3
       4
       3
       5
       4
       7
       3
       8
       4
       5
       4
       2
       7
       5
       6
       5
      11
       7
       2
       2
       6
       9
       3
       3
       4
       7
      13
       5
       3
       3
       5
       4
       6
      11
       1
       4
       3
       8
       7
       4
       3
       7
       5
       8
       4
       4
       8
       8
       4
       2
       4
       5
       2
       6
       9
       3
       3
       3
       5
       3
       4
       5
       5
       8
       5
       4
       4
       3
       2
       3
       7
       9
       4
       6
       5
      12
       4
       5
       3
       2
       3
       6
       4
       4
       2
       4
       2
       3
       4
       8
       2
       7
       4
       4
       6
       3
       6
       5
       5
       2
       5
       5
       6
       4
       0
       5
       6
       6
       3
       5
       9
       5
       2
       4
       4
       6
       3
       7
       7
       1
       2
       4
       4
       7
       4
       4
       7
       9
       4
       4
       3
      10
       3
       1
       2
       2
      12
       5
       4
       4
       7
       6
       3
       5
       3
       4
       5
       3
       7
       9
       4
       1
       8
       3
       4
       3
       4
       6
       7
       6
       2
       3
       4
       6
       3
       6
       7
       7
       2
       6
       7
      11
       8
       1
       5
       4
       7
       8
       5
       7
       4
       7
       5
       4
       9
       6
       5
       3
       4
       2
       5
       3
       2
       9
       8
       9
       3
       6
       4
       5
       7
       5
       5
       6
       6
       3
       2
       7
       5
       5
       8
       5
       7
       3
       6
       2
       5
       5
       8
       7
       7
       7
       4
       0
       6
       3
       4
       3
       4
       0
       6
       3
       3
       6
       0
       8
       2
       5
       9
       3
       6
       3
       6
       5
       6
       2
       7
      11
       2
       6
       9
       6
       4
       9
       7
       4
       3
       3
       3
       1
       8
       7
       1
       6
       6
       1
       2
       4
       5
       8
       5
       3
       4
       4
       8
       6
       6
       8
       8
       7
      10
      12
       5
       9
       3
      10
       2
       3
       6
       0
       8
       7
       4
       6
       5
       6
       6
       3
       5
       4
      10
       4
       7
       3
       5
       6
       3
       6
       8
       0
      11
       6
       4
       5
       3
       1
       4
      10
       4
       7
       4
       8
       6
       3
       8
       4
       7
       3
       6
       7
       5
       6
       4
       2
       0
       7
       8
       4
       8
       8
       6
       5
       6
       7
       9
       2
       4
       5
       3
       6
       4
       5
       5
       5
       1
       4
       5
       8
       6
       7
       4
       4
       8
       4
       7
       5
       5
       5
       2
       4
       7
       5
       9
       2
       2
       4
       2
       5
       6
       3
       7
       2
       5
       3
       5
       5
       6
       3
       4
       2
       5
       4
       6
       3
       7
       4
       2
       6
       8
       4
       6
       4
       5
       3
       2
       6
       9
       9
       1
       6
       6
       5
       4
       6
       7
       4
       7
       5
       6
       4
       2
       5
       6
       2
       4
       6
      14
      10
       4
       6
       6
       6
       8
       4
       5
       3
       5
       3
       7
       2
       4
       5
       5
       3
       4
       8
       5
       8
       5
       4
       4
       4
       5
       3
       4
       4
       5
       5
      10
       1
       4
       6
       5
       4
       5
       5
       6
       5
       8
       5
       6
       6
       3
       8
       7
       6
       8
       3
       4
       4
       4
       6
       4
       9
       6
       3
       1
       9
       7
       4
       3
       6
       5
       3
       7
       4
       4
       5
       6
       4
       9
       6
       3
       2
       6
       6
       3
       2
       3
       1
      10
       5
       3
       3
       6
       5
       5
       5
       6
       8
       4
       5
       2
       5
       3
       4
      11
       8
       4
       3
       6
       3
       2
       7
       4
       6
       8
       3
      10
       3
       5
       5
       7
       2
       4
       5
       4
       5
       5
       9
       9
       4
       2
      10
       5
       2
       7
       3
       2
       9
       3
       8
       6
       5
       6
       5
       5
       1
       8
       5
       6
       8
       5
       3
       4
       3
       5
      12
       5
       3
       7
       7
       8
       3
       2
       6
       6
       6
       5
       6
       4
       5
       7
       5
       3
       7
       6
       7
       2
       7
       2
       6
       7
       6
       3
       7
       6
       6
       3
       6
      12
       5
       6
       7
       7
       2
       2
       4
       4
       4
      10
       6
       4
       3
      10
       5
       8
       8
       6
       8
       4
       6
       3
       5
       2
       5
       5
       4
       4
       6
       7
       9
       6
       4
      10
       6
       0
       6
       3
       4
       3
       3
       6
       8
       8
       4
       6
       4
      13
       5
       9
       4
       6
       4
       9
       4
       3
       6
       5
       5
      11
      10
       5
      10
      11
       8
      10
       3
       8
       1
       8
       8
       2
       4
       7
       4
      10
       3
       7
       6
       5
       8
       3
       9
       4
      13
      11
       5
       2
       8
       8
       4
       5
       8
       6
       3
       2
       3
       8
       7
       9
       6
       6
       6
       4
       1
       5
       8
       5
       7
       6
       3
      10
      11
       6
       3
       8
       6
      10
      10
       8
       2
       6
       2
       2
       4
       2
       4
       6
       5
       5
       8
       4
       9
       2
       7
      10
       6
       8
       7
       2
       3
      14
       3
       4
       7
       1
       9
       5
       3
       6
       5
       9
       7
       9
       7
       5
       8
       7
       2
       8
       5
       7
       9
       5
       8
       6
       6
      12
       4
       7
       9
       4
       8
      15
       2
       3
       9
       2
       8
       8
       5
       4
       4
       6
       5
       7
      11
       8
       5
       4
       4
       8
       3
       6
      12
       8
       9
       5
      11
       8
       7
       7
       6
       3
       8
       3
       8
       9
      11
      10
       7
       8
      10
       9
       8
       7
       6
       4
      11
       8
       7
       6
       7
       9
      11
      11
       9
       6
       3
       9
       2
       9
       7
       7
       7
       8
       5
       8
       8
       5
       8
      10
      13
       6
       7
       7
       2
       6
       7
       3
       9
       7
       9
       3
       8
       4
       8
       9
       6
       6
       5
       2
       7
       8
       6
       5
       2
       9
      10
      10
       6
       4
       5
       7
       6
       8
       4
      11
       8
       6
      13
       5
       2
      11
       6
       5
       0
       0
       0
       0
       0
       0
       0
       0
       0
       0
       0
       0
       0
       0
       0
       0
       0
       0
       0
       0
       0
       0
       0
       0
       0
       0
       0
       0
       0
       0
       0
       0
       0
       0
       0
       0
       0
       0
       0
       0
       0
       0
       0
       0
       0
       0
       0
       0
       0
       0
       0
       0
       0
       0
       0
       0
       0
       0
       0
       0
       0
       0
       0
       0
       0
       0
       0
       0
       0
       0
       0
       0
       0
       0
       0
       0
       0
       0
       0
       0
       0
       0
       0
       0
$ROI:
1
712 830
$PRESETS:
None
0
0
$ENER_FIT:
-23.656767 2.297974
$MCA_CAL:
3
-2.365677E+001 2.297974E+000 2.836717E-005 keV
$SHAPE_CAL:
3
0.000000E+000 0.000000E+000 0.000000E+000
