$SPEC_ID:
No sample description was entered.
$SPEC_REM:
DET# 1
DETDESC# DESKTOP-I499GD2 Easy-MCA-2k SN 18191655
AP# Maestro Version 7.01
$DATE_MEA:
02/28/2024 14:28:34
$MEAS_TIM:
75 76
$DATA:
0 2047
       0
       0
       0
       0
       0
       2
       6
      17
     172
     102
     109
     123
     133
     177
     181
     175
     171
     174
     192
     194
     189
     172
     151
     153
     149
     168
     195
     204
     242
     358
     383
     407
     493
     584
     552
     385
     318
     241
     254
     292
     298
     333
     350
     387
     424
     512
     553
     561
     654
     659
     724
     814
     919
    1006
     951
     946
     898
     942
    1004
    1149
    1500
    2075
    2858
    3904
    4467
    4390
    3781
    2727
    1764
    1122
     677
     426
     358
     330
     293
     301
     308
     287
     287
     311
     285
     285
     282
     268
     302
     271
     315
     278
     290
     336
     356
     325
     365
     345
     304
     282
     304
     244
     233
     227
     205
     236
     222
     194
     195
     216
     231
     195
     209
     213
     185
     181
     217
     190
     208
     213
     201
     174
     179
     179
     169
     175
     184
     176
     191
     157
     181
     177
     156
     143
     147
     177
     160
     154
     151
     132
     164
     158
     140
     137
     145
     128
     125
     139
     132
     118
     116
     138
     136
     121
     126
     131
     112
     121
     108
     115
     126
     103
      90
     136
     133
     126
     118
     102
     127
     108
      92
      99
     113
     108
      99
     113
      93
     117
     105
      74
     130
     108
      77
      96
     103
      98
     108
      90
      98
      77
      89
      83
      87
      90
      92
      98
      81
      89
      96
     106
      77
      72
      87
      74
      70
      78
      86
      93
      75
      62
      94
      90
      70
      74
      76
      97
      86
     109
      91
     117
     122
     125
     142
     152
     162
     177
     181
     182
     187
     206
     209
     243
     244
     178
     201
     226
     207
     204
     208
     177
     182
     144
     131
     136
     109
     113
      84
      80
      66
      68
      64
      67
      44
      49
      48
      52
      55
      49
      53
      50
      59
      52
      53
      49
      45
      62
      48
      37
      47
      60
      52
      59
      43
      44
      51
      57
      49
      63
      57
      44
      51
      45
      64
      41
      58
      67
      51
      34
      46
      45
      45
      39
      49
      43
      63
      50
      33
      47
      42
      49
      45
      55
      31
      37
      46
      40
      56
      52
      42
      63
      35
      44
      49
      50
      44
      35
      48
      53
      57
      46
      60
      46
      48
      40
      41
      47
      50
      54
      44
      58
      55
      47
      51
      50
      48
      53
      47
      39
      34
      37
      38
      39
      33
      40
      41
      51
      40
      44
      37
      48
      30
      44
      48
      39
      38
      34
      39
      52
      52
      47
      53
      36
      33
      42
      47
      53
      30
      48
      38
      46
      34
      48
      43
      41
      49
      44
      35
      27
      34
      36
      28
      42
      29
      28
      32
      22
      35
      37
      41
      33
      31
      35
      28
      41
      30
      34
      35
      44
      36
      32
      46
      47
      34
      43
      38
      35
      41
      33
      41
      31
      25
      33
      31
      35
      36
      26
      34
      36
      41
      30
      30
      33
      31
      33
      31
      31
      29
      36
      31
      36
      28
      32
      25
      43
      43
      26
      30
      27
      18
      32
      26
      35
      22
      23
      27
      32
      26
      37
      23
      18
      26
      30
      33
      39
      33
      38
      29
      32
      22
      28
      32
      26
      31
      31
      29
      35
      35
      37
      27
      27
      36
      26
      28
      34
      36
      30
      24
      38
      32
      37
      35
      40
      43
      36
      28
      30
      36
      32
      39
      39
      30
      35
      40
      18
      38
      39
      26
      31
      31
      28
      35
      41
      28
      31
      21
      31
      29
      28
      30
      25
      29
      28
      30
      29
      33
      21
      33
      18
      24
      31
      28
      23
      34
      21
      29
      31
      38
      38
      29
      44
      26
      27
      34
      32
      37
      36
      32
      42
      24
      27
      23
      40
      31
      26
      29
      35
      33
      37
      39
      27
      38
      35
      27
      37
      31
      28
      35
      36
      40
      36
      38
      37
      33
      51
      43
      35
      30
      48
      28
      39
      31
      33
      36
      32
      40
      39
      36
      37
      32
      33
      29
      30
      36
      38
      26
      22
      30
      25
      34
      30
      31
      31
      36
      24
      34
      32
      33
      35
      36
      40
      16
      31
      36
      40
      39
      28
      40
      32
      29
      37
      38
      33
      35
      26
      36
      39
      37
      20
      42
      43
      36
      32
      35
      34
      32
      37
      33
      39
      27
      31
      26
      40
      34
      25
      29
      35
      44
      36
      37
      28
      40
      35
      31
      33
      41
      36
      30
      26
      22
      36
      30
      32
      31
      39
      26
      36
      28
      32
      33
      22
      29
      24
      30
      41
      31
      26
      16
      17
      27
      18
      21
      18
      28
      19
      17
      24
      19
      20
      12
      11
      22
      22
      19
      21
      22
      21
      23
      19
      17
      20
      13
      14
      15
      16
      19
      23
      22
      22
      16
      16
      23
      18
      21
      22
      29
      15
      24
      21
      24
      20
      23
      18
      13
      17
      18
      13
      14
      16
      18
      13
      20
      18
      15
      17
      19
      14
      20
      18
       7
      17
      21
      17
       9
      22
      23
      25
      23
      14
      33
      32
      27
      22
      35
      44
      32
      55
      42
      36
      53
      46
      64
      57
      59
      57
      64
      78
      83
      70
      84
      76
      87
      97
     108
      90
     105
     100
     101
     105
      98
     107
      91
      91
     103
      92
     102
      84
      95
      74
      72
      66
      68
      68
      72
      63
      71
      65
      50
      49
      49
      40
      42
      35
      29
      35
      30
      15
      21
      28
      24
      18
      24
      21
      17
      20
      18
       9
      18
       9
      11
      18
       9
      11
      13
      15
      11
      11
      14
      12
      15
       7
       8
       6
       9
      11
      10
      12
      12
      14
       7
      12
      11
      12
      10
       6
       8
      16
       7
      13
      11
       8
       5
      12
      12
      11
       7
       9
       9
      12
      15
       9
       5
       7
      11
       5
       6
       7
      12
       9
       9
       3
      11
       9
       6
       9
      11
       7
      15
      14
       7
       8
      12
       5
      11
      12
       9
      21
       4
       5
      15
      12
      13
       8
      11
      11
      14
      10
      11
      10
      15
       8
       7
       7
      13
      12
      14
       8
      15
      13
       8
       9
      10
       9
       9
       6
      11
      10
      12
      10
      11
       8
      13
      11
       5
      12
       8
      14
      10
       6
       7
       8
       9
      15
       6
       7
       9
       8
      10
       9
       8
       6
      13
      12
       7
       4
      10
      11
      15
       9
      10
       9
       8
       5
       9
      10
      11
      10
       9
       9
       9
      12
      11
      12
       6
      10
       2
       9
      13
       8
       9
       6
       7
       8
       7
       6
      12
      10
       4
       6
      11
       3
       7
      14
      10
      12
       8
       7
       7
      10
       8
       9
      13
       5
      10
       7
       5
      14
      11
      10
      12
       3
       9
      13
       6
       8
       5
       9
       6
       7
      13
       6
      11
      13
      12
      10
      11
       8
      12
      12
      11
      14
       7
       9
       3
      10
      10
      10
       7
       5
      11
      11
       5
       3
       7
      10
       9
       6
      10
       5
      10
       4
       4
      11
       8
       9
      12
      14
      10
       8
       4
       7
      11
      13
       5
       7
       5
       6
       7
      14
       4
       6
       6
       6
       5
       7
       4
       6
       6
       5
       6
       6
       5
       9
       7
       8
       8
       6
       8
       5
       9
       8
       9
       5
       2
       3
      11
       7
       8
      11
       8
      13
      12
       8
       8
       7
       5
       7
       6
       6
       8
       3
       8
       6
       8
      16
       9
      10
      11
       6
      10
       6
      10
      10
       6
       8
       5
       6
       6
       6
       4
       8
       7
       8
       6
       4
       6
      10
       9
      13
       7
       7
      10
       9
       8
      12
       6
       8
       9
       7
       7
       9
       5
       7
      10
      10
      10
      11
       9
       8
      12
       6
      12
       6
      10
      11
      11
      10
       6
       6
       6
      10
       6
       8
       7
       4
       8
       7
       7
      13
       5
      14
      10
       6
       9
       9
      13
       6
       7
       6
       7
       7
      11
       9
       5
       9
      12
       2
       5
       8
       9
       9
      10
      11
       6
       4
       4
       8
       7
       5
      14
       7
       9
       7
      13
       6
       6
      12
       4
       7
       5
       3
      10
       4
       7
       8
       9
       7
       6
      10
       7
       2
       3
       8
      13
       8
       6
       7
       8
       3
       8
       9
       8
       8
       9
       7
       5
       9
       7
       9
      11
       9
       4
       7
      12
       7
       7
       6
       7
       7
       6
       7
       6
       4
       5
      10
       6
      12
      11
       5
       8
      14
      11
       5
       8
       7
       4
       6
       9
      12
       3
      13
       7
       7
       7
       7
      13
       5
      10
       4
      14
       5
       9
       7
      10
      11
       8
      12
      13
       7
      12
      11
      13
      11
      12
      13
      15
       6
       7
       8
      11
       5
      12
       8
      11
       8
      12
      12
       7
       6
       4
      10
       6
      10
       8
       9
       7
       6
       4
       9
       6
       7
       8
      10
       9
       9
      10
       7
       5
       4
       5
       7
       8
      10
       6
       7
      12
       7
       9
       4
      10
      11
       6
       8
       8
       8
       8
      15
       6
      11
       6
       3
       6
      13
       8
       6
       6
       5
       7
       6
       9
       2
       3
      10
      13
      14
      10
       6
      10
       2
       4
       8
      14
       9
       7
       6
       4
       4
       6
       7
       9
       6
       9
       6
       5
      10
      12
       7
      11
       8
       3
       7
       7
      14
       6
      10
       5
      15
       9
       5
      14
       8
       7
       5
       9
       5
      15
       9
      13
      10
       9
       7
      15
       7
      10
       6
      10
       6
       5
       8
       8
       9
       4
       8
      13
       2
       7
       9
      11
       7
       4
       8
      14
      10
       6
       4
       6
       6
       9
       8
       7
      10
       9
       2
       8
      13
       9
      11
       7
      12
       4
      10
       9
      10
      10
       3
       5
      10
      11
       5
       5
       7
       5
       7
       7
      10
       8
       7
       5
       7
      10
       8
       8
       8
       9
      12
      10
       9
      11
       5
       4
       9
      10
       5
       7
       8
       3
       7
       7
       7
       6
       5
       8
       5
       7
       7
       6
       7
       4
      10
       5
       8
       6
       9
       7
       7
      10
       3
      12
       6
       8
       9
       6
       7
       5
       6
       8
       9
       9
       7
       9
       6
       6
       4
       9
       5
       5
      12
       5
       7
       9
       9
       9
       8
       6
       8
       6
       7
      11
       6
       8
       6
       9
       6
       9
       5
       6
       9
       6
       6
       8
       9
       6
       5
       5
      11
      12
       6
       9
       5
      11
       4
       6
      10
       6
       5
       2
       4
       8
       4
       6
      11
      12
       2
       4
       8
       9
       9
       8
      13
       5
       8
       8
       7
      11
       6
       8
      10
       3
       9
      11
       8
       6
       9
      12
      11
       3
       7
      10
      10
       6
       8
      10
      12
       8
       7
       6
       6
       3
       5
       9
       4
       6
       5
       8
       9
       5
       4
       8
      12
       7
       4
       7
      10
      15
       6
       7
       9
       4
      14
       9
       8
       9
      12
       5
      10
       8
       9
       9
       2
      16
       4
      16
       9
       8
       7
       6
      10
      12
      11
      11
       6
      11
       8
       9
       9
       4
       8
       9
       8
      13
      10
       6
       6
       9
      14
      11
       4
       7
      10
       7
       7
       4
      10
       7
      14
       8
       9
      12
       5
       8
      10
       9
      10
      10
       7
      10
       8
      10
       4
      16
       8
       9
       6
       9
       8
       9
       5
       8
      10
       5
       8
       9
      14
      12
      10
       8
      10
      12
      11
       5
      10
      10
       8
      14
      12
       9
      13
      11
       8
       8
       7
      13
       8
       9
       6
       8
       8
       8
       8
       5
      12
       8
       9
       7
       6
       6
      13
      11
      13
       6
      10
      12
      10
       7
      17
       9
       7
       4
       8
       7
       9
      11
      10
       9
      10
      10
      12
       8
       9
       7
       6
      10
      11
      10
       5
       6
       4
       9
       8
      11
       4
      12
       6
       8
       9
       5
       9
       6
       7
       5
      13
       8
       4
      10
      11
       6
       9
      12
      10
      12
      14
       9
       8
      13
       9
      10
      11
      15
      10
      11
      12
       5
      15
       7
      11
       7
      12
       7
      12
      10
       8
      10
       6
      10
       7
      11
       5
       7
       8
       9
       9
       8
      11
      14
      12
      11
       7
      14
       9
       9
       8
      15
       5
      10
      13
       4
       6
       9
       8
       9
      12
       9
       7
      12
       8
       6
      12
       9
      11
      10
       9
      12
      14
      14
       9
      12
       7
      11
       7
      11
      14
       9
      10
      11
       8
      11
      17
      11
       4
      11
       6
       9
      12
       9
      10
       8
      13
      11
      11
       6
      14
       8
       9
      13
      12
      15
      10
      10
      11
      12
      10
      10
      17
       8
      18
       6
      10
       7
       9
      15
       7
       8
       7
       5
       7
      12
      10
       2
       6
      11
      12
      10
      11
       5
       9
       9
      13
      12
      16
       6
      16
       6
       5
      10
       7
      11
       9
      11
      11
      14
      13
      10
      10
       5
      17
       5
       8
       8
       7
       7
      12
       9
      17
       9
      10
       7
       7
      10
      13
      12
       8
      12
       8
      10
      10
       9
      11
      13
      15
      11
      10
       4
      12
      12
      12
       7
      11
      18
       4
       8
      14
       7
      10
      11
       7
      11
       7
      18
      11
       1
       0
       0
       0
       0
       0
       0
       0
       0
       0
       0
       0
       0
       0
       0
       0
       0
       0
       0
       0
       0
       0
       0
       0
       0
       0
       0
       0
       0
       0
       0
       0
       0
       0
       0
       0
       0
       0
       0
       0
       0
       0
       0
       0
       0
       0
       0
       0
       0
       0
       0
       0
       0
       0
       0
       0
       0
       0
       0
       0
       0
       0
       0
       0
       0
       0
       0
       0
       0
       0
       0
       0
       0
       0
       0
       0
       0
       0
       0
       0
       0
       0
       0
       0
$ROI:
1
712 830
$PRESETS:
None
0
0
$ENER_FIT:
-23.656767 2.297974
$MCA_CAL:
3
-2.365677E+001 2.297974E+000 2.836717E-005 keV
$SHAPE_CAL:
3
0.000000E+000 0.000000E+000 0.000000E+000
