$SPEC_ID:
No sample description was entered.
$SPEC_REM:
DET# 1
DETDESC# DESKTOP-I499GD2 Easy-MCA-2k SN 18191655
AP# Maestro Version 7.01
$DATE_MEA:
02/28/2024 14:30:56
$MEAS_TIM:
68 69
$DATA:
0 2047
       0
       0
       0
       0
       0
       2
       6
      12
     130
      96
      89
     111
     101
     117
     156
     141
     129
     160
     157
     150
     158
     170
     145
     138
     125
     154
     163
     186
     261
     270
     344
     376
     466
     515
     465
     361
     226
     230
     243
     255
     275
     299
     295
     352
     374
     410
     462
     503
     549
     596
     697
     735
     851
     907
     866
     831
     856
     821
     889
    1068
    1405
    1878
    2623
    3521
    4074
    4046
    3413
    2434
    1658
     990
     512
     400
     348
     322
     318
     272
     317
     279
     243
     289
     268
     249
     251
     274
     232
     248
     270
     271
     297
     326
     298
     305
     282
     311
     261
     280
     241
     230
     198
     229
     219
     225
     203
     202
     205
     211
     201
     192
     176
     188
     193
     190
     198
     178
     155
     161
     168
     149
     177
     149
     155
     183
     159
     168
     152
     156
     154
     141
     190
     139
     133
     138
     155
     153
     137
     127
     133
     140
     174
     148
     127
     117
     127
     128
     120
     154
     109
     109
      93
     119
     115
     142
     103
     126
     111
     124
      96
     129
     100
     106
      89
      89
     103
      81
      97
     103
      76
      87
      87
     100
      78
      81
      80
      94
      88
      82
      89
      93
      83
      86
      81
      77
      81
      77
      86
      87
      71
      65
      77
      80
      85
      81
      62
      72
      89
      70
      90
      86
      71
      71
      70
      65
      86
      73
      89
      67
      67
      63
      79
     103
      92
      91
      83
      87
      94
     109
     121
     127
     132
     146
     146
     161
     150
     177
     181
     182
     187
     208
     202
     227
     205
     196
     185
     190
     165
     175
     169
     156
     127
      97
     106
      99
      79
      63
      70
      52
      57
      52
      57
      56
      50
      33
      47
      40
      49
      52
      52
      58
      46
      44
      62
      35
      61
      51
      41
      49
      53
      55
      50
      57
      33
      35
      51
      42
      40
      42
      42
      50
      56
      52
      46
      32
      30
      39
      43
      49
      39
      36
      54
      43
      36
      37
      49
      46
      42
      34
      31
      35
      40
      39
      38
      43
      38
      50
      49
      34
      39
      43
      32
      48
      37
      40
      37
      38
      43
      44
      40
      46
      46
      36
      35
      41
      38
      32
      37
      45
      40
      44
      35
      39
      37
      38
      36
      49
      31
      36
      34
      45
      36
      36
      40
      37
      36
      37
      36
      36
      39
      17
      29
      36
      22
      23
      27
      37
      39
      27
      40
      26
      40
      32
      43
      34
      33
      34
      37
      30
      35
      42
      43
      33
      32
      37
      29
      30
      27
      35
      22
      39
      28
      30
      34
      36
      40
      29
      31
      30
      32
      28
      27
      31
      37
      23
      29
      29
      24
      24
      28
      33
      42
      33
      21
      26
      29
      24
      28
      39
      29
      36
      30
      27
      30
      30
      34
      18
      36
      30
      30
      30
      22
      24
      26
      29
      23
      23
      23
      20
      26
      37
      25
      18
      37
      27
      22
      33
      25
      19
      21
      29
      32
      29
      27
      29
      32
      27
      27
      36
      30
      23
      23
      25
      29
      33
      31
      28
      27
      27
      27
      26
      16
      29
      25
      27
      27
      31
      20
      34
      19
      27
      31
      26
      30
      30
      29
      30
      31
      30
      34
      26
      41
      26
      27
      23
      34
      41
      34
      32
      31
      22
      36
      25
      22
      32
      35
      22
      28
      41
      24
      32
      33
      24
      36
      26
      20
      29
      35
      25
      29
      25
      25
      20
      23
      25
      23
      36
      31
      30
      23
      29
      24
      26
      35
      31
      19
      28
      26
      27
      25
      34
      27
      22
      26
      25
      29
      24
      25
      30
      26
      32
      29
      22
      28
      23
      36
      35
      29
      29
      32
      33
      30
      37
      37
      32
      29
      34
      39
      29
      28
      26
      44
      30
      27
      35
      24
      32
      32
      26
      24
      22
      34
      23
      35
      33
      34
      34
      22
      25
      26
      33
      31
      22
      33
      30
      24
      29
      21
      23
      31
      25
      25
      26
      27
      25
      27
      27
      25
      24
      27
      37
      30
      38
      20
      20
      27
      21
      37
      32
      29
      26
      29
      20
      31
      28
      39
      27
      30
      39
      24
      28
      30
      33
      28
      43
      24
      31
      24
      32
      33
      27
      31
      32
      22
      38
      27
      32
      37
      32
      35
      26
      34
      24
      27
      25
      35
      25
      23
      29
      31
      39
      31
      32
      28
      28
      26
      24
      23
      21
      37
      27
      27
      15
      20
      26
      18
      24
      26
      25
      29
      15
      16
      22
      15
      20
      32
      16
      16
      10
      24
      20
      20
      19
      19
      14
      22
      16
      17
      22
      18
      17
       8
      13
      26
      18
      21
      19
      14
      17
      14
      27
      16
      21
      13
      17
      14
      14
      17
       8
      18
      13
      13
       9
      13
      17
      15
       9
      11
      13
      17
      17
       7
      12
       7
      23
      22
      16
      23
      16
      17
      15
      19
       9
      21
      20
      18
      25
      16
      21
      29
      29
      27
      39
      35
      34
      34
      33
      49
      44
      51
      47
      62
      65
      56
      81
      78
      65
      67
     105
      76
      67
     108
      90
     102
      95
      93
      89
      95
      80
      93
      89
      92
      95
      84
      88
      89
      84
      68
      70
      56
      71
      66
      62
      50
      35
      47
      58
      41
      38
      30
      43
      33
      35
      28
      24
      22
      26
      17
      17
      20
      19
      11
      14
      18
      16
      17
      24
      19
       6
      15
      12
      11
       8
       9
      10
       9
      12
       9
       9
      10
       8
       5
       7
       8
       7
       5
       7
       9
      11
       9
       5
      11
       5
       9
      11
       6
       9
      13
      10
       5
       8
       8
       9
       8
       6
       9
      12
       9
       9
       8
       7
       6
      13
      10
      10
      15
       6
       9
      12
       8
      11
      14
       6
      12
       7
      10
       6
      10
      10
       9
      13
      10
       9
      12
       8
      11
      10
       8
      10
      12
       5
       8
      13
      12
       9
       9
       8
       6
       6
       1
      11
       6
       9
      12
       8
       7
      10
       9
      13
       8
       8
      11
       9
       9
       8
       6
      14
       7
       5
       7
      14
       8
       8
      12
       6
      10
       5
       8
       5
       8
       9
       6
      10
      11
       9
       4
      10
       6
       9
      10
       3
      12
       9
       6
      12
       9
      11
      11
       8
      10
       7
       6
       5
      11
       7
       5
       8
       9
       5
       9
       8
       9
       3
      12
       8
       6
       5
       5
       9
       7
      10
       8
       7
       6
       5
      15
       9
       7
      13
       8
       5
      11
       7
       9
      10
      10
       4
      12
       4
      10
       8
       8
       9
       4
       7
      10
       6
      10
       8
      14
       9
      10
       7
       3
       7
      12
       6
      14
      10
       5
       8
      10
       8
      11
      11
      14
      13
       6
       6
       8
       5
       7
       7
       8
      10
       9
       8
       4
       7
       6
       5
       9
       0
       6
       6
       6
       5
       5
       7
       4
       7
       5
       7
       4
       7
       5
       8
       4
       6
       6
       8
       6
       9
       7
       7
       7
      10
       6
       7
       7
       3
       2
      10
       6
       6
       7
       3
       9
      10
       5
       9
       8
      11
       8
       4
       7
       4
       5
       6
       6
       5
      10
       6
      12
       3
       5
       6
       9
       6
      15
      12
       5
      10
       6
       2
       5
       5
       6
       5
       9
       9
      13
       6
      13
       7
       8
       3
       6
       9
       8
      12
      11
       7
      12
       7
      11
       9
      11
       8
      11
       6
      10
       4
      12
       6
       8
       6
       9
       9
      10
       3
      12
       6
       5
       9
       6
      14
       8
      11
       8
      11
       8
       4
      12
       6
       6
       6
       7
       7
      11
      12
       6
       6
       7
       8
      11
       5
       4
      12
      10
       5
      13
      11
       9
       8
      11
       9
       7
      13
       9
       3
       8
       3
       8
       6
       7
      13
      14
       5
       6
      13
       7
       5
       6
       8
       4
      11
       7
       7
      11
       4
      10
       7
       5
       9
       8
       3
       5
       4
      10
      13
      12
       4
       7
       7
       3
      10
       9
       6
       9
       3
       3
       8
       8
       3
      10
       9
       9
       9
       5
       8
       3
       8
       5
       9
      12
       3
       7
       2
       6
       9
      11
       7
       9
       3
       9
      11
       8
       7
       5
       8
       7
       7
       6
       8
       4
       7
       3
       9
       9
       5
       6
       9
       3
       5
       9
       8
       7
       7
       3
       4
       8
       6
       8
       7
       5
       9
       7
       4
       6
       5
       6
       5
       7
       7
       5
      10
       9
       8
       6
       4
       5
       9
       8
       4
       6
       4
       5
      10
       5
       6
       2
       6
       2
       4
       8
       7
       6
       9
      14
       8
       6
       8
       7
       5
       5
       5
       8
       7
       9
       8
       5
       5
       6
       7
       7
       5
       4
       3
      12
       6
       7
       9
       5
       8
       7
       6
       2
       4
       6
       9
       3
       6
       8
       5
       6
       8
       9
       8
       2
       4
       9
       5
       6
       9
       9
       9
       8
       4
      12
       5
       7
       5
       5
       5
      19
       3
      13
       7
       8
      11
       8
       7
      17
       7
       8
       8
       6
       6
       6
       9
      11
       9
       7
       9
       9
       6
       8
       6
       7
       5
       5
      10
       2
       7
       8
       8
       7
       8
       6
      10
       8
       9
       8
      11
       7
       9
       7
       9
       4
       8
      13
       5
       9
       9
       5
       7
       8
       7
       8
       6
      11
       6
       7
       8
       4
      11
       8
       8
       5
       9
      10
       7
      10
      15
       8
       5
       4
       7
       9
       3
      10
       6
       5
      10
      10
      10
       2
       9
      10
       8
       6
       5
      10
       8
      13
       3
       7
       4
      10
       8
       8
       4
       4
       3
       8
       7
       5
       9
       7
       9
       6
       4
      13
      12
       6
       7
       2
       7
       6
       9
       8
       3
       6
       6
       5
       5
       8
       3
       6
       4
       7
      12
       5
      10
       2
       5
       6
       5
       5
       7
       9
       8
       6
       3
       3
       8
       8
       8
      10
       4
       6
      10
       6
       6
       4
       5
       9
       7
       8
       7
       9
       6
      10
      11
       8
       4
       4
       5
       3
       6
       4
       4
       3
       4
      11
       7
       7
       4
       6
       5
       9
       2
       7
      11
       5
       6
       7
       4
       5
       6
       6
       7
       7
       4
       6
       5
       5
      10
       9
       7
      15
       6
       7
      12
       4
       4
       8
       9
       5
       9
       8
       7
       3
       9
       7
      10
      12
      11
       7
       7
       5
      10
       4
       8
       8
       6
       7
       7
       4
       6
       8
       9
       7
      10
      11
       5
      10
       5
      11
       7
      10
       7
       9
       7
       6
       8
       8
       4
       4
       2
      12
       9
       6
       9
      12
       5
       5
       7
       6
      10
       9
       6
      12
       7
      12
       6
      11
       1
       9
      13
       6
       7
      10
      10
       7
       2
       7
       6
       4
      11
       9
       8
       2
       5
      12
      10
       8
       5
       9
       9
       5
       4
       8
       9
      11
       5
       7
       7
      10
       6
       9
       4
      11
       9
       8
       4
       6
      10
       7
       7
      11
       6
       3
       8
      11
       6
       9
       6
      12
       6
       9
       9
       6
       7
       4
       8
      11
      10
       9
       9
       9
       5
       5
       6
       6
       6
       8
       5
       6
       7
      10
       6
       3
       7
       6
      15
       7
       4
       9
       9
       9
      10
       7
       3
       6
       9
       4
       9
      11
       7
       7
       8
      11
       5
      10
      10
      11
       9
      10
      17
       6
       2
       4
       4
       9
       5
       9
       6
      10
       8
       3
       4
      12
       8
       7
      12
      11
       8
       3
       4
      11
       7
       7
       9
       9
       9
       6
       5
       5
      11
      11
       5
       5
      11
       9
      14
       9
       4
       4
       7
       4
       5
       9
       9
       9
       8
      14
       8
       4
       6
      13
      13
       7
      11
       5
       7
      12
       9
       7
       7
       6
      11
       9
       5
       6
       7
       4
      10
      12
       9
       7
      10
       6
      10
       8
       9
       7
      12
       7
       5
       5
      11
       8
       6
      10
       8
       6
       5
       9
       9
       5
       7
      12
      10
      10
       4
       4
       5
       6
       8
       8
      14
      15
      10
       5
      10
       4
       8
       8
       8
       8
       6
       7
       8
       7
      12
       5
       9
      10
      11
       7
       6
       6
       7
      15
       5
       7
      11
      16
       8
      16
      13
      13
      13
       9
      13
      11
      11
      18
      12
      12
       9
       7
      12
       5
       6
      12
      13
       6
      17
       6
      12
      10
      16
       7
       8
       8
       4
      13
       8
       6
       8
       8
      10
      10
       9
      13
       9
      12
      10
      12
       5
       7
      12
       8
       7
       8
       9
       5
       9
       7
      11
       8
      13
      13
      13
       8
       7
      12
       9
      10
       6
       7
       9
       6
      14
      11
      10
       9
       6
       7
       3
       7
       6
      14
      10
      10
       7
       6
       5
      10
       4
       7
       7
       9
      10
       8
       9
       5
       4
      13
       7
      11
       9
      11
      12
       8
      10
       5
       7
       8
      11
       6
      14
       7
       8
       9
       6
       8
       9
      12
       6
      14
       9
       6
       9
      10
       8
       6
       3
      10
       9
       9
       5
       5
      10
       0
       0
       0
       0
       0
       0
       0
       0
       0
       0
       0
       0
       0
       0
       0
       0
       0
       0
       0
       0
       0
       0
       0
       0
       0
       0
       0
       0
       0
       0
       0
       0
       0
       0
       0
       0
       0
       0
       0
       0
       0
       0
       0
       0
       0
       0
       0
       0
       0
       0
       0
       0
       0
       0
       0
       0
       0
       0
       0
       0
       0
       0
       0
       0
       0
       0
       0
       0
       0
       0
       0
       0
       0
       0
       0
       0
       0
       0
       0
       0
       0
       0
       0
       0
$ROI:
1
712 830
$PRESETS:
None
0
0
$ENER_FIT:
-23.656767 2.297974
$MCA_CAL:
3
-2.365677E+001 2.297974E+000 2.836717E-005 keV
$SHAPE_CAL:
3
0.000000E+000 0.000000E+000 0.000000E+000
