$SPEC_ID:
No sample description was entered.
$SPEC_REM:
DET# 1
DETDESC# DESKTOP-I499GD2 Easy-MCA-2k SN 18191655
AP# Maestro Version 7.01
$DATE_MEA:
02/28/2024 14:35:09
$MEAS_TIM:
70 71
$DATA:
0 2047
       0
       0
       0
       0
       0
       2
       3
       8
     163
      99
     111
     121
     124
     114
     127
     152
     136
     165
     153
     158
     160
     140
     137
     179
     141
     169
     144
     208
     236
     330
     359
     361
     443
     526
     491
     354
     234
     234
     213
     245
     260
     315
     346
     315
     384
     470
     483
     548
     597
     638
     709
     798
     888
     919
     888
     871
     826
     896
     884
    1053
    1408
    1896
    2684
    3639
    4136
    4116
    3524
    2398
    1657
    1021
     636
     456
     318
     308
     303
     295
     279
     268
     289
     318
     294
     276
     281
     261
     260
     248
     280
     274
     303
     311
     301
     313
     294
     278
     319
     285
     245
     223
     234
     225
     224
     217
     174
     201
     225
     221
     214
     183
     229
     186
     201
     192
     175
     194
     174
     199
     173
     173
     181
     160
     167
     166
     154
     182
     180
     144
     150
     171
     142
     142
     158
     153
     136
     147
     146
     146
     138
     138
     124
     148
     150
     121
     125
     117
     134
     136
     121
     115
     135
     123
     127
     127
     106
     114
     118
     110
     122
      96
      96
      95
     114
     105
      99
      97
      86
      96
      92
      95
      82
      90
      94
      87
      91
      95
      99
      87
      78
      72
      90
      95
      88
      91
      86
      78
      96
      80
      70
      81
      85
      75
      82
      95
      64
      88
      83
      76
      52
      68
      86
      82
      81
      96
      77
      88
      84
      73
      63
      81
      86
      91
      93
      84
      86
      95
     111
     125
      96
     107
     124
     131
     147
     165
     166
     172
     173
     209
     199
     224
     202
     228
     208
     209
     198
     187
     173
     173
     171
     142
     124
     125
     101
      99
      84
      62
      69
      48
      56
      54
      61
      51
      46
      46
      44
      43
      58
      51
      50
      58
      51
      73
      41
      50
      56
      50
      50
      45
      44
      51
      47
      47
      58
      51
      57
      59
      37
      41
      44
      45
      44
      51
      52
      35
      38
      46
      39
      40
      36
      33
      49
      44
      44
      44
      46
      36
      56
      43
      37
      37
      49
      49
      34
      49
      42
      57
      38
      37
      35
      30
      26
      28
      34
      47
      40
      47
      44
      41
      35
      35
      35
      39
      42
      36
      34
      48
      48
      36
      46
      37
      40
      38
      36
      37
      40
      45
      37
      41
      33
      48
      47
      33
      39
      32
      36
      35
      48
      35
      40
      33
      38
      36
      39
      35
      37
      45
      35
      28
      28
      30
      32
      42
      36
      42
      34
      42
      38
      38
      27
      38
      41
      37
      37
      46
      26
      38
      33
      30
      36
      37
      34
      31
      34
      34
      37
      27
      27
      38
      39
      37
      33
      30
      22
      29
      30
      30
      47
      31
      26
      36
      29
      39
      28
      43
      40
      26
      31
      31
      28
      28
      29
      27
      35
      27
      21
      37
      24
      24
      31
      28
      42
      31
      31
      29
      31
      27
      40
      38
      21
      28
      34
      30
      25
      36
      30
      25
      32
      23
      30
      18
      22
      20
      32
      22
      26
      26
      23
      29
      25
      35
      36
      28
      33
      31
      27
      21
      33
      21
      29
      23
      32
      37
      30
      35
      27
      28
      25
      33
      26
      27
      24
      20
      39
      27
      29
      17
      29
      42
      29
      37
      29
      33
      43
      32
      30
      31
      29
      32
      30
      29
      28
      36
      39
      27
      27
      38
      35
      44
      42
      35
      38
      32
      34
      25
      24
      37
      21
      16
      38
      32
      26
      30
      41
      20
      25
      24
      24
      21
      33
      29
      28
      20
      16
      30
      23
      31
      31
      30
      18
      22
      22
      36
      28
      39
      28
      29
      27
      28
      23
      28
      26
      24
      32
      26
      32
      45
      29
      30
      38
      31
      36
      28
      27
      31
      35
      35
      34
      32
      30
      31
      32
      28
      43
      46
      36
      23
      37
      25
      26
      35
      30
      25
      30
      27
      26
      37
      28
      30
      28
      33
      17
      28
      47
      25
      34
      23
      26
      36
      20
      26
      35
      23
      18
      27
      33
      29
      30
      24
      25
      24
      36
      31
      27
      34
      38
      34
      37
      33
      31
      32
      27
      24
      27
      34
      20
      31
      37
      38
      26
      37
      32
      32
      32
      42
      30
      33
      26
      35
      35
      29
      39
      33
      33
      31
      32
      25
      26
      35
      25
      40
      48
      24
      28
      33
      35
      33
      35
      35
      36
      19
      30
      24
      26
      33
      21
      27
      30
      30
      26
      23
      28
      24
      28
      24
      23
      27
      22
      24
      20
      19
      23
      11
      18
      18
      22
      15
      19
      21
      23
      12
      22
      19
      28
       9
      11
      16
      19
      20
      23
      12
      20
      16
      12
      21
      18
      17
      16
      13
      18
      25
      17
      10
      18
      23
      13
      11
      15
      18
      15
      17
      10
      22
      17
      23
      11
      15
      13
      12
      25
      19
      11
      15
       8
      10
      19
      15
      17
      14
      22
      20
      10
      11
      16
      19
      20
      16
      26
      20
      23
      25
      33
      28
      39
      47
      46
      51
      42
      44
      48
      57
      55
      54
      64
      60
      63
      88
      84
      85
      67
      99
      97
     112
      84
      91
      98
      75
     112
      94
      83
      82
      81
      80
      87
      91
      80
      72
      62
      70
      71
      60
      77
      51
      52
      36
      50
      48
      47
      30
      31
      26
      23
      29
      24
      34
      20
      20
      23
      15
      20
      15
      15
      18
      12
       9
      12
      15
      13
      10
      15
      16
      12
      10
      10
       9
       7
       6
       5
      15
       5
       6
       9
       5
      17
      14
      11
       7
       5
      12
       8
       7
      13
       7
       9
       7
       7
      16
       8
      12
       9
       5
      10
      10
       7
      11
      13
      10
      11
      11
      11
       6
      10
       9
       7
      14
      10
       9
      10
       6
       1
      12
      12
      12
      11
       6
       8
      11
       7
      12
       7
       9
       7
       8
       4
      14
       8
      14
       9
      11
      10
       3
      13
       9
      11
       8
       5
       7
      12
       7
       4
       9
       9
       6
      14
       7
       3
       5
       2
       8
      11
       7
      11
       8
       8
      11
       8
       5
       9
      11
       7
      11
       8
       4
       7
       6
       2
       8
       8
       9
       4
       8
       7
       4
       7
      15
      10
       5
       8
      14
      10
       4
       4
       7
      12
       8
      12
       4
       7
      11
      13
       8
       7
      10
       8
      12
       6
      15
       6
       4
       9
      11
       8
      11
       9
       7
       8
       8
       6
       4
       9
       3
      13
      11
       4
       5
      13
      10
       7
       7
       8
       7
       5
       8
       6
      10
       9
       9
       7
       6
       4
       5
      10
       8
       9
       8
      10
       7
       4
      11
      16
       5
       6
       4
      11
      11
       5
       8
       3
      11
       4
       7
       9
       8
       9
      12
       8
       9
       9
       6
       5
       7
       9
       8
       6
       7
      10
      11
       7
       4
       4
       6
       5
      10
       9
      12
      13
       7
       7
       3
       7
       8
       3
       5
       6
       6
       9
       5
       7
       9
      15
       8
       7
       9
       2
       8
       6
      13
       7
       7
      14
       8
       8
       3
      12
      10
       2
       8
       8
       8
       7
       6
       5
      11
       8
       6
       8
       8
       2
       8
       7
      13
       6
       5
       6
      10
      10
       6
       6
       9
       3
       5
      10
       6
       7
       6
       7
      11
       8
      11
       4
      11
      13
       7
       6
       8
       4
       6
      11
       7
      10
       5
       4
      10
      12
       7
      11
       7
       4
      11
       5
      10
       4
      10
       8
       9
       8
       7
       6
       5
       5
       6
      11
       9
      10
       8
       8
       6
       8
       5
      12
       8
       5
       6
       6
       7
       8
       7
      16
       5
       9
       7
      11
       8
       6
       9
       5
       9
      10
      11
       2
      12
       9
      10
       8
       7
       6
       7
       4
       7
       6
       6
       7
      11
       7
      10
       7
      10
      11
      11
       5
       8
      13
       9
      10
       7
       8
       7
       5
       9
      11
       7
      11
       8
       8
      14
       8
       3
      14
      12
       7
       7
       8
       7
       4
       6
      10
       8
       4
       6
      11
       5
       6
       6
      11
       7
       2
       7
       6
       6
       8
       4
       8
       7
      10
       7
       6
      10
       6
       7
      12
       7
      10
       5
      10
       7
      13
       7
       7
       5
       4
       9
       5
       4
       8
      10
       6
       6
       7
      14
       8
       8
       6
       9
      10
       8
       3
       7
       7
       4
      12
       3
      16
       3
       6
      10
       7
      17
       7
       6
       4
       9
       5
       9
       6
       6
       8
       8
       5
       6
      11
       7
       3
      11
      10
      10
       1
      12
       7
       8
       7
       5
       6
       5
       9
       4
       6
       6
       7
       5
       4
       5
      12
       8
       7
       5
       7
       5
       5
      10
       5
       4
       1
       7
      10
       7
       7
       9
       3
      10
       8
       5
       9
       6
      10
       8
       3
       4
       5
       4
       4
       6
      11
       3
      10
       5
       6
       8
       5
      10
       5
       5
      11
       4
       6
       6
       5
      16
      12
       3
       7
       4
       2
       4
       9
      10
      10
       3
       7
       7
       7
      10
       3
      11
       8
       5
       8
      13
       7
      11
       7
      17
      10
      10
      14
       7
       6
      10
       3
       6
       7
       8
      14
      10
       8
      12
       5
       9
      11
       7
       4
      12
       6
       8
       8
       8
       5
       9
      12
       4
       4
       6
       7
      10
      12
       7
      10
       7
       4
      12
       7
       7
       5
      10
      10
       5
       6
       7
      12
      12
       6
       8
       9
       7
       9
       5
       8
       8
       8
       8
       5
       4
      12
       4
      10
       8
      10
       7
       6
       5
       7
       6
      10
      10
       5
      10
       5
       8
       8
       9
       8
       6
      10
       4
       6
       7
       7
       6
       3
       5
      13
       7
       6
       7
      10
       5
       4
       7
       4
      11
       6
       9
       9
       8
      12
       8
       6
       7
       6
       9
       7
      10
       1
       8
       5
       4
      10
      10
       6
       5
       7
       7
       6
       5
       5
      11
       5
       6
      10
       6
       9
       7
       6
       2
       8
      10
       4
       4
       8
       9
       9
       6
       9
       6
       4
       7
       7
       6
       7
       9
       4
       5
       8
       6
       5
       7
       9
       5
       7
      10
      10
       8
       9
       1
      10
       7
       4
       5
       6
       8
      12
       6
       9
       3
       8
       5
       9
       3
       7
       4
       6
       6
       7
       5
      10
       5
       6
       7
       5
       9
       4
       4
      13
       6
       5
       6
       4
       5
       5
       7
      11
       9
       4
       6
       8
       4
       4
       4
       9
       2
       6
      12
       6
      10
       8
      10
       6
       9
       8
      10
       5
       4
       8
      12
      11
       8
       6
       3
       6
       4
       7
       6
       9
      12
       7
       9
       8
       6
       7
       3
       8
       7
      12
       9
      11
       6
       5
       6
       7
       4
       8
       6
       8
       6
      12
      11
      11
      10
       5
       5
       8
       9
       9
       5
       5
       4
       5
      13
      13
      15
       7
       8
       5
      10
       4
      10
      11
       8
       5
       3
       8
       8
      13
       8
      10
       5
       4
       5
      10
       9
      12
      11
       6
       7
       9
       2
       5
      13
       6
      14
      11
       5
      10
       7
       6
       6
       8
       1
       6
       8
      10
       8
      11
       3
      13
       8
       9
      14
      10
       6
       8
      10
      10
       4
       5
       4
       8
       9
       7
       8
      10
       7
      11
       7
       5
       7
       5
       8
      10
       5
       9
       6
      11
       9
       6
       8
       2
       2
       6
       8
       9
       3
      10
       7
      10
       5
       9
       9
       6
       6
       9
      15
      10
       7
       4
       5
       7
       8
       5
      15
       7
       5
      10
       7
       7
       8
       8
       6
       5
       5
      10
      11
       9
      12
       6
       4
      12
       2
      13
      11
      11
       5
       8
      11
       4
      10
       5
       9
       5
      12
       3
       5
       1
       8
       6
      18
       9
       8
       6
       7
       6
       7
       3
       9
       7
       6
      14
       7
       7
       6
       3
      12
      13
       9
       4
       8
       6
      11
       8
       3
      12
       8
       9
       6
      11
       9
      13
       4
       8
      12
       7
       8
       7
      10
      10
      10
       7
      12
       7
       1
      12
       9
       6
       6
       6
      11
       7
       5
       8
      11
      12
      13
       9
       8
       8
       1
      10
      13
      10
      10
       5
       5
      11
      11
      19
      13
      10
      11
       9
      10
       7
       9
      11
      10
       6
      10
      12
       6
      14
      14
       4
      14
      17
       9
      11
      11
      13
      12
      10
       7
       9
       8
      13
       8
       9
      14
       5
      12
      15
      12
       7
      15
      11
       7
      10
      14
      17
       8
      11
      12
      11
       8
       5
      13
       8
       7
       9
      11
       9
      10
      10
      11
       4
       5
      18
      10
      16
       8
      17
      15
       8
      12
      12
       9
      12
       8
      14
       7
       8
       9
       9
       8
      13
      13
      12
       6
       9
      10
      12
      10
       7
       8
       5
      12
      12
       9
       9
      11
       6
       8
       8
       8
       9
       8
       6
       9
      14
      11
       7
       8
       7
       9
       6
      10
       7
      10
      11
       6
      11
      13
      10
      12
       9
       7
       7
       3
       6
       9
       3
       9
      11
       6
       6
       9
       9
      12
       6
       2
       1
       0
       0
       0
       0
       0
       0
       0
       0
       0
       0
       0
       0
       0
       0
       0
       0
       0
       0
       0
       0
       0
       0
       0
       0
       0
       0
       0
       0
       0
       0
       0
       0
       0
       0
       0
       0
       0
       0
       0
       0
       0
       0
       0
       0
       0
       0
       0
       0
       0
       0
       0
       0
       0
       0
       0
       0
       0
       0
       0
       0
       0
       0
       0
       0
       0
       0
       0
       0
       0
       0
       0
       0
       0
       0
       0
       0
       0
       0
       0
       0
       0
       0
       0
$ROI:
1
712 830
$PRESETS:
None
0
0
$ENER_FIT:
-23.656767 2.297974
$MCA_CAL:
3
-2.365677E+001 2.297974E+000 2.836717E-005 keV
$SHAPE_CAL:
3
0.000000E+000 0.000000E+000 0.000000E+000
