$SPEC_ID:
No sample description was entered.
$SPEC_REM:
DET# 1
DETDESC# DESKTOP-I499GD2 Easy-MCA-2k SN 18191655
AP# Maestro Version 7.01
$DATE_MEA:
02/28/2024 15:10:39
$MEAS_TIM:
104 105
$DATA:
0 2047
       0
       0
       0
       0
       0
       0
       4
       5
     120
      82
     109
      94
     126
     122
     120
     120
     146
     148
     193
     179
     170
     144
     149
     145
     129
     150
     171
     214
     311
     414
     425
     462
     600
     742
     667
     428
     242
     243
     254
     274
     282
     371
     350
     401
     507
     554
     620
     662
     724
     842
     966
    1000
    1160
    1235
    1204
    1147
    1177
    1046
    1231
    1463
    1942
    2849
    3973
    5403
    6172
    5963
    5020
    3518
    2243
    1178
     673
     445
     329
     318
     286
     279
     281
     261
     283
     290
     274
     242
     235
     236
     252
     237
     260
     279
     310
     296
     309
     320
     317
     307
     327
     228
     234
     212
     199
     200
     165
     167
     155
     179
     165
     156
     138
     151
     122
     166
     116
     133
     147
     140
     145
     149
     133
     124
     129
     145
     128
     129
     117
     113
     137
     119
      98
     141
     115
      86
     111
      77
     108
      93
     104
     104
     100
     101
     101
      97
     100
      93
      84
      90
      98
      76
      87
      83
      79
      86
      88
      62
      92
      66
      91
      61
      85
      86
      64
      66
      57
      70
      57
      60
      64
      61
      58
      66
      62
      68
      52
      53
      41
      55
      55
      55
      50
      45
      49
      53
      58
      69
      61
      49
      51
      53
      51
      65
      52
      39
      49
      47
      56
      40
      40
      45
      53
      59
      45
      52
      41
      66
      44
      41
      53
      72
      63
      45
      60
      59
      64
      62
      85
      80
      73
      98
      91
     106
      94
      89
     119
     117
     115
     122
     133
     130
     129
     110
     138
     121
     131
     108
     148
     152
     118
     106
     104
      94
      83
      73
      73
      65
      47
      48
      42
      41
      26
      28
      30
      32
      27
      27
      35
      31
      32
      27
      31
      29
      25
      30
      23
      27
      33
      31
      41
      25
      29
      15
      24
      25
      27
      32
      26
      37
      36
      38
      35
      35
      19
      38
      30
      31
      24
      25
      37
      20
      26
      23
      26
      26
      20
      24
      18
      15
      25
      19
      18
      27
      26
      27
      23
      27
      26
      20
      22
      19
      14
      18
      21
      19
      15
      19
      22
      20
      25
      25
      20
      17
      17
      23
      17
      10
      21
      20
      29
      17
      23
      22
      25
      17
      17
      18
      19
      22
      20
      16
      24
      17
      19
      13
      16
      19
      20
      20
      19
      20
      28
      18
      16
      21
      25
      26
      30
      20
      23
      18
      19
      15
      23
      22
      19
      34
      23
      22
      19
      23
      18
      21
      23
      11
      23
      29
      19
      20
      14
      20
      12
      18
      27
      18
      14
      15
      20
      12
      24
      20
      17
      13
      15
      11
      11
      16
      18
      23
      15
      10
      15
      21
       9
       8
      10
      13
      17
      19
      15
      14
      13
      22
      14
      10
      20
      14
       9
      19
       7
      15
      17
      16
      12
      14
      10
      10
      15
      14
      11
      12
      12
      15
      14
       7
       9
      11
      14
      11
       1
      12
      13
      15
      14
      15
      13
       9
      11
      18
      11
      13
      15
      19
      11
      12
      19
       9
      13
      16
      15
      13
      16
      13
      15
      13
      11
      21
      13
      24
      19
      15
      11
      26
      14
      18
       7
      14
      23
      14
      19
      21
       7
      20
      15
      31
      20
      15
      24
      26
      18
      18
      19
      25
      21
      20
      14
      21
      26
      20
      14
      11
      17
      21
      12
      17
      18
      14
      24
      15
      12
      17
      16
      14
       7
      15
      13
      12
      11
      11
       6
       9
      17
      13
      13
       8
      14
      12
      10
      15
       6
      18
       8
      10
      10
      10
      10
      13
       7
      10
       4
      11
      16
      19
      12
      15
      14
      14
      12
       9
      11
      12
      18
      11
      19
      10
       5
      21
      16
      10
       9
      14
      13
       5
       9
       9
      19
      14
      11
       5
      17
      14
      17
      12
       8
      17
       9
      14
      10
       7
       9
      11
       7
      10
      10
       9
      10
       7
       7
      13
      10
       7
      14
      11
       6
      11
      12
       9
       9
      10
      13
       7
      13
       6
       4
      13
      11
      11
       9
       5
       9
      12
       7
       9
       9
      17
       9
      13
       9
      13
      10
      16
       9
      14
      15
      20
      19
      14
      11
       9
      11
      12
      15
      16
      10
      17
      14
      18
      11
      18
      15
      14
      12
      16
      17
      15
      14
       7
      14
      10
      15
      10
       6
       9
      10
       9
      18
      12
      10
      13
       6
       9
       8
      14
       9
      14
      14
      10
       8
       6
       8
       5
       7
       6
       7
       7
      10
       7
       7
       7
       6
       2
       8
      11
      10
      12
       7
       4
       5
       7
      11
       5
       9
       9
       4
       4
      11
       9
       2
       6
       4
       6
       7
       8
       4
      15
       6
       8
       9
       8
       8
       8
       4
       4
       9
      10
      11
       4
      10
       6
       5
       3
       9
       8
       9
       8
       5
      10
       5
       5
       8
       2
       4
       6
       7
       8
       4
       6
      12
       9
       6
       4
       6
       6
      11
      15
      14
       9
      14
      11
      13
      12
      19
      19
      21
      20
      20
      20
      26
      19
      22
      21
      21
      18
      28
      20
      21
      23
      16
      17
      14
      21
      23
      24
      20
      22
      19
      15
      27
      18
      27
      20
      15
      15
      10
      20
      13
      14
      11
      11
       9
       9
      13
       8
       5
       3
       7
      11
      10
       3
       1
       7
       9
       6
       3
       4
       4
       5
       7
       8
       6
       8
      10
       9
       5
       5
       1
       6
       5
       4
       5
       5
       4
       4
       1
       3
       6
       2
       7
       2
       5
       2
       6
       4
       7
       5
       6
       5
       9
       7
       8
       9
       3
       5
       4
       3
       6
       2
       3
       4
      10
       5
       8
      10
       2
       4
       5
       6
      11
       7
       1
       4
       3
       8
       5
       8
       3
       5
       4
       5
       5
       5
       4
       5
       4
       4
       5
       8
       6
       2
       4
       5
       6
       2
       2
       3
       2
       3
       3
       3
       2
       8
       6
       5
       4
       1
       6
       6
       5
       6
       4
       5
       6
       4
       5
       6
       8
       2
       8
       5
       5
       6
       5
       2
       7
       5
       3
       4
       2
       3
       3
       7
       4
       6
       3
       7
       4
       8
       4
       2
       5
       5
       5
       5
       5
       6
       5
       8
       3
       2
       5
       2
       5
       0
      13
       3
       7
       7
       1
       4
       3
       2
       5
       4
       3
       3
       2
       6
       3
       4
       5
       3
       2
       2
       4
       5
       5
       7
       4
       6
       6
       6
       4
      10
       4
       4
       6
       8
       4
       7
       6
       3
       4
       8
       3
       5
       2
       3
       9
       4
       7
       2
       3
       3
       3
       5
       6
       7
       8
       7
       4
       7
       5
       4
       4
       8
       5
       7
       8
       4
       3
       2
       3
       6
       1
       4
      11
       2
       2
       6
       3
       6
       6
       0
       3
       6
       6
       4
       3
       7
       4
       5
       3
       1
       2
       4
       8
       1
       2
       3
       3
       4
       3
       3
       5
       6
       6
       3
       7
       6
       2
       5
       6
       5
       4
       4
       4
       5
       3
       5
       3
       2
       2
       4
       5
       6
       4
       3
       1
       7
       5
       9
       1
       4
       4
       4
       5
       4
       5
       3
       9
       2
       2
       4
       7
      15
       7
       1
       1
       4
       4
       3
       2
       7
       0
       4
       4
       5
       3
       3
       1
       9
       5
       3
       2
       2
       3
       8
       1
       3
       4
       6
       4
       7
       3
       3
       0
       9
       6
       6
       7
       7
       7
       6
       7
       5
       7
       4
       4
       3
       5
       5
       1
       3
       5
       4
       8
       3
       5
       3
       6
       2
       2
       5
       6
       3
       3
       7
       5
       4
       6
       4
       9
       5
       4
       9
       8
       4
       5
       3
       4
       3
       5
       2
       2
       1
       4
       4
       2
       4
       5
       7
       2
       4
       1
       2
       1
       2
       3
       5
       4
       4
       1
       0
       6
       7
       6
       7
       7
       5
       5
       1
       5
       4
       6
       2
       6
       3
       4
       5
       5
       6
       3
       4
       4
       4
       2
       6
       5
       4
       4
       3
       2
       4
       4
       9
       5
       8
       6
       1
       6
       6
       4
       2
       5
       3
       2
       3
       2
       2
       6
       4
       6
       4
       1
       3
       3
       7
       3
       4
       8
       6
       3
       8
       8
       4
       4
       6
       5
       4
       3
       4
       7
       5
       1
       8
       6
       4
       5
       3
       3
       4
       4
       3
       6
       2
       7
       3
       5
       6
       5
       4
      11
       9
       4
       4
       4
       3
       6
       3
       6
       5
       3
       3
       6
       4
       1
       3
       4
       2
       4
       4
       3
       5
       5
       2
       4
       3
       8
       2
       5
       3
       5
       5
       4
       2
       6
       6
       5
       6
       3
       4
       7
       2
       5
       3
       6
       3
       2
       2
       5
       7
       6
       1
       5
       5
       6
       2
       3
       4
       4
       4
       2
       1
       3
       4
       7
       7
       8
       5
       6
       2
       7
       7
       2
       3
       5
       3
       4
       2
       4
       6
       1
       4
       6
       3
       5
       3
       5
       6
       5
       3
       5
       5
       5
       2
       0
       3
       4
       3
       3
       3
       4
       3
       4
       4
       4
       3
       4
       4
       5
       4
       3
       1
       2
       5
       5
       3
       3
       4
       1
       6
       6
       3
       4
       2
       4
       4
       2
       2
       7
       4
       6
       6
       4
       6
       9
       5
       1
       4
       3
       8
       3
       6
       6
       5
       4
       8
       4
       7
       2
       7
       4
       4
       4
       6
       5
       2
       4
       6
       2
       2
       1
       5
       6
       5
       6
       3
       4
       3
       5
       2
       6
       3
       2
       3
       3
       3
       9
       7
       7
       6
       6
       7
       8
       4
       8
       2
       4
       2
       4
       7
       4
       2
       3
       8
       4
       5
       3
       4
       4
       4
       6
       8
       4
       0
       4
       8
       6
       4
       7
       4
       2
       4
       6
       3
       6
       0
       3
       3
       1
       2
       3
       5
       4
       5
       8
       2
       6
       7
       3
       2
       7
       4
       1
       5
       8
       7
       1
       6
       3
       3
       3
       4
       5
       4
       7
       6
       2
       4
       4
       2
       4
       3
       5
       1
       3
       4
       3
       4
       2
       5
       3
       1
       3
       5
       8
       6
       5
       3
       3
       4
       5
       8
       5
       4
       7
       6
       5
       3
       4
       5
       8
       1
       4
      14
       3
       5
       4
       4
       6
       3
       5
       1
       3
      10
       2
       4
       6
       6
       1
       5
       8
       4
       8
       7
       3
       2
       5
       6
       5
       3
       5
      11
       2
       3
       3
       8
       7
       5
       3
       2
       8
      10
       2
       2
       4
       7
       6
       8
       3
       5
       4
       7
       1
       2
       5
       4
       3
      10
       6
       4
       5
       2
       5
       3
       2
       7
       3
       6
       4
       2
       6
       4
       4
       4
       3
       4
       5
       7
       9
       5
      13
       3
       7
       0
       7
       4
       8
       9
       4
       5
       3
       1
       7
       5
       8
      12
       8
       8
       8
       3
       8
       6
       8
      10
       4
       6
       5
       6
       7
       8
       2
       5
       5
       5
       3
       3
       5
       2
       1
       4
       4
       9
       5
       3
       3
       7
       2
       9
      10
       6
       4
       5
       4
       4
       5
       5
       7
      10
       5
       3
       5
       8
       8
       3
       6
       6
       6
       3
       3
       5
       3
       4
       5
       3
       6
       7
       7
       7
       7
       8
       2
      10
       5
      10
       7
       5
       1
       7
       4
       1
       6
       5
       1
       6
       3
       3
       1
       5
       9
       4
       5
       8
       5
       2
       3
       7
       0
       4
       2
       3
       7
       6
       3
       5
       6
       6
       5
       3
       4
       7
       9
       4
       6
       5
       7
       3
       4
       4
       5
       7
       2
       3
       7
       3
       8
       5
       3
       8
       6
       3
       1
       3
       5
       3
       6
       5
       5
       6
       5
       5
       5
       3
       6
       4
       4
       8
       4
       5
       8
       4
       3
       5
       4
       7
      10
       5
       3
       4
       3
       4
       5
       7
       6
       7
       9
       8
       3
       3
       5
       2
       5
       3
       6
       3
       5
       5
       4
       6
       8
       5
       3
       7
       4
       5
       4
       6
       7
       5
       2
       6
       8
       4
       2
       5
       5
       4
       7
       5
       6
       3
       0
       3
       4
       4
       5
       4
       4
       5
       6
       4
       5
       7
       6
       4
       3
       5
       6
       7
       2
       3
       4
       5
       7
       6
       6
       5
       9
       6
       6
       9
       8
       2
       7
       7
       6
      10
       6
       6
       5
       4
       8
       5
       3
       3
       6
      10
       5
       4
       8
       6
       5
       6
       5
      15
       4
       6
       9
       5
       6
       5
       5
       3
       9
       3
       5
       4
       3
       5
       5
       4
      11
       7
       6
       7
       3
      10
       3
       3
       6
       1
       6
       7
       6
       5
       4
       6
       5
       6
       6
       4
       9
       5
       4
       4
       4
       8
       4
       3
       7
       5
       6
       3
       3
       6
       6
       9
       2
       3
       6
       5
       1
       5
      10
       2
       7
       4
       5
       9
       7
       0
       7
       9
       5
       7
       2
       2
       2
       7
       0
       0
       0
       0
       0
       0
       0
       0
       0
       0
       0
       0
       0
       0
       0
       0
       0
       0
       0
       0
       0
       0
       0
       0
       0
       0
       0
       0
       0
       0
       0
       0
       0
       0
       0
       0
       0
       0
       0
       0
       0
       0
       0
       0
       0
       0
       0
       0
       0
       0
       0
       0
       0
       0
       0
       0
       0
       0
       0
       0
       0
       0
       0
       0
       0
       0
       0
       0
       0
       0
       0
       0
       0
       0
       0
       0
       0
       0
       0
       0
       0
       0
       0
       0
$ROI:
1
712 830
$PRESETS:
None
0
0
$ENER_FIT:
-23.656767 2.297974
$MCA_CAL:
3
-2.365677E+001 2.297974E+000 2.836717E-005 keV
$SHAPE_CAL:
3
0.000000E+000 0.000000E+000 0.000000E+000
