$SPEC_ID:
No sample description was entered.
$SPEC_REM:
DET# 1
DETDESC# DESKTOP-I499GD2 Easy-MCA-2k SN 18191655
AP# Maestro Version 7.01
$DATE_MEA:
02/28/2024 15:24:20
$MEAS_TIM:
111 112
$DATA:
0 2047
       0
       0
       0
       0
       0
       2
       2
       6
     104
      82
      91
     104
     133
     126
     128
     141
     156
     163
     196
     167
     177
     139
     155
     147
     153
     143
     172
     215
     323
     422
     417
     509
     678
     776
     657
     436
     268
     271
     280
     297
     313
     330
     393
     475
     514
     553
     632
     677
     809
     852
     979
    1104
    1222
    1283
    1274
    1170
    1128
    1165
    1346
    1605
    2149
    2940
    4331
    5703
    6624
    6475
    5254
    3740
    2363
    1309
     733
     488
     344
     320
     310
     318
     305
     316
     282
     272
     253
     261
     244
     269
     245
     250
     279
     288
     301
     292
     320
     365
     340
     323
     255
     247
     207
     210
     177
     185
     156
     187
     157
     168
     177
     137
     173
     157
     138
     177
     148
     136
     138
     122
     138
     138
     143
     110
     131
     124
     130
     134
     120
     113
     119
     110
     117
      95
     117
     111
      92
     106
     123
     114
     109
     106
     116
      78
      91
     109
      97
      88
      98
      97
      67
      89
      94
      91
      85
      79
      86
      84
      91
      65
      68
      56
      76
      89
      80
      65
      80
      69
      62
      64
      78
      74
      68
      58
      56
      65
      53
      56
      63
      54
      52
      56
      49
      54
      55
      51
      59
      50
      45
      52
      61
      58
      58
      42
      53
      43
      45
      52
      63
      35
      48
      48
      47
      46
      42
      50
      52
      46
      40
      51
      44
      60
      57
      69
      65
      68
      72
      58
      78
      82
      86
      87
      99
     110
     105
      88
     110
     100
     116
     116
     116
     108
     147
     134
     131
     118
     117
     119
     121
     112
     104
      79
      97
      77
      78
      58
      49
      64
      41
      43
      41
      33
      45
      25
      28
      24
      32
      35
      31
      27
      30
      31
      25
      32
      31
      28
      32
      34
      30
      25
      23
      23
      25
      27
      34
      38
      25
      40
      24
      28
      30
      33
      26
      21
      30
      36
      14
      23
      22
      27
      15
      26
      30
      21
      19
      17
      27
      14
      31
      22
      34
      27
      21
      23
      12
      21
      21
      20
      22
      15
      24
      21
      19
      11
      25
      10
      17
      23
      11
      14
      29
      17
      20
      18
      25
      10
      30
      16
      18
      17
      24
      14
      15
      19
      17
      22
      19
      22
      20
      19
      23
      15
      19
      13
      21
      22
      15
      18
       8
      19
      19
      19
      23
      22
      22
      27
      18
      26
      16
      21
      14
      24
      18
      17
      19
      15
      30
      21
      24
      26
      24
      16
      18
      21
      17
      17
      13
      19
      16
      32
      20
      18
      20
      18
      16
      12
      21
      16
      21
      10
      22
      17
      23
      11
      18
      19
      24
       9
      12
      14
      12
      20
      14
      10
      12
      22
      13
      10
      16
      18
      14
      16
      16
      10
      10
      10
      13
      15
      10
       8
      13
       8
      12
      11
      10
       9
      14
      14
       8
      14
       8
      10
      14
      10
      14
      14
       8
      10
       4
      12
      13
      12
      14
      10
      14
       6
      11
      11
      11
      12
      12
       7
       7
      12
      12
      10
      15
       9
       7
      17
      15
       9
      13
      14
       6
       6
      12
       9
      10
      13
      15
      12
      10
      18
      16
      29
      13
      16
      20
      16
       9
      19
      16
      13
      18
      26
      27
      20
      22
      20
      26
      24
      23
      20
      15
      11
      16
      24
      13
      14
      13
      10
      14
      17
      16
      20
      16
      16
      17
       5
       7
      18
      12
      12
      11
      11
      11
      10
      11
       8
       9
      14
      12
       9
      14
      11
       7
       8
      10
      12
      14
       7
      11
       9
      13
       6
      13
      12
      11
      12
      13
       7
      12
       7
       4
       9
       7
      18
      10
       8
      10
       9
      17
       8
       7
       9
       8
       7
      13
       8
      14
      10
      14
       8
      10
      10
      13
       5
       5
       3
       8
       8
       6
       5
       5
       8
      10
       9
       4
       7
      14
      11
       6
      12
      12
       9
       9
      11
      10
       9
       6
       5
       4
       6
       8
      13
      14
       9
       9
       5
      10
       6
       5
      11
      10
       6
      10
       8
       5
       9
       8
       9
       4
       7
      10
       6
       7
       9
      10
      12
       9
       9
      12
      17
       5
      11
      10
      12
      13
       9
      13
      12
      15
      11
       5
      10
       9
      14
      12
      14
      17
      11
      15
      12
      11
      12
       9
       8
       8
      11
       8
      12
      10
      14
      11
      17
       8
       6
       8
       8
       7
       7
      11
       8
       9
       4
       8
       4
       7
       6
       5
       8
       4
       2
       6
       5
      10
       5
       7
       6
      11
       2
      10
      11
       6
       4
      10
       9
       7
       6
       3
       6
      10
       9
       4
       8
       8
       7
       4
      10
       3
      11
       6
       8
       5
       6
      10
       6
       7
       3
       8
       6
       8
       9
       6
       7
       5
       6
       3
       6
       7
       7
       6
       7
       9
      12
      10
       4
       3
       6
       3
       5
       8
       4
       6
       8
       5
       8
       8
       4
       6
       6
       9
       6
       6
       9
       8
      12
      10
       9
       8
       8
       8
      12
       7
       6
      13
      16
      19
       5
      14
      18
      15
      13
      18
      10
      13
       7
      17
      11
      10
      13
      13
      12
      12
      12
      12
       6
      15
       3
      15
       7
      12
       9
       9
       7
       5
       7
      13
      13
       5
       6
      10
       2
       5
       7
       8
       6
       3
       7
       3
       6
       6
       3
       5
       8
       5
       3
       8
       4
       4
       2
       1
      11
       5
       7
       4
       2
       4
       5
       4
       5
       3
       5
       5
       3
       6
       5
       6
       4
       3
       4
       3
       5
       8
       3
       5
       6
       2
       2
       4
       3
       2
       5
       3
       5
       0
       1
       9
       3
       6
       1
       4
       1
       2
       3
       4
       1
       3
       6
       2
       3
       6
       6
       6
       2
       2
       1
       9
       2
       6
       6
       2
       1
       5
       3
       3
       3
       5
       3
       3
       4
       4
       5
       1
       7
       2
       5
       4
       3
       3
       2
       7
       3
       3
       2
       3
       4
       6
       5
       1
       6
       7
       3
       1
       6
       2
       3
       9
       5
       3
       3
       4
       2
       4
       2
       2
       2
       2
       7
       6
       5
       6
       5
       3
       8
       5
       6
       2
       7
       4
       3
       3
       1
       2
       4
       4
       2
       3
       2
       1
       7
       7
       2
       3
       3
       5
       3
       3
       5
       5
       5
       6
       4
       8
       4
       5
       4
       2
      10
       3
       3
       4
       6
       2
       5
       3
       4
       9
       1
       2
       2
       3
       5
       2
       3
       2
       3
       5
       3
       5
       2
       5
       6
       5
       6
       6
       5
       3
       5
       3
       3
       3
       2
       4
       4
       1
       2
       4
       4
       6
       5
       4
       7
       2
       7
       1
       3
       3
       4
       4
       3
       6
       5
       5
       4
       4
       5
       5
       2
       3
       2
       3
       4
       1
       4
       1
       7
       6
       3
       1
       2
       5
       4
       3
       5
       7
       5
       2
       4
       2
       3
       8
       3
       5
       7
       5
       2
       1
       6
       4
       5
       1
       4
       6
       6
       5
       4
       2
       3
       4
       2
       6
       1
       3
       0
       4
       5
       2
       1
       1
       4
       3
       7
       3
       1
       2
       5
       3
       3
       2
       5
       5
       4
       4
       3
       0
       0
       3
       3
       3
       5
       4
       2
       3
       2
       6
       5
       1
       7
       2
       3
       8
       1
       5
       4
       6
       2
       3
       5
       9
       5
       1
       5
       4
       8
       8
       1
       4
       4
       8
       5
       2
       4
       6
       3
       3
       1
       4
       2
       3
       5
       4
       7
       5
       5
       4
       4
       5
       2
       6
       9
       7
       3
       1
       7
       3
       4
       1
       4
       3
       1
       3
       5
       2
       3
       3
       4
       6
       7
       2
       3
       7
       4
       4
       4
       5
       6
       3
       6
       5
       7
       2
       3
       2
       2
       4
       1
       9
       3
       5
       7
       3
       2
       4
       4
       1
       5
       7
       6
       2
       4
       6
       4
       5
       3
       3
       4
       5
       1
       4
       6
       6
       1
       5
       2
       4
       2
       6
       5
       5
       4
       6
       4
       2
       3
       6
       8
       4
       4
       5
       3
       3
       4
       5
       5
       3
       6
       7
       5
       6
       6
       5
       6
       5
       2
       5
       5
       4
       5
       5
       4
       3
       1
       1
       6
       3
       2
       6
       2
       3
       7
       3
       3
       1
       4
       4
       6
       6
       2
       3
       2
       5
       5
       4
       5
       4
       4
       7
       2
       4
       2
       6
       2
       2
       3
       2
       4
       7
       5
       9
       2
       4
       7
       3
       2
       6
       4
       3
       3
       2
       3
       3
       6
       4
       9
       3
       4
       2
       1
       6
       4
       2
       3
       3
       6
      10
       1
       3
       2
       2
       5
       2
       5
       4
       2
       4
       4
       2
       5
       5
       3
       3
       6
       5
       3
       7
       3
       5
       4
       2
       2
       6
       4
       2
       1
       2
       2
       3
       7
       3
       3
       6
       2
       2
       6
       5
       2
       4
       2
       4
       4
       3
       1
       4
       3
       1
       2
       6
       3
       3
       4
       2
       5
       4
       4
       1
       2
       2
       3
       1
       3
       3
       1
       2
       4
       5
       7
       4
       5
       3
       2
       3
       3
       5
       3
       7
       3
       4
       0
       9
       5
       1
       5
       6
       8
       0
       0
       7
       3
       1
       2
       5
       6
       3
       3
       7
       5
       2
       5
      10
       3
       4
       1
       3
       4
       6
       3
       4
       2
       7
       1
       4
       3
       2
       5
       5
       1
       5
       6
       4
       3
       5
       6
       8
       6
       4
       2
       2
       6
       1
       5
       2
       1
       5
       2
       7
       3
       4
       8
       4
       3
       2
       4
       3
       5
       8
       7
       6
       5
       2
      11
       2
       3
       7
       1
       3
       2
       2
       4
       2
       2
       8
       7
       7
       6
       3
       3
       5
       6
       6
       4
       7
       4
       2
       6
       3
       7
       5
       9
       4
       4
       3
       3
       2
       5
       3
       3
       2
       5
       7
       4
       2
       8
       7
       2
       2
       3
       5
       3
       5
       4
       6
       4
       2
       4
       3
       3
       7
       3
       2
       5
       5
       2
       3
       4
       8
       2
       2
       3
       6
       5
       4
       7
       5
       4
       3
       3
       3
       6
       4
       2
       7
       4
       5
       8
       3
       1
       2
       9
       6
       4
       2
       7
       5
       5
       1
       7
       5
       1
       5
       3
       1
       5
       3
       3
       1
       5
       4
       4
       4
       6
       3
       5
       3
       1
       4
       3
       6
       2
       4
       5
       2
       5
       6
       9
       2
       5
       3
       2
       7
       1
       3
       5
       1
       5
       4
       3
       3
       4
       3
       2
       4
       4
       3
       2
       4
       7
       7
       4
       5
       2
       3
       4
       7
       5
       4
       4
       0
       4
       6
       2
       4
       6
       6
       6
       4
       7
       4
       8
       1
       4
       2
       2
       2
      11
       5
       4
       4
       5
       2
       7
       4
       5
       5
       1
       5
       5
       5
       7
       5
       4
       5
       6
       4
       3
       3
       4
       6
       4
       6
       7
       7
       2
       4
      10
       6
       6
       3
       9
       3
       2
       5
       6
       8
       8
       8
       3
       3
       5
       7
       2
       8
       6
       5
       3
       7
       4
       5
       7
       3
       6
       4
       3
       7
       6
       2
       4
       5
       9
       4
       7
      10
       6
       7
       9
       4
      10
       7
       4
       3
       1
       4
       4
       5
       6
       3
       5
       5
       4
       2
       5
       8
       7
       7
       4
       9
       6
       4
       7
       4
       4
       0
       3
       6
       7
       5
       6
       1
       3
       4
       8
       0
       3
      10
       9
       3
       4
       3
       4
       4
       4
       5
       8
       2
       3
       2
       6
       7
       5
       5
       3
       4
       3
       3
       6
       7
       5
       7
       3
       5
       3
       4
       3
       9
       5
       5
       4
       7
       4
       5
       5
       5
       3
       4
       3
       5
       6
       5
       2
       2
       7
       7
       4
       6
       5
       3
       4
       2
       2
       7
       5
       4
       2
       3
       9
       3
       6
       3
       2
       5
      10
       3
       2
       3
       2
       6
       4
       6
       8
       7
       2
       5
       7
       4
       3
       4
       4
       6
       4
       1
       5
       3
       4
       3
       8
       5
       4
       6
       4
       2
       5
       5
       5
       8
       2
       2
       4
       8
       6
       7
       6
       4
       5
       5
       3
       4
       4
       6
       7
       4
       2
       4
       5
       2
       6
       3
       5
       4
       3
       4
      10
      12
       6
       4
       3
       5
       2
       3
       8
       4
       9
       2
       5
       8
       6
       3
       5
       4
       6
       4
       4
       6
       2
       2
       6
       9
       6
       5
       7
       7
       5
       9
       5
       9
       7
      18
       6
       5
       3
       6
       9
       6
       5
       0
       7
       6
       9
       3
       7
       5
       1
      10
       5
       4
       7
       7
       6
       7
       6
       8
       4
       2
       8
       5
       8
       4
       5
       7
       3
       5
       2
       6
      10
       3
       5
       3
       7
       4
       5
       7
       5
       1
       5
       5
       7
       4
       4
       8
       4
       7
       3
       9
       5
       6
       3
       3
       5
       3
       3
       1
       0
       0
       0
       0
       0
       0
       0
       0
       0
       0
       0
       0
       0
       0
       0
       0
       0
       0
       0
       0
       0
       0
       0
       0
       0
       0
       0
       0
       0
       0
       0
       0
       0
       0
       0
       0
       0
       0
       0
       0
       0
       0
       0
       0
       0
       0
       0
       0
       0
       0
       0
       0
       0
       0
       0
       0
       0
       0
       0
       0
       0
       0
       0
       0
       0
       0
       0
       0
       0
       0
       0
       0
       0
       0
       0
       0
       0
       0
       0
       0
       0
       0
       0
$ROI:
1
712 830
$PRESETS:
None
0
0
$ENER_FIT:
-23.656767 2.297974
$MCA_CAL:
3
-2.365677E+001 2.297974E+000 2.836717E-005 keV
$SHAPE_CAL:
3
0.000000E+000 0.000000E+000 0.000000E+000
