$SPEC_ID:
No sample description was entered.
$SPEC_REM:
DET# 1
DETDESC# DESKTOP-I499GD2 Easy-MCA-2k SN 18191655
AP# Maestro Version 7.01
$DATE_MEA:
02/28/2024 14:20:59
$MEAS_TIM:
117 118
$DATA:
0 2047
       0
       0
       0
       0
       0
       3
      19
      23
     266
     149
     179
     195
     210
     215
     237
     255
     226
     253
     297
     284
     255
     255
     255
     251
     212
     270
     291
     313
     451
     512
     611
     639
     745
     847
     836
     590
     468
     379
     386
     445
     506
     522
     584
     614
     685
     771
     812
     898
     921
    1058
    1230
    1268
    1441
    1492
    1568
    1457
    1475
    1377
    1652
    1805
    2299
    3346
    4548
    5883
    6998
    6952
    5976
    4254
    2792
    1698
    1068
     692
     572
     512
     501
     446
     457
     476
     504
     500
     514
     457
     494
     445
     457
     477
     441
     488
     485
     551
     519
     525
     516
     462
     470
     435
     429
     412
     365
     365
     361
     349
     357
     341
     311
     370
     337
     302
     336
     296
     320
     321
     307
     284
     308
     300
     291
     326
     305
     294
     253
     253
     290
     244
     257
     269
     273
     275
     283
     258
     255
     256
     232
     239
     227
     231
     214
     226
     243
     254
     227
     196
     241
     197
     203
     213
     197
     177
     199
     203
     212
     208
     206
     187
     205
     191
     190
     192
     174
     189
     164
     191
     195
     155
     179
     181
     159
     140
     161
     151
     137
     151
     161
     158
     151
     156
     163
     130
     149
     139
     172
     148
     150
     149
     130
     135
     125
     153
     124
     132
     129
     147
     135
     125
     137
     108
     138
     127
     135
     120
     138
     119
     132
     142
     111
     128
     132
     148
     146
     135
     157
     126
     151
     148
     178
     154
     201
     240
     251
     221
     256
     257
     292
     323
     330
     318
     374
     325
     353
     364
     362
     377
     348
     318
     325
     270
     291
     274
     208
     215
     170
     185
     154
     149
     113
      99
     111
     103
      89
      90
     103
      90
      92
      81
      78
      92
      89
      87
      77
      86
      83
      86
      85
      77
      78
      79
      80
      95
      74
      84
      63
      65
      66
      75
      81
      85
      83
      71
      74
      74
      78
      80
      74
      69
      69
      83
      67
      87
      70
      66
      67
      72
      83
      77
      60
      67
      68
      82
      63
      67
      73
      72
      61
      65
      58
      81
      64
      49
      92
      64
      49
      60
      64
      68
      73
      72
      63
      66
      76
      83
      78
      66
      59
      67
      73
      85
      65
      50
      71
      73
      63
      68
      58
      78
      72
      73
      71
      63
      58
      78
      55
      72
      51
      63
      67
      64
      61
      60
      74
      59
      80
      70
      68
      58
      65
      60
      63
      62
      78
      57
      63
      71
      63
      54
      47
      59
      61
      70
      57
      45
      56
      55
      60
      50
      62
      61
      58
      49
      65
      63
      55
      71
      52
      61
      52
      61
      50
      48
      55
      45
      39
      59
      68
      68
      65
      53
      34
      60
      52
      49
      50
      54
      60
      50
      56
      49
      48
      45
      53
      58
      52
      49
      60
      50
      33
      48
      52
      40
      41
      55
      48
      46
      56
      50
      54
      47
      48
      48
      45
      43
      43
      50
      39
      54
      50
      39
      56
      58
      35
      46
      40
      57
      43
      65
      53
      51
      50
      47
      43
      57
      43
      49
      49
      39
      47
      50
      47
      38
      45
      37
      42
      59
      53
      47
      60
      41
      54
      52
      40
      43
      56
      50
      61
      47
      55
      45
      65
      57
      55
      55
      55
      59
      44
      53
      53
      71
      58
      62
      58
      59
      64
      66
      63
      57
      50
      61
      56
      47
      39
      51
      60
      59
      41
      64
      47
      54
      42
      51
      35
      34
      44
      45
      38
      32
      54
      38
      46
      47
      46
      40
      44
      37
      52
      45
      50
      53
      56
      34
      44
      50
      50
      46
      53
      42
      45
      44
      37
      44
      50
      45
      49
      41
      54
      46
      56
      50
      48
      62
      54
      57
      65
      57
      56
      54
      58
      60
      53
      47
      51
      69
      59
      62
      49
      57
      54
      51
      39
      52
      52
      53
      36
      43
      56
      45
      47
      44
      49
      52
      48
      54
      48
      47
      45
      54
      49
      47
      50
      42
      45
      46
      44
      48
      46
      34
      59
      44
      37
      41
      56
      40
      52
      49
      55
      61
      47
      40
      54
      48
      48
      47
      50
      51
      54
      71
      41
      51
      41
      50
      49
      69
      51
      50
      46
      56
      51
      54
      56
      61
      37
      54
      57
      52
      53
      45
      72
      63
      59
      47
      56
      50
      62
      65
      54
      58
      62
      50
      45
      55
      54
      38
      55
      32
      43
      34
      48
      28
      55
      55
      38
      48
      33
      41
      41
      46
      31
      31
      30
      39
      35
      37
      37
      24
      23
      29
      33
      31
      26
      35
      27
      32
      30
      35
      20
      26
      34
      29
      27
      36
      32
      34
      40
      36
      26
      39
      29
      21
      26
      25
      31
      24
      28
      33
      26
      23
      31
      18
      21
      28
      31
      26
      25
      24
      29
      21
      18
      22
      22
      27
      21
      28
      27
      29
      18
      31
      23
      26
      29
      24
      28
      23
      35
      36
      42
      35
      49
      38
      48
      40
      39
      50
      54
      55
      65
      66
      88
      87
      69
     104
      92
     112
     107
     113
     116
     118
     117
     140
     140
     139
     146
     154
     137
     162
     158
     172
     148
     160
     160
     151
     170
     147
     159
     139
     129
     140
     130
     124
     103
     135
      98
     112
      83
      87
      67
      58
      79
      63
      76
      66
      53
      41
      51
      50
      34
      43
      33
      25
      33
      28
      21
      25
      21
      20
      26
      18
      14
      14
      24
      19
      25
      13
      11
      11
      19
      20
      11
       9
      16
      13
      20
      17
      13
      14
      20
      16
      22
      17
      17
      27
      12
      14
      19
      14
      11
      18
      18
      21
      21
      21
      12
      16
      16
      15
      11
      16
      23
      23
      18
      26
      10
      12
      21
      17
      21
      10
      19
      15
      16
      13
      25
      19
      13
      13
      19
      15
      22
      13
      15
      14
      20
      13
      16
      12
      13
      19
      20
      12
      13
      20
      13
      14
      17
      21
      20
      10
      16
       9
       6
      11
      17
      14
      19
      12
      12
      13
      11
      18
      14
      19
      20
      15
       8
      18
      19
      12
      17
      16
      15
      17
      21
      18
      20
      22
      12
      11
      12
      19
      14
      16
       9
      21
      18
      10
      20
      11
      14
       5
      13
      14
      10
      12
      13
      14
      12
      10
      22
      20
      22
      10
      22
      14
      13
      23
       9
       9
      11
       9
       8
      15
       6
      13
      16
      19
      15
      15
      15
      14
      13
      12
      17
      21
      15
      12
      19
      20
      15
      18
      14
      11
      10
      15
      19
      12
      16
      14
      12
      17
      13
      12
      11
      12
      16
      11
      22
      15
      14
      16
      11
      14
      10
      14
      16
      22
      15
      16
       7
      12
      15
      14
      17
      18
      18
      19
      10
      12
      10
       5
       8
      10
      17
      14
      21
      16
      14
      12
      13
       6
       9
      18
       7
      11
      10
      15
      12
       9
      12
      18
      11
      12
      11
      20
      15
      11
       9
      10
      16
      16
       9
      14
      17
      13
      16
      18
       7
      14
      11
      16
      15
       6
       9
      17
      11
      14
      11
      11
      13
      13
       9
      12
      13
      11
      12
      13
      15
       8
       6
      13
      19
       9
      16
      16
       9
      14
      10
      20
      20
      12
      14
      10
       9
      13
      15
      12
      16
       7
      15
       9
      21
      16
      10
      17
      14
      19
      14
      17
      17
      12
      11
       9
      12
      13
      11
      15
      19
       9
      15
      14
      14
      12
      21
      15
      12
      10
      11
      12
       9
       7
      13
       8
      10
       8
      17
      17
      13
      10
      12
      16
      11
       9
      12
      11
      14
      10
      14
      14
      10
      12
      13
      21
      18
      12
      10
      14
       8
      18
      12
      14
      10
      18
      15
      11
      10
      17
      18
      16
      10
      11
      12
      14
      13
       8
      17
      13
      13
      13
      11
       9
      13
      17
      24
      17
      17
      19
      10
       7
      12
      16
      11
       9
      16
      16
      16
      11
      17
      12
      16
      11
      13
       9
       9
      12
      13
      10
      11
      12
      12
      23
      11
      13
      10
       8
      15
      12
       7
      13
      13
       8
      15
      12
       8
      12
      10
      16
      11
      12
      11
      17
      13
      13
       8
       9
       8
       8
      15
      12
      14
      14
      12
      12
      11
      17
      14
       8
      23
      13
      12
      12
      13
      10
      13
      10
      13
      12
      14
      11
      17
      16
      13
      11
      13
      10
      18
      12
      10
      12
      10
      17
      11
      14
      15
      19
      14
      14
      11
      15
      12
      10
       7
      11
      13
      11
       5
      20
       9
      17
      14
      14
      12
       9
       9
       8
      13
      20
      16
      13
      17
      16
      14
      12
      16
      14
      12
      15
      11
       9
      12
      15
      16
      11
      18
      11
       8
       7
      12
      18
      13
      14
      10
      15
       7
      11
       9
       7
      12
       8
       9
      10
       9
      14
      12
      12
       5
      20
      19
       8
      17
       8
       7
      10
       5
      17
      13
       8
      16
      10
      12
      13
      12
      18
      11
      12
       9
      11
      15
      11
      10
      18
      16
      11
      12
      15
      14
       8
      10
      11
      10
      13
       8
       9
      13
      12
      14
      16
      14
      17
       5
      16
      15
      15
      13
      18
      13
      12
      16
       9
      23
      16
      11
      14
      15
      10
      12
      13
      10
      12
      10
      20
      13
      10
      15
      20
      10
      14
      10
      12
      12
      14
      13
      13
      13
      13
      18
      10
      13
      13
       7
      15
      17
      14
      13
      12
      11
      10
       7
       7
      10
      12
      14
      13
      12
      14
      12
      12
      13
      19
      12
       5
       6
      11
      10
      11
       9
      10
      10
      15
      10
      11
      13
       8
      12
       8
      13
      12
      12
      13
      14
      12
       5
      13
      10
      10
      12
       9
      16
      11
      11
      10
      10
      12
      22
       6
       9
      15
      11
      14
      14
      10
      13
      15
      12
      13
      12
      11
       9
       7
       9
       8
       7
       9
      14
      11
      15
      13
       9
      12
       8
      16
      12
      11
       8
      11
      10
      11
      17
       6
      15
      12
      11
      13
       6
       8
      11
      10
       6
       7
      10
      11
      13
      12
      10
      16
      13
      16
      13
      11
       9
      11
      12
      11
       7
      13
      10
      11
      10
       6
       9
      12
      14
       9
      11
       6
      14
      13
       7
      14
      10
      12
       9
       5
      11
      16
      11
      12
      16
       3
      14
       8
      12
      15
       7
      13
       9
      11
      11
      13
      11
      10
       9
       9
       6
      14
       7
      15
      10
      14
      13
       4
      11
       9
       8
       7
      16
      15
      11
      18
      10
      10
      14
      11
      18
       8
      17
      10
      14
      16
      21
      11
      12
      19
      13
      14
      11
      15
       6
      11
      11
      18
      14
      11
      17
      13
      14
       8
       8
      10
      16
      13
      18
      11
      12
      15
      17
      11
      11
      14
      14
       6
       8
      17
      11
      13
      11
      13
      20
      21
      11
      13
      11
      20
      17
      11
      10
      13
      10
      13
      16
      15
      13
      13
      16
       8
      11
      18
      13
      16
      15
      11
      18
      15
       7
      12
      14
      17
      18
      16
      15
      18
      20
      17
      15
      17
      21
      18
      12
      10
       9
      12
      22
      19
      15
      14
      15
       8
      19
      11
      15
      12
      15
      14
      18
      16
       8
      14
      15
      12
       5
      15
      14
       9
      16
      10
      11
       9
      17
      18
      11
      17
      13
      16
      10
      13
      14
      16
      13
      18
       9
      13
      12
       8
      15
       9
      17
      15
      12
      14
       9
      13
      14
      18
      10
      13
      20
      17
      13
       9
       7
      17
      20
      19
      20
      18
       9
       9
      13
      23
      12
      10
      17
      15
      18
       7
      16
      18
      12
       9
      12
       3
      11
      20
      12
      19
      19
      13
      15
      14
      15
      14
       9
      16
      16
      12
       7
      16
      13
      17
      20
      18
      16
      17
      14
      13
      20
      18
      10
      19
      10
      13
      11
      11
       9
      12
      14
      10
      11
      10
      15
      12
      10
      10
      13
      12
      15
      21
      12
      13
       8
      13
      18
      18
       9
       8
      11
      11
      14
      16
      19
       8
      18
      15
      13
      11
      19
      19
      11
      20
      11
      16
      14
      12
      22
      13
      17
      12
      14
      23
      16
       8
       9
      12
      13
      13
      11
      14
      21
      22
      19
      12
      13
      21
      21
      22
      20
      10
      14
      11
      12
      20
      18
      15
      18
      17
      17
      16
      24
      18
      16
      13
      15
      13
      18
      17
      23
      20
      17
      14
      11
      17
      11
      25
      17
      15
      18
      13
      18
      18
      16
      20
      16
      23
      16
      16
      23
      24
      19
      14
      13
      17
      14
      10
      23
      27
      19
      17
      16
      10
      14
      19
      12
      18
      24
      15
      16
      23
      21
       8
      19
      20
      19
      10
      20
      23
      17
      18
      15
      20
      17
      15
      14
       7
      15
       8
      14
      20
      24
      18
      20
      13
      18
      10
      19
      16
      14
      11
      13
      17
       5
      13
      13
      12
      16
      18
      21
      19
      11
      19
      16
      17
      12
      21
      16
      18
       9
      15
      14
      21
       8
      15
      14
      12
      17
      12
      11
      14
      14
      16
       1
       0
       0
       0
       0
       0
       0
       0
       0
       0
       0
       0
       0
       0
       0
       0
       0
       0
       0
       0
       0
       0
       0
       0
       0
       0
       0
       0
       0
       0
       0
       0
       0
       0
       0
       0
       0
       0
       0
       0
       0
       0
       0
       0
       0
       0
       0
       0
       0
       0
       0
       0
       0
       0
       0
       0
       0
       0
       0
       0
       0
       0
       0
       0
       0
       0
       0
       0
       0
       0
       0
       0
       0
       0
       0
       0
       0
       0
       0
       0
       0
       0
       0
       0
$ROI:
1
712 830
$PRESETS:
None
0
0
$ENER_FIT:
-23.656767 2.297974
$MCA_CAL:
3
-2.365677E+001 2.297974E+000 2.836717E-005 keV
$SHAPE_CAL:
3
0.000000E+000 0.000000E+000 0.000000E+000
