$SPEC_ID:
No sample description was entered.
$SPEC_REM:
DET# 1
DETDESC# DESKTOP-I499GD2 Easy-MCA-2k SN 18191655
AP# Maestro Version 7.01
$DATE_MEA:
02/28/2024 15:08:08
$MEAS_TIM:
101 101
$DATA:
0 2047
       0
       0
       0
       0
       0
       1
       4
       3
     107
      81
      86
     109
     106
     117
     129
     153
     168
     145
     175
     165
     139
     139
     130
     134
     152
     145
     143
     218
     274
     383
     418
     444
     565
     692
     653
     417
     244
     222
     212
     275
     286
     327
     393
     417
     456
     544
     592
     640
     699
     774
     898
     981
    1079
    1147
    1108
    1081
    1039
    1102
    1262
    1425
    1924
    2795
    3900
    5093
    6030
    5779
    4835
    3408
    2119
    1240
     681
     438
     310
     293
     305
     264
     296
     281
     265
     228
     238
     264
     228
     253
     239
     248
     288
     274
     322
     311
     330
     335
     308
     286
     256
     222
     247
     200
     204
     205
     177
     150
     174
     148
     190
     175
     150
     136
     153
     143
     169
     123
     139
     134
     154
     126
     149
     134
     140
     120
     140
     116
     115
     130
     129
      96
     113
     107
     110
     112
     115
     110
     108
      97
     109
      97
     109
     102
      94
      98
      86
      79
      98
      97
     104
      93
      81
      87
      93
      84
     100
      75
      83
      88
      64
      78
      78
      81
      92
      67
      83
      75
      64
      85
      73
      61
      62
      60
      53
      65
      62
      50
      50
      58
      64
      62
      43
      69
      56
      50
      58
      57
      60
      65
      46
      57
      72
      52
      42
      46
      54
      54
      52
      50
      56
      41
      65
      42
      46
      30
      42
      47
      68
      35
      58
      58
      62
      58
      63
      64
      61
      71
      74
      75
      78
      88
      94
      87
      87
      95
     101
     105
     128
     110
     128
     137
     144
     157
     153
     147
     150
     132
     156
     113
     109
      97
      95
     101
      80
      66
      62
      60
      45
      38
      44
      35
      34
      35
      28
      31
      30
      25
      39
      34
      28
      42
      22
      41
      28
      27
      24
      35
      33
      31
      22
      30
      34
      30
      33
      27
      37
      20
      31
      34
      33
      18
      26
      35
      21
      15
      24
      22
      26
      23
      28
      24
      32
      16
      23
      34
      32
      26
      26
      12
      30
      25
      30
      20
      19
      28
      24
      21
      25
      20
      25
      18
      23
      20
      20
      23
      20
      20
      17
      29
      22
      21
      23
      17
      24
      23
      22
      19
      24
      24
      22
      27
      13
      21
      17
      21
      21
      24
      19
      21
      21
      22
      19
      24
      24
      16
      21
      26
      24
      18
      19
      26
      24
      16
      23
      20
      19
      20
      13
      32
      21
      18
      26
      23
      15
      17
      17
      19
      18
      24
      20
      22
      24
      24
      27
      24
      31
      23
      15
      20
      22
      31
      15
      11
      17
      15
      12
      14
      16
      13
      17
      14
      27
      17
      15
      10
      19
      23
      15
      12
      13
      15
      14
      20
      15
      11
      22
      20
      18
      16
      18
      14
      16
      14
      18
      15
      12
      16
      18
      23
      23
      16
      16
      18
      14
      12
      14
      12
      24
      13
      11
      10
      14
      11
      10
       8
      17
      16
      12
      10
      16
      16
      13
       9
      26
      12
      18
      14
      15
      15
      14
       8
      17
      15
      14
      22
      13
      15
      20
      15
      20
       9
      13
      13
      12
      15
      15
      18
      18
      10
      12
      19
      17
      16
      13
      10
      16
      13
      20
      14
      18
      20
      13
      14
      16
      18
      22
      22
      21
      21
      21
      22
      24
      20
      22
      18
      33
      13
      12
      17
      27
      20
      19
      18
      28
      12
      20
      25
      16
      14
       9
      16
      15
      14
       8
      23
      12
       7
      13
       8
      16
      10
      14
      12
      11
      18
      19
      11
      13
      11
      14
       6
      13
      10
      18
      17
      12
      15
       9
      18
      10
      10
      11
       8
      14
      17
      13
      10
      10
       9
      19
      17
      11
      21
      14
      17
      20
       8
      12
      19
      16
      14
      15
      11
      14
      15
      16
       6
      11
      10
      10
       7
      12
      10
      12
      15
      13
       8
      14
       7
       7
      12
      11
       9
       4
      13
       9
       3
       9
       7
      13
       7
      15
      13
      14
      11
      13
      15
       8
       7
      11
       9
       8
      16
      16
       4
       8
      18
      15
       6
      14
       8
      12
      11
      12
      18
      17
      22
      15
       9
      14
      14
      15
      14
      16
       9
      11
      11
      11
       9
       9
      12
       9
      17
       9
       7
       7
      10
      15
      12
      16
      16
      24
      19
       5
      19
      11
      11
      15
      17
       8
      15
      13
      15
      12
      12
      16
       8
       9
       8
      16
       6
      18
      12
       7
       6
      10
       8
      11
       7
      10
      12
       4
       9
      11
       3
       5
      11
       4
       7
       7
      10
       4
       7
      12
       8
       5
       8
       4
       7
       9
       6
       4
      11
      10
       9
      14
      11
       7
       4
       9
       8
      11
       8
      10
       8
       7
      10
       7
       6
       7
       7
       4
      10
       3
      11
       7
       6
       4
      12
       8
      10
       1
       5
       4
      12
       6
       4
       9
       9
       7
       2
       9
       9
       5
       6
       4
       9
       6
      11
      11
      10
       9
      16
      10
      12
       8
      14
      15
      16
       7
      16
      20
      23
      15
      12
      25
      17
      13
      24
      23
      22
      20
      20
      27
      23
      18
      27
      22
      23
      31
      22
      26
      26
      26
      15
      21
      23
      21
      20
      22
      19
      20
      14
      19
      11
      16
      12
      12
      11
       6
      12
      14
       9
      10
      10
       9
       4
      10
       4
      12
       6
       4
       5
       6
      10
       5
       9
       5
       7
       5
       3
       9
       6
       4
       6
       6
       1
       4
       8
       5
       0
       3
       6
       2
       5
       6
       5
       8
       3
       6
       7
      12
       5
       7
       7
       5
      10
       6
      10
       3
       2
       1
       2
       3
       5
       4
       3
       3
       8
       5
       8
       3
       4
       3
       2
       8
       4
       4
       4
       3
       3
       2
       5
       5
       8
       5
       4
       5
       5
       2
      10
       4
       3
       3
       9
       5
       4
       8
       3
       6
       4
       6
       9
       8
       4
       3
       2
       5
       5
       6
       5
       7
       4
       5
       6
       2
       1
       2
       4
       5
       2
       4
       8
       1
       3
       5
       9
       6
       0
       4
       2
       6
       3
       4
       5
       5
       6
       8
       5
       4
       5
       3
       2
       4
       6
       1
       5
       2
       1
       2
       4
       3
       3
       7
       0
       4
       2
       6
       5
       4
       8
       5
       3
       2
       4
       5
       6
       4
       3
       5
       1
       3
       2
       4
       2
       6
       6
       3
       6
       7
       2
       7
       4
       6
       5
       1
       4
       5
       4
      10
       4
       4
       3
       3
       0
      11
       7
       5
       6
       4
       6
       4
       5
       3
       4
       2
       1
       2
      11
       3
       6
       1
       5
       5
       3
       0
       5
       3
      10
       4
       8
       8
       7
       6
       4
       3
       5
       3
       5
       2
       3
       2
       5
       2
       5
       5
       3
       2
       4
       4
       8
       2
       5
       2
       2
       5
       4
       6
       4
       4
       5
       3
       4
       2
       3
       4
       8
       8
       2
       5
       7
       6
       1
       2
       2
       3
       7
       2
       1
       5
       5
       3
       7
       3
       6
       4
       6
       4
       3
       3
       3
       5
       4
       6
       6
       5
       3
       6
       6
       5
       8
       8
       3
       2
       3
       2
       3
       5
       5
       3
       1
       6
       3
       4
       7
       3
       3
       3
      10
       6
       2
       4
       7
       2
       6
       2
       3
       4
       8
       5
       2
       3
       2
       3
       2
       6
       3
       3
       0
       0
       4
       7
       7
       9
       2
       5
       8
       0
      11
       4
       7
       6
       7
       5
       5
       9
       2
       7
       1
       3
       5
       3
       3
       0
       2
       5
       3
       5
       4
       4
       5
       6
       4
       5
       4
       5
       4
       5
       4
       4
       2
       5
       1
       3
       8
       5
       3
       5
       7
       2
       6
       4
       3
       4
       8
       3
       7
       3
       4
       5
       4
       2
       4
       4
       2
       1
       2
       4
       2
       0
       1
       5
       1
       7
       5
       2
       5
       4
       2
       8
       7
       3
       5
       7
       6
       1
       6
       2
       5
       5
       6
       3
       1
       9
       3
       3
       3
       4
       6
       6
       8
       5
       3
       6
       4
       4
       5
       3
       4
       4
       9
       4
       4
       4
       7
       1
       4
       4
       6
       3
       6
       7
       2
       5
       4
       4
       6
       4
       5
       4
       5
       2
       3
       2
      10
       5
       5
       4
       7
       2
       5
       3
       4
       5
       2
       4
       3
      10
       1
       2
       7
       3
       4
       8
       4
       5
       3
       4
       4
       1
       4
       3
       0
       2
       4
       3
       1
       1
       3
       2
       6
       4
       3
       2
       1
       4
       1
       5
      12
       4
       6
       4
       2
       6
       3
       7
       2
       3
       4
       3
       5
       3
       8
       5
       3
       3
       1
       5
       5
       6
       4
       8
       7
       4
       6
       3
       3
       4
       3
       2
       6
       4
       6
       5
       4
       8
       4
       1
       3
       0
       4
       5
       8
       2
       2
       6
       3
       6
       5
       2
       3
       5
       3
       6
      10
       6
       4
       5
       2
       3
       3
       2
       8
       1
       5
       6
       3
       5
       3
       4
       4
       3
       6
       7
       3
       2
       5
       3
       6
       4
       6
       3
       6
       0
       5
       3
       3
       7
       3
       3
       4
       4
       5
       9
       4
       5
       4
       4
       3
       2
       4
       3
       9
       3
       7
       3
       5
       5
       4
       2
       5
       0
       5
       4
       2
       5
       3
       7
       3
       6
       4
       4
       5
       5
       4
       3
       7
       1
       6
       6
       7
       6
       5
       6
       5
       3
       1
       3
       5
       5
       3
       2
       3
       4
       3
       5
       0
       7
       9
       1
       4
       2
       2
       4
       2
       3
       2
       2
       0
       5
       4
       6
       2
      10
       9
       2
       5
       6
       8
       7
       3
       5
       8
       3
       3
       5
       7
       7
       6
       7
       8
       3
       5
       2
       3
       8
       3
       3
       6
       5
       5
       2
       8
       7
       5
       3
       8
       3
       8
       4
       3
       5
       5
       3
       5
       7
       3
       3
       5
       9
       1
       1
       1
       4
       5
       3
       3
       3
       4
       8
       7
       4
       2
       2
       3
       5
       4
       2
       6
       8
       3
       8
       5
       3
       3
       5
      12
       3
       5
       6
       2
       2
       7
       1
       3
       4
       8
       4
       6
       4
       4
       1
       5
       3
       2
       7
       4
       4
       5
       7
       4
       5
       9
       5
       7
       3
       2
       4
       6
       7
       2
       1
       7
       4
       4
       6
       6
       1
       2
       5
       5
       3
       3
       5
       6
       3
       6
       4
       3
       2
       5
       5
       6
       5
       6
       8
       3
       4
       3
       4
       3
       5
       5
       6
       7
       4
       5
       5
       3
       6
       2
       2
       5
       4
       4
       3
       2
       3
       4
       5
       3
       6
       2
       2
       2
       6
       6
       8
       8
       7
       3
       4
       5
       3
       7
       4
       4
       2
       2
       2
       2
       3
       7
       6
       9
       6
       5
       1
       5
       2
       7
       3
       2
       8
       5
      10
       4
       6
       8
       2
       9
       5
       7
       6
       3
       4
       9
       6
       6
       3
       2
       7
       2
       7
       2
       5
       3
       4
       5
       7
       6
       6
       4
       7
       4
       4
       8
       4
       8
       5
       7
       4
       8
       6
       5
       5
       3
       3
       9
       5
       5
       7
       4
       7
       3
       2
       4
       3
      13
       5
       2
      10
       5
      11
       1
       9
       7
       5
       6
       6
       7
       3
       8
       6
       9
       6
      11
       3
       9
       5
      10
       5
       6
       7
       7
       5
       6
       4
       3
       8
       4
       5
       5
       9
       4
       5
       6
       9
       7
       1
       3
       4
       5
       6
       3
       7
       4
       3
       2
       9
       3
       5
       5
       4
       5
       9
       4
       6
       7
      10
       2
       4
       4
      10
       3
       2
       5
       5
       3
       4
       4
       6
       4
       4
       1
       7
       4
       7
       6
       7
       4
       6
       6
       6
       3
       8
       4
       5
       8
       5
       6
       7
       3
       4
       5
       2
       5
       4
       5
       9
       7
       5
       5
       2
       1
       5
       8
       8
       4
       7
       4
       5
       5
       5
       5
       5
       7
       4
       6
       6
       9
       4
       6
       2
       6
       5
       5
       3
       6
       5
       5
       5
      11
       4
       5
       8
       6
       5
       4
      10
       7
       5
      10
       5
       6
       3
       4
       5
       4
       6
       3
       9
       2
       3
       4
       6
       2
      11
       9
       3
       6
       3
       6
       5
      10
       5
       4
       2
       4
       7
       5
       4
       2
       9
       6
       8
       5
       7
       3
       6
      12
       9
       4
       9
       3
       9
       4
       8
       6
       9
       7
       5
       3
       5
       5
       5
       7
       5
      12
       5
       2
       6
       4
       6
       9
       3
       4
      10
       6
       7
       5
       4
       3
       7
       5
       3
       9
       5
       3
       5
       6
      10
       5
       9
       9
      10
       4
       5
       8
       2
       7
       3
      10
       3
       3
       7
      10
       8
       4
       5
       7
       3
       5
      10
       4
      11
       5
       9
       4
       5
       6
       4
       6
       6
       4
       5
      10
       4
       4
       2
      11
       7
       5
       7
       6
       6
       2
      10
       3
       0
       0
       0
       0
       0
       0
       0
       0
       0
       0
       0
       0
       0
       0
       0
       0
       0
       0
       0
       0
       0
       0
       0
       0
       0
       0
       0
       0
       0
       0
       0
       0
       0
       0
       0
       0
       0
       0
       0
       0
       0
       0
       0
       0
       0
       0
       0
       0
       0
       0
       0
       0
       0
       0
       0
       0
       0
       0
       0
       0
       0
       0
       0
       0
       0
       0
       0
       0
       0
       0
       0
       0
       0
       0
       0
       0
       0
       0
       0
       0
       0
       0
       0
       0
$ROI:
1
712 830
$PRESETS:
None
0
0
$ENER_FIT:
-23.656767 2.297974
$MCA_CAL:
3
-2.365677E+001 2.297974E+000 2.836717E-005 keV
$SHAPE_CAL:
3
0.000000E+000 0.000000E+000 0.000000E+000
