$SPEC_ID:
No sample description was entered.
$SPEC_REM:
DET# 1
DETDESC# DESKTOP-I499GD2 Easy-MCA-2k SN 18191655
AP# Maestro Version 7.01
$DATE_MEA:
02/29/2024 10:25:23
$MEAS_TIM:
59 59
$DATA:
0 2047
       0
       0
       0
       0
       0
       0
       1
       4
      70
      46
      56
      44
      55
      56
      48
      56
      56
      56
      60
      46
      61
      51
      51
      57
      40
      63
      66
      72
      84
      89
     107
     108
     104
     120
     122
     115
      73
      74
      81
      85
      69
      93
      97
     102
     103
     105
     117
     139
     142
     145
     147
     167
     181
     167
     182
     156
     155
     181
     188
     238
     229
     291
     401
     431
     478
     493
     456
     325
     253
     211
     151
     158
     168
     126
     154
     139
     143
     144
     128
     148
     134
     137
     134
     130
     131
     125
     163
     160
     142
     129
     138
     130
     134
     129
     135
     132
     132
     123
     112
     128
     140
     114
     113
     131
     107
     125
     116
     127
     113
     134
     121
     102
     124
     119
      86
     109
     107
     113
      93
      79
     110
     103
      88
      95
      97
     102
      82
      74
      91
     100
      91
      91
      89
      62
      95
      82
      81
      90
      75
      75
      78
      85
      73
      75
      69
      60
      62
      68
      78
      70
      76
      68
      68
      55
      51
      58
      69
      71
      53
      68
      65
      78
      65
      46
      67
      68
      67
      56
      44
      50
      58
      56
      56
      60
      46
      57
      56
      57
      50
      54
      59
      44
      59
      39
      52
      60
      52
      45
      52
      53
      41
      43
      48
      54
      59
      55
      52
      50
      45
      51
      56
      30
      47
      53
      49
      54
      42
      41
      46
      59
      46
      55
      46
      62
      46
      65
      52
      65
      59
      93
      90
      94
      95
      86
      87
     115
      97
     126
     123
     125
      96
     107
     102
     110
      90
      86
      93
      79
      78
      54
      43
      48
      34
      44
      43
      44
      29
      40
      33
      34
      28
      31
      38
      28
      33
      23
      31
      29
      35
      32
      30
      25
      33
      21
      27
      30
      35
      25
      31
      29
      29
      34
      33
      24
      27
      31
      28
      35
      20
      32
      27
      34
      31
      20
      32
      27
      27
      36
      24
      24
      22
      31
      18
      32
      27
      22
      23
      27
      19
      28
      23
      30
      29
      21
      28
      32
      31
      21
      20
      34
      29
      35
      26
      21
      26
      19
      32
      24
      21
      27
      16
      23
      22
      34
      30
      30
      25
      24
      24
      31
      38
      34
      26
      24
      27
      22
      26
      21
      26
      20
      17
      27
      28
      13
      25
      18
      24
      39
      17
      30
      19
      22
      28
      26
      20
      27
      33
      23
      16
      18
      26
      24
      27
      17
      21
      33
      20
      20
      22
      20
      24
      26
      18
      22
      25
      24
       8
      27
      18
      22
      20
      24
      19
      21
      23
      17
      27
      15
      22
      14
      17
      20
      19
      26
      16
      18
      16
      19
      12
      35
      27
      16
      22
      21
      21
      22
      13
      22
      28
      14
      20
      20
      31
      24
      18
      21
      17
      20
      16
      19
      22
      26
      13
      21
      21
      12
      19
      18
      12
      16
      24
      19
      27
      19
      13
      21
      26
      23
      14
      28
      17
      16
      18
      13
      16
      18
      19
      17
      21
      16
      19
      13
      15
      12
      21
       9
      18
      19
      14
      20
      17
      24
      19
      19
      19
      13
      24
      12
      19
      20
      24
      22
      24
      19
      28
      24
      18
      19
      19
      19
      22
      26
      20
      32
      26
      24
      25
      24
      27
      25
      27
      25
      25
      22
      16
      16
      18
      15
      23
      27
      22
      14
      10
      16
      17
      27
      22
      18
      26
      19
      15
      23
      19
      13
      20
      13
      13
      23
      25
      21
      20
      18
      19
      14
      20
      20
      16
      22
      22
      14
      12
      18
      21
      15
      19
      20
      20
      17
      23
      18
      21
      16
      19
      13
      12
      29
      20
      18
      26
      16
      19
      22
      19
      19
      18
      18
      27
      22
      29
      20
      14
      23
      20
      22
      17
      24
      24
      13
      17
      22
      21
      24
      11
      22
      19
      17
      17
      12
      18
      24
      31
      17
      16
      25
      19
      23
      19
      18
      23
      24
      18
      19
      10
      17
      21
      20
      16
      13
      15
      24
      16
      24
      15
      21
      20
      18
      23
      23
      25
      16
      16
      21
      18
      17
      24
      16
      17
      19
      25
      24
      31
      22
      18
      17
      17
      22
      17
      23
      20
      18
      27
      27
      28
      17
      23
      25
      19
      26
      23
      27
      19
      17
      24
      26
      23
      14
      19
      13
      15
      16
      17
      14
      25
      22
      17
      12
      17
      21
      10
      16
      21
      17
      17
      12
      17
      12
      21
      11
       7
      14
       9
       7
      15
       7
      11
      12
      13
      11
      12
       7
       8
       5
      13
       7
       9
      14
       8
       5
      10
      10
       8
      11
       8
       7
      10
      10
       8
       3
       4
       7
       7
       8
      10
      12
       7
      10
       9
       9
      12
      12
       8
      10
       9
      12
       8
       2
       4
       9
      11
       7
       8
      10
      10
       9
       6
      15
       8
      14
       7
      14
      15
      11
      13
      18
      13
      10
      18
      21
      17
      15
      28
      29
      24
      32
      29
      38
      31
      41
      40
      57
      53
      45
      56
      62
      67
      70
      58
      58
      59
      55
      72
      67
      60
      58
      60
      70
      54
      71
      73
      50
      63
      59
      48
      43
      42
      36
      44
      28
      29
      32
      28
      33
      30
      24
      18
      20
      34
      18
      23
      19
      13
      20
      14
       8
       8
      12
      14
       8
      11
      11
      15
      10
      10
       6
       5
       7
      11
       5
       8
       9
       6
       7
       3
       3
       5
       3
       5
       5
       7
       5
       1
       9
       8
       4
       7
      11
       4
       5
       5
       7
       5
      12
       5
       4
       4
       7
       4
       7
       7
       6
       8
       2
       7
       7
       2
       5
       4
       5
       5
       4
       5
       1
       5
       8
       4
       2
       4
       5
       3
       7
       7
       8
       3
       5
       4
       6
       7
       2
       4
       8
       7
       8
       4
       4
       4
       7
       4
       4
       5
      10
       7
       3
       3
       4
       6
       3
       4
       5
       7
       7
       5
       2
       3
       6
       3
       5
       3
       5
      10
       2
       6
       3
       4
       8
       3
       5
       5
       6
       5
      10
       4
       5
       6
       3
       3
       4
       4
       5
       8
       3
       6
       3
       7
       6
       4
       5
       4
       5
       6
       3
       2
       5
       3
       6
      10
      10
       4
       5
       4
       1
       5
       3
       6
       5
       2
       5
       2
       4
       7
       1
       3
       1
       5
       4
       4
       7
       1
       7
       4
       4
       3
       3
       5
       4
       2
       1
       6
       5
       5
       5
       9
       4
       8
       5
       9
       3
       3
       8
       3
       2
       8
       8
       7
       4
       5
       9
       6
       3
       5
       3
       5
       5
       5
       2
       6
       5
       9
       6
       5
       6
       4
       6
       4
       6
       8
       1
       7
       2
       4
       3
       6
       7
       6
       4
       3
       2
       5
       5
       7
       6
       4
       6
       3
       7
       4
       6
       6
       7
       4
       4
      10
       3
       8
       3
       3
       2
       4
       5
       6
       3
      10
       5
       5
       3
       5
       3
       2
       4
       1
       2
       3
       2
       5
       4
       2
       5
       4
       4
       4
       8
       6
       2
       1
       2
       5
       3
       2
       6
       4
       2
       4
       6
       6
       5
       4
       7
       4
       3
       0
       5
       4
       7
       4
       8
       5
       5
       6
       7
       4
       0
       4
       5
       8
       3
       4
       3
       6
       1
       3
       7
       2
       1
       1
       4
       1
       4
       2
       7
       2
      11
       4
       3
       6
       3
       5
       5
       1
       2
       5
       3
       3
       9
       2
       4
       5
       5
       5
       3
       2
       4
       3
       3
       8
       9
       7
       8
       2
       3
       3
       5
       3
       5
       3
       6
       2
       4
       4
       2
       4
       5
       2
       5
       5
       5
       3
       1
       6
       2
       5
       4
       2
       0
       3
       4
       5
       3
       4
       3
       5
       4
       3
       5
       5
       2
       3
       4
       3
       3
       4
      12
       7
       2
       0
       2
       2
       7
       3
       6
       7
       3
       4
       1
       4
       7
       9
       4
       7
       5
       2
       3
       5
       5
       2
       8
       6
       1
       5
       4
       5
       3
       5
       4
       8
       6
       5
       5
       5
       8
       4
       8
       3
       2
       4
       2
       5
       8
       4
       4
       2
       4
       4
       6
       4
       0
       2
       5
       5
       2
       4
       3
       1
       5
       4
       2
       2
       5
       3
       3
       2
       0
       2
       5
       5
       0
       8
       4
       4
       3
       2
       2
      10
       3
       1
       3
       3
       3
       2
       1
       5
       2
       2
       3
       4
       2
       2
       7
       7
       1
       2
       6
       1
       5
       4
       1
       6
       2
       1
       2
       3
       1
       5
       2
       1
       5
       9
       1
       5
       2
       4
       3
       1
       3
       3
       8
       1
       5
       4
       3
       2
       3
       6
       5
       7
       1
       4
       5
       7
       5
       6
       1
       2
       1
       1
       5
       2
       2
       4
       3
       3
       3
       2
       3
       4
       2
       2
       6
       1
       4
       2
       2
       5
       3
       5
       3
       0
       3
       2
       5
       2
       3
       1
       9
       0
       5
       3
       4
       3
       1
       4
       4
       4
       3
       4
       4
       4
       6
       1
       5
       5
       2
       3
       4
       4
       3
       1
       7
       2
       3
       5
       3
       3
       2
       2
       1
       5
       3
       3
       5
       5
       2
       6
       5
       1
       1
       4
       8
       7
       1
       2
       6
       6
       7
       8
       1
       7
       1
       3
       1
       1
       2
       6
       3
       4
       4
       6
       3
       6
       1
       2
       1
       2
       5
       1
       4
       0
       5
       1
       1
       9
       0
       2
       1
       4
       4
       4
       3
       4
       8
       4
       4
       6
       5
       2
       2
       4
       5
       6
       5
       8
       2
       3
       0
       3
       2
       4
       1
       0
       4
       2
       4
       1
       5
       6
       2
       4
       1
       3
       1
       3
       3
       5
       4
       4
       4
       3
       6
       4
       1
       4
       2
       5
       5
       3
       6
       6
       4
       4
       3
       4
       4
       3
       4
       4
       7
       5
       3
       8
       3
       2
       3
       7
       4
       3
       6
       1
       4
       5
       4
       3
       5
       2
       2
       3
       5
       2
       5
       2
       9
       8
       4
       4
       6
       2
       3
       5
       5
       7
       6
       7
       1
       8
       1
       5
       0
       7
       4
       3
       3
       1
       5
       4
       3
       5
       5
       4
       7
       7
       4
       4
       3
       4
       7
       6
       5
       5
       5
       4
       3
       5
       2
       6
       2
       8
       5
       7
       6
       3
       3
       6
       5
       5
      10
       1
       8
       4
       3
       3
       3
       2
       4
       5
       3
       8
       4
       6
       4
       3
       2
       4
       5
       3
       5
       6
       3
       4
       5
       4
       6
       6
       7
       1
       4
       0
       1
       2
       6
       3
       2
       2
       0
       3
       2
       5
       4
       3
       3
       1
       5
       6
       7
       0
       2
       0
       5
       6
       3
       5
       5
       3
       3
       4
       6
      12
       3
       6
       2
       6
       3
       5
       0
       3
       4
      10
       0
       9
       8
       2
       6
       3
       8
       6
       5
       4
       5
       5
       6
       3
       3
       4
       6
       6
      10
       8
       6
       6
       7
       0
       1
       4
       7
       2
      10
       2
       3
       8
       7
       2
       3
       4
       5
       7
       7
       0
       3
       4
       9
       5
       8
       0
       3
       2
       6
       4
       4
       4
       4
       4
       4
       8
       7
       4
       4
       4
       5
       2
       2
       5
       5
       3
       2
       4
       3
       6
       5
       3
       7
       3
       6
       2
       3
       5
       4
       7
       7
       2
       2
       3
       4
       3
       7
       5
       5
       9
       2
       2
       6
       5
       5
       4
       3
       2
       3
       1
       4
       4
       7
       7
       5
       9
       4
       2
       6
       2
       3
       3
       6
       5
       5
       9
       5
       4
       4
       4
      10
       9
       4
       4
       6
       3
       4
       4
       5
       4
       5
       3
       1
       4
       3
       5
      11
       7
       3
       1
       5
       1
       4
       6
       8
       0
       7
       7
       3
       2
       4
       2
       1
       5
       4
       3
       4
       6
       3
       7
       8
       3
       2
       6
      12
       6
       3
       2
       1
       4
       6
       4
       5
       2
       7
       6
       4
       3
       4
       6
       3
       2
       0
       2
       5
       8
       3
       6
       4
       3
       3
       3
       1
       2
       7
       3
       3
       3
       3
       4
       6
       5
       5
       4
       6
       3
       6
       4
       1
       6
       1
       6
       3
       6
       9
       4
       5
       4
       2
       5
       3
       3
       2
       3
       3
       3
       2
       6
       7
       2
       4
       3
       6
       2
       6
       2
       5
       1
       5
       2
       6
       4
       3
       6
       1
       5
       5
      12
       4
       4
       7
       1
       7
       4
       3
       1
       2
       5
       3
       7
       4
       5
       3
       0
       3
       5
       6
       1
       5
       3
       2
       1
       0
       4
       4
       5
       1
       7
       3
       4
       7
       4
       5
      12
       5
       4
       4
       4
       4
       1
       4
       2
       4
       2
       5
       5
       4
       5
       4
       5
       7
       5
       7
       3
       2
       5
       5
       4
       3
       5
       5
       5
       6
       6
       3
       4
       6
       2
       6
       5
       6
       0
       0
       0
       0
       0
       0
       0
       0
       0
       0
       0
       0
       0
       0
       0
       0
       0
       0
       0
       0
       0
       0
       0
       0
       0
       0
       0
       0
       0
       0
       0
       0
       0
       0
       0
       0
       0
       0
       0
       0
       0
       0
       0
       0
       0
       0
       0
       0
       0
       0
       0
       0
       0
       0
       0
       0
       0
       0
       0
       0
       0
       0
       0
       0
       0
       0
       0
       0
       0
       0
       0
       0
       0
       0
       0
       0
       0
       0
       0
       0
       0
       0
       0
       0
$ROI:
1
712 830
$PRESETS:
None
0
0
$ENER_FIT:
-23.656767 2.297974
$MCA_CAL:
3
-2.365677E+001 2.297974E+000 2.836717E-005 keV
$SHAPE_CAL:
3
0.000000E+000 0.000000E+000 0.000000E+000
