$SPEC_ID:
No sample description was entered.
$SPEC_REM:
DET# 1
DETDESC# DESKTOP-I499GD2 Easy-MCA-2k SN 18191655
AP# Maestro Version 7.01
$DATE_MEA:
02/29/2024 10:13:13
$MEAS_TIM:
26 27
$DATA:
0 2047
       0
       0
       0
       0
       1
       3
       8
       7
     576
      92
      83
      74
      83
      77
      79
      74
      74
     106
      89
     101
      75
      81
      77
     109
      78
      80
      96
      97
     109
     122
     141
     137
     118
     142
     141
     122
     124
     120
     124
     109
     139
     133
     139
     160
     162
     143
     177
     157
     163
     188
     191
     173
     177
     203
     210
     219
     207
     210
     214
     223
     220
     269
     301
     358
     358
     400
     363
     331
     271
     245
     228
     209
     217
     200
     183
     213
     171
     197
     193
     186
     204
     177
     196
     178
     175
     193
     190
     220
     187
     185
     206
     174
     216
     173
     197
     193
     175
     184
     194
     181
     192
     174
     183
     187
     193
     178
     167
     190
     177
     173
     171
     183
     179
     168
     184
     153
     164
     166
     176
     175
     167
     147
     172
     174
     162
     149
     147
     139
     145
     125
     153
     165
     145
     141
     125
     136
     125
     135
     128
     129
     143
     138
     136
     135
     130
     109
     130
     131
     132
     114
     126
     120
     116
     108
     112
     131
     117
     113
     134
     114
     125
     107
     119
     112
      99
     103
     102
     117
      95
      95
      75
      94
      89
      90
      88
      89
     112
      98
     105
     102
      87
      98
      92
      94
      93
     101
      98
      94
      80
      99
      89
      79
      84
      96
      88
      84
      76
      86
      82
      88
      78
      78
      91
      95
      69
      65
      82
      90
      90
      78
      75
      86
      81
      76
      83
      90
     100
     108
     124
     123
     148
     142
     170
     163
     199
     174
     195
     202
     214
     203
     193
     203
     210
     187
     164
     201
     159
     150
     129
     111
     104
     104
      89
      86
      78
      89
      73
      84
      68
      53
      67
      73
      50
      58
      55
      47
      55
      72
      67
      69
      57
      52
      54
      63
      48
      63
      46
      57
      56
      67
      38
      38
      57
      63
      65
      63
      41
      55
      57
      47
      61
      44
      45
      56
      46
      62
      48
      46
      58
      52
      54
      44
      41
      41
      47
      47
      43
      55
      41
      59
      45
      47
      43
      37
      53
      43
      49
      39
      44
      47
      47
      49
      46
      42
      51
      42
      38
      56
      57
      43
      52
      40
      56
      56
      53
      47
      36
      43
      52
      54
      45
      62
      48
      30
      57
      53
      39
      49
      48
      46
      46
      36
      38
      37
      43
      51
      38
      40
      35
      47
      41
      44
      29
      52
      45
      51
      53
      43
      41
      41
      43
      39
      54
      45
      39
      40
      47
      32
      44
      38
      49
      47
      47
      30
      42
      45
      50
      38
      37
      33
      49
      37
      42
      48
      37
      37
      47
      32
      34
      40
      42
      45
      41
      37
      70
      40
      44
      38
      42
      41
      47
      42
      39
      41
      38
      51
      37
      30
      43
      37
      45
      40
      45
      39
      40
      29
      41
      42
      38
      46
      36
      33
      41
      44
      41
      34
      31
      25
      34
      46
      41
      36
      32
      44
      33
      36
      38
      41
      33
      37
      31
      27
      44
      27
      36
      48
      31
      35
      27
      31
      47
      38
      25
      32
      40
      48
      45
      44
      27
      33
      37
      41
      34
      33
      29
      29
      40
      37
      45
      34
      36
      39
      26
      45
      39
      37
      39
      31
      37
      40
      35
      37
      41
      33
      43
      36
      33
      44
      37
      44
      42
      34
      38
      28
      38
      36
      38
      28
      30
      43
      49
      42
      39
      41
      38
      37
      38
      27
      32
      32
      36
      31
      36
      26
      39
      31
      35
      39
      28
      38
      30
      46
      28
      25
      37
      32
      33
      32
      58
      29
      23
      46
      40
      46
      39
      36
      32
      40
      44
      46
      42
      43
      36
      41
      35
      48
      42
      38
      46
      35
      29
      50
      45
      44
      36
      50
      43
      46
      50
      55
      61
      47
      55
      66
      37
      53
      41
      54
      42
      34
      40
      44
      40
      44
      46
      31
      41
      46
      40
      34
      35
      34
      35
      48
      44
      38
      41
      42
      41
      32
      37
      44
      50
      39
      42
      42
      32
      36
      45
      43
      36
      36
      44
      51
      39
      39
      35
      38
      46
      42
      52
      35
      45
      42
      50
      37
      46
      41
      38
      32
      33
      43
      41
      45
      57
      57
      45
      49
      41
      52
      37
      30
      50
      54
      54
      55
      51
      41
      39
      50
      49
      60
      44
      40
      39
      49
      43
      57
      46
      41
      47
      44
      52
      45
      40
      40
      42
      35
      38
      37
      29
      39
      38
      29
      29
      45
      29
      33
      31
      27
      33
      35
      31
      20
      32
      28
      30
      25
      28
      44
      19
      23
      25
      17
      16
      20
      15
      19
      27
      19
      22
      21
      20
      26
      21
      22
      24
      18
      17
      13
      18
      14
      20
      19
      26
      17
      15
      19
      24
      16
      30
      29
      22
      20
      12
      20
      27
      23
      23
      15
      20
      19
      35
      28
      20
      19
      24
      33
      22
      22
      27
      28
      27
      33
      29
      28
      25
      41
      40
      34
      46
      54
      46
      58
      71
      60
      72
      61
      88
      82
     100
      90
     106
     104
     114
     113
     116
     119
     157
     121
     137
     136
     118
     153
     148
     147
     150
     155
     131
     158
     147
     132
     151
     136
     141
     125
     103
     120
     107
     112
      88
      68
      61
      76
      67
      64
      64
      64
      47
      51
      31
      43
      39
      26
      22
      33
      25
      45
      27
      25
      26
      22
      19
      29
      24
       9
      16
      13
      14
      17
      10
      13
      10
      13
      20
      11
       8
      15
       8
      13
       7
       7
       7
      15
       8
      13
      11
      16
      14
      14
      15
      13
       9
      12
      11
      11
      12
      16
      12
      14
      11
      10
      12
      21
      13
       9
       9
      13
      18
      17
       9
      15
      16
      11
      14
      11
       9
      12
      18
       8
      11
      18
      12
      13
      15
      10
       7
      17
      13
       7
      13
       9
      11
      13
      15
      13
      14
      12
       7
      18
       9
      15
      14
      12
      12
       8
      14
      10
      15
      13
      19
       7
      14
       9
      13
      10
      10
       8
       9
      15
      11
      10
       9
       9
      10
      10
      12
      13
      13
       9
      12
       8
       6
       7
      13
      12
      12
      15
       6
      11
      14
       7
       9
       8
      16
      10
       9
      14
       8
      10
      11
       9
      16
      11
      20
      10
       3
       9
       7
      12
      10
      10
       6
      12
       9
      12
       4
      11
      12
      10
      12
       9
       7
      11
       9
      10
      15
       7
      19
      12
       9
      13
      10
       7
       5
      14
       5
       9
      12
       5
      10
       8
      10
      10
       9
      10
      14
      15
      10
      13
       9
       7
       3
      12
      14
      12
      16
       8
      16
      16
       5
      14
      12
       8
      10
       5
      12
       9
       4
      11
      10
      11
      13
      10
      16
      14
       7
      13
      10
      10
      14
      15
      12
      15
      10
       8
       8
       4
      13
       8
      10
      10
       9
       7
      10
       7
       9
      11
       7
       5
      13
      13
       8
      10
      12
       7
       4
       9
      12
      10
       3
      11
       9
       5
       7
      10
       9
      12
      12
      11
       4
       7
      13
      13
       5
      13
      12
       8
       9
      10
       8
       8
       7
       8
       9
      11
       9
       7
      11
      10
       9
       7
      12
      11
      14
       5
      16
      17
      15
      11
       7
       8
      19
       7
       8
       6
       8
       6
       9
      13
      10
      12
       9
       8
       8
       9
      10
       8
       6
       9
      12
       8
       9
       9
       6
       5
      13
      13
      11
      13
      14
       7
       7
      12
      10
       4
       8
       2
       9
       6
       7
      11
       5
       7
       7
       6
      11
       9
       9
      10
      10
      12
      10
       6
       9
       8
       7
       8
      12
       7
       8
       7
       9
      11
       8
       6
       5
       9
       8
       9
      12
       8
      11
       7
       7
       8
       5
       6
      10
       6
       3
      13
       9
      11
       7
       9
       8
       6
      10
      19
      10
      12
       3
       8
      11
       8
       6
      11
      10
       6
      14
      10
      10
       7
      15
       4
       9
      10
      15
       9
       8
      12
      12
      14
      11
      13
       7
      11
       6
      12
       8
      11
      12
      17
      18
      11
      11
      14
      13
      12
      10
       8
      14
      10
       9
       8
       9
      15
      12
      10
      13
       7
       7
      13
      11
       7
      15
      12
      11
       9
      11
       5
       7
       8
      12
      16
       9
      10
       9
      10
      10
       7
       9
       9
      10
       6
       8
       9
       7
       5
       9
       3
       7
       5
       8
       2
      10
       4
       9
      17
       8
       6
      12
       9
       4
      10
       7
      10
      11
       5
      11
      14
      10
       8
       6
      10
       9
       7
       5
      11
       8
      11
       8
       9
       9
       8
      11
       7
       9
       7
       6
       7
       7
       3
      11
       7
       5
       8
      11
       6
      12
      11
       9
      10
      10
       5
       9
       4
       9
       6
       6
      10
       4
       7
       8
       9
       6
      13
       6
       7
      11
       7
       5
       6
      10
       6
       3
       6
       9
       5
       8
       7
       8
       5
       7
      15
       7
       7
       6
       7
      12
      17
       5
      11
       7
       7
       8
       8
       6
       9
       8
       5
       9
       4
       8
      11
       5
       9
       8
       6
       3
       7
       4
       4
       8
       7
      18
       7
       6
       7
       8
      12
      11
       5
       5
       5
      12
       6
       9
       8
       7
       4
       8
      13
       8
       9
       7
       7
       8
       8
       6
       5
      12
       8
       5
       7
      10
       5
       9
       9
       8
       5
       6
      11
       8
       4
       5
       5
       9
       9
       6
      10
      13
       5
      11
       8
       9
       5
       7
      12
       5
       8
       5
       6
       8
       9
       6
      15
       4
       3
       9
       7
       4
       8
       8
       5
       9
       4
      10
       9
       7
       9
       9
       3
       9
       8
       6
       6
       7
      13
      12
       7
       9
       5
       8
       6
       9
       7
      14
       9
       3
       6
      10
       8
       8
       5
       9
      10
       8
       7
      14
       5
       5
       5
       9
       8
       5
       7
       9
       9
      10
       7
       6
       4
       8
       6
       4
       9
       3
       4
       7
       7
       6
       9
       3
       8
       3
      14
       8
       5
       8
       9
       5
      10
       6
       9
       6
       7
       9
       6
       9
       9
      10
       4
       6
       8
       5
       8
       9
       3
       9
      11
       5
       5
       8
      12
       6
       9
      11
      10
      10
       4
      15
       9
      10
       7
       4
       8
      14
      11
      10
       4
       7
       6
       7
       9
       9
      11
       9
      11
       7
       5
       7
      13
      10
      12
       6
       8
      11
       7
       7
      11
      10
       8
      10
      11
       8
       7
       9
       9
      15
       4
       9
       9
      10
       9
       7
       7
      11
       7
       9
      11
       4
       9
       8
       8
       6
       9
      11
      11
      20
      11
      11
      10
      11
       4
       8
      11
       9
      10
       7
       3
      10
       5
       9
       6
      10
       6
       9
      10
      10
       9
       2
      11
      12
       8
      14
       6
       9
       6
       9
      10
       7
       8
       7
      11
      10
       5
       6
      14
      10
       6
      11
       5
       8
       9
       5
       8
       8
      11
      15
      10
       3
       9
       8
       7
       8
       9
       6
      13
      12
      13
       7
      12
       5
       5
       6
       9
      12
      14
       7
       9
       5
       8
       9
       3
      10
      11
      12
       8
       9
      14
       9
      11
       5
       5
      10
      12
      10
      10
      15
       9
       6
       4
      10
      15
       8
      12
       7
       7
       9
       8
       2
      14
      12
       9
       8
      12
      13
      10
       8
      13
       7
      10
       8
      10
      11
      15
       9
      11
      11
      10
      17
       6
       5
      18
       8
      10
      10
      13
       6
      11
       8
       3
      12
      13
       8
       9
      11
      10
      11
      10
      17
      14
      11
       9
      14
      12
       9
       7
       7
      16
      12
      14
       9
      12
      11
      11
      11
      11
      16
       8
      10
      11
       9
       8
      12
      14
       4
       8
      11
      10
       6
      15
       9
       9
       9
      10
       5
      12
      13
       4
       9
      18
       6
      13
       6
      15
       7
      10
       8
       7
       8
      10
      17
      15
      10
      11
      15
      11
      10
      14
      11
      10
      13
       9
       8
      14
       9
       7
      15
       6
       7
      12
      11
      12
      14
       7
      12
      12
      10
       5
      10
      15
      12
       6
      10
       6
      11
       9
      11
       8
       9
       5
       9
       8
       8
      12
      17
       6
       8
      11
       8
       7
       8
       9
      10
       8
      12
      13
       6
       9
       6
       6
      10
      11
       4
      10
       9
      10
      11
      12
      12
       7
      12
       9
       7
      11
       6
       5
       6
      10
       5
       6
       7
       7
       5
       8
       7
      10
       9
       3
       9
      12
       6
       2
      14
      13
      10
      13
       7
       8
       6
       6
       9
      19
       7
      12
       9
       6
      18
       9
       1
       5
       4
      13
      14
       9
       7
       9
       7
      15
       5
       4
       6
       6
      10
      12
      17
       8
       7
       6
       6
      10
       4
       9
      10
       7
      12
       9
      12
       9
      11
       6
      10
      10
       9
       9
       8
      11
      11
       7
       9
      13
       7
       6
       9
      10
       9
      10
      14
      13
       5
      10
       8
       8
       9
      12
       7
      13
       3
      10
       7
       8
       4
       9
      13
      10
      11
       6
       7
      12
       6
       8
       1
       0
       0
       0
       0
       0
       0
       0
       0
       0
       0
       0
       0
       0
       0
       0
       0
       0
       0
       0
       0
       0
       0
       0
       0
       0
       0
       0
       0
       0
       0
       0
       0
       0
       0
       0
       0
       0
       0
       0
       0
       0
       0
       0
       0
       0
       0
       0
       0
       0
       0
       0
       0
       0
       0
       0
       0
       0
       0
       0
       0
       0
       0
       0
       0
       0
       0
       0
       0
       0
       0
       0
       0
       0
       0
       0
       0
       0
       0
       0
       0
       0
       0
       0
$ROI:
1
712 830
$PRESETS:
None
0
0
$ENER_FIT:
-23.656767 2.297974
$MCA_CAL:
3
-2.365677E+001 2.297974E+000 2.836717E-005 keV
$SHAPE_CAL:
3
0.000000E+000 0.000000E+000 0.000000E+000
