$SPEC_ID:
No sample description was entered.
$SPEC_REM:
DET# 1
DETDESC# DESKTOP-I499GD2 Easy-MCA-2k SN 18191655
AP# Maestro Version 7.01
$DATE_MEA:
02/29/2024 10:21:23
$MEAS_TIM:
24 25
$DATA:
0 2047
       0
       0
       0
       0
       0
       4
       3
       8
     386
      72
      53
      67
      63
      74
      69
      86
      84
      68
      75
      59
      64
      76
      78
      63
      70
      69
      85
      83
      93
      80
     101
      93
     107
     101
     120
     108
      94
      97
     108
      98
     105
     106
     110
     134
     133
     113
     125
     137
     127
     143
     166
     167
     154
     164
     195
     161
     178
     184
     196
     191
     198
     242
     257
     304
     312
     306
     315
     286
     237
     194
     188
     155
     189
     163
     180
     180
     163
     165
     156
     152
     147
     189
     179
     170
     156
     198
     124
     177
     163
     178
     151
     168
     145
     161
     165
     160
     164
     127
     136
     167
     149
     153
     147
     156
     153
     144
     148
     153
     153
     161
     128
     147
     134
     125
     143
     165
     139
     112
     124
     145
     138
     131
     146
     140
     129
     120
     113
     110
     107
     119
     130
     108
     102
     115
     107
     124
     107
     108
     138
     108
     114
      95
     107
     107
      95
     101
     107
      92
      96
      91
      95
     106
      89
      94
      88
      88
      94
      91
     112
      86
      69
      82
      99
      67
      77
      81
      81
      83
      82
      86
      83
      85
      83
     100
      81
      75
      91
      72
      73
      58
      73
      73
      75
      65
      74
      71
      77
      84
      71
      76
      67
      71
      63
      64
      76
      62
      66
      61
      72
      62
      77
      77
      66
      81
      72
      64
      74
      49
      52
      59
      64
      78
      80
      70
      82
      95
     102
      95
      86
     108
     105
     135
     147
     153
     144
     154
     169
     162
     198
     186
     178
     141
     191
     138
     169
     117
     149
     132
     107
      97
      91
      82
      76
      69
      75
      66
      50
      52
      53
      44
      49
      50
      48
      45
      44
      49
      44
      41
      50
      49
      45
      55
      49
      40
      46
      36
      46
      49
      45
      52
      40
      35
      48
      49
      46
      36
      36
      36
      38
      35
      41
      32
      43
      43
      50
      44
      33
      51
      34
      57
      44
      36
      34
      32
      39
      45
      35
      36
      42
      33
      34
      34
      30
      41
      37
      45
      41
      30
      46
      41
      30
      35
      27
      57
      41
      35
      46
      33
      50
      46
      29
      38
      45
      43
      44
      40
      34
      32
      32
      33
      44
      44
      33
      37
      36
      33
      36
      35
      40
      30
      41
      37
      31
      36
      30
      30
      43
      37
      44
      42
      29
      34
      28
      36
      30
      37
      36
      34
      41
      31
      30
      33
      34
      35
      35
      32
      28
      35
      45
      48
      30
      28
      32
      46
      39
      29
      28
      36
      30
      41
      27
      39
      32
      38
      29
      35
      30
      32
      29
      21
      15
      24
      24
      23
      28
      36
      27
      30
      33
      34
      25
      36
      23
      35
      21
      40
      36
      34
      32
      38
      28
      33
      29
      28
      32
      40
      29
      28
      27
      29
      17
      28
      36
      24
      23
      25
      20
      34
      39
      24
      28
      26
      20
      29
      36
      39
      29
      25
      30
      30
      32
      29
      40
      34
      36
      35
      32
      27
      24
      29
      23
      39
      18
      28
      25
      26
      21
      24
      33
      28
      33
      34
      21
      26
      30
      35
      43
      25
      30
      30
      29
      36
      35
      34
      33
      34
      40
      26
      23
      23
      40
      26
      39
      36
      34
      23
      37
      36
      37
      33
      34
      38
      26
      28
      31
      23
      31
      38
      38
      25
      31
      31
      33
      37
      29
      27
      22
      32
      29
      23
      31
      37
      28
      39
      27
      36
      26
      27
      23
      32
      25
      38
      33
      29
      23
      22
      22
      24
      20
      31
      29
      39
      37
      22
      27
      33
      24
      38
      34
      28
      26
      24
      27
      30
      43
      33
      31
      32
      42
      31
      34
      44
      33
      44
      43
      36
      38
      27
      45
      34
      32
      50
      43
      37
      39
      50
      35
      33
      39
      41
      32
      36
      28
      28
      30
      24
      38
      29
      24
      34
      30
      27
      26
      26
      39
      22
      28
      37
      31
      33
      28
      20
      29
      32
      37
      29
      34
      24
      38
      35
      32
      39
      29
      24
      30
      33
      40
      34
      23
      26
      31
      40
      26
      38
      41
      47
      33
      27
      36
      37
      37
      32
      37
      29
      38
      41
      38
      36
      37
      36
      42
      45
      39
      39
      41
      29
      31
      36
      35
      35
      36
      53
      42
      39
      44
      25
      47
      41
      32
      36
      44
      27
      35
      29
      28
      23
      32
      25
      29
      30
      30
      28
      25
      22
      33
      24
      32
      18
      24
      28
      23
      22
      25
      14
      15
      28
      23
      24
      29
      23
      14
      19
      23
      11
      22
      11
      17
      21
      20
      21
      10
      19
      25
      11
      17
      12
      11
      15
      16
      10
      15
      23
      13
      20
      22
      18
      17
      19
      12
      16
      14
      18
      20
      18
      10
      13
      14
      17
      17
       9
      19
      17
      26
      16
      16
      21
      24
      18
      14
      25
      18
      24
      22
      16
      32
      26
      27
      36
      36
      36
      48
      32
      36
      56
      62
      48
      74
      71
      69
      71
      69
      79
      86
     100
      73
     104
     110
     103
     125
     118
     121
     125
     126
     121
     109
     119
     112
     115
     104
     132
     107
     103
      99
     101
      76
      89
      93
      91
      84
      73
      68
      65
      42
      53
      61
      50
      40
      43
      51
      38
      26
      32
      35
      28
      36
      23
      17
      20
      26
      13
      17
       9
      12
      12
      14
      10
      17
       9
      13
       9
      10
      12
       7
      14
       8
      14
      10
      10
      10
       4
       8
       7
       7
       8
      11
       9
       7
      16
      10
       9
      15
       8
      12
       9
       6
      10
      13
       8
       8
      13
       9
      10
       8
       8
       3
      12
       8
       9
       4
       5
       9
       9
       7
      11
      10
       6
       3
      11
       7
      12
       9
      14
      17
      12
      17
      16
       5
      11
      10
       9
      10
       8
       5
      12
       8
      13
       9
       3
       9
      11
      10
       6
       6
       7
      14
       6
       7
       7
      10
      13
      12
       6
       9
      14
       7
      13
      12
       6
      12
       5
       8
       7
       7
      15
       7
       6
       7
       6
      10
      10
      10
      10
       7
       8
      11
       4
       9
       8
       8
       5
       6
       9
       6
      20
       4
       5
       8
      10
       8
       6
       7
       2
       6
       7
       6
       6
       4
      10
      13
       9
       8
       6
       7
      11
      11
       5
       7
      11
       8
       7
       9
       5
       8
       6
      10
      10
       7
       7
       8
       7
       8
      10
       8
      10
       6
      11
       9
       8
      11
       9
       7
       8
       9
       9
      14
      12
       8
       6
      12
       7
      13
       7
       8
       3
      13
       3
       8
       4
       7
      10
       4
      14
      12
       8
      16
       6
       7
       5
       7
       8
       9
       8
       6
       9
       8
       7
      14
       7
      11
      10
      11
       9
       6
       3
      11
      10
      11
      12
       5
       6
       9
       8
       5
       9
      12
       8
       7
       7
      11
       9
       7
       6
       6
       4
       6
       8
       1
       8
       7
       8
       2
       7
       5
       6
       9
       5
      11
       5
      11
       4
       4
       5
       5
       5
       8
       6
       4
       6
       5
      10
       7
      10
       9
      14
      13
       3
       8
       4
       9
       9
       7
      11
      13
       9
       4
      11
       5
       6
       8
      11
       6
       7
       7
       9
       6
       8
       6
       8
       7
       6
       4
      11
       8
       9
       2
       9
       7
       5
       7
       1
       6
       6
       5
       6
       9
       3
       9
       6
       8
       6
       4
       7
       8
      11
       5
       5
       7
       7
       6
       9
       9
       3
       7
       6
       4
       4
       9
       6
       9
       9
      10
      10
       6
       6
       6
       6
       6
       5
       6
       5
       8
      14
       9
       7
       1
       6
       7
       7
       2
       3
       5
       8
       7
       5
       9
      10
       6
       4
       6
       7
       8
       6
       9
       2
       9
       2
       5
       4
       9
       5
       4
       7
       8
       4
       5
      10
       5
      13
       6
       4
       3
       2
       9
       6
      10
       3
       2
       6
       6
      11
       9
      11
       6
      13
       6
       4
      10
      13
      11
       5
      11
       3
      12
       8
       9
      13
      10
      10
      11
       8
       3
       8
       7
       7
       7
       8
       8
       8
       3
       4
      10
      13
      16
      13
       9
       4
       3
       8
      10
       7
      10
       7
       7
       7
       9
       6
       5
       3
       6
       7
       4
      10
       5
       4
       5
       3
       5
       8
      11
       4
       9
       7
       4
       4
       7
       9
       6
       9
       6
       4
       1
       5
       4
       6
       6
       4
       7
       7
       4
       5
       4
       9
       9
       6
       5
       1
       2
       7
       7
       9
       6
      11
      15
       6
       4
       6
       7
       4
      11
       7
       4
      11
       6
       5
       6
       4
      12
       5
       7
       4
       6
       6
       7
       4
       6
      10
       7
       6
       6
      11
       7
       3
       8
       8
       8
       7
       5
       8
       3
       7
       7
       9
       4
       6
       5
       4
       5
       3
       6
       8
       6
       6
       5
      10
       5
       7
       7
       7
       9
       6
      11
       3
       6
       5
       2
       5
       4
       8
       8
       6
       4
       4
       5
      11
       5
       7
       4
       3
       8
       1
       2
       9
       5
       4
       6
       6
       1
      10
       9
       5
       4
       5
       7
       4
       5
       6
       6
       6
       6
      15
       8
       5
       4
       4
       2
       9
       1
       9
       3
       4
       5
       2
       4
       4
       3
       9
       7
       3
       4
       7
       4
       5
       9
       6
       9
       5
       6
       4
       9
       5
       4
       5
       4
       6
       3
       6
       7
       7
       6
       3
       6
       2
       4
       4
       6
      12
       5
       7
       5
       3
       6
       9
       7
       6
       8
       9
      12
       2
       9
       7
       3
       5
       2
      10
       5
       8
       7
       8
       8
       6
       4
       5
       5
       9
      11
       5
       7
       4
       2
       2
       4
       7
       1
       5
      14
       8
       5
       8
       6
       5
       8
       7
       5
       6
       4
       9
       2
      11
       9
       9
       7
       3
       9
       2
       4
       3
       4
       7
       4
       8
       4
       5
       7
       7
       9
      10
       8
       4
       6
       4
       4
       6
       2
       2
       7
       5
       3
       6
       4
       4
       4
       3
       7
       6
       6
       3
       9
       6
       6
       4
       7
       5
       7
       6
       8
       6
      11
       3
       7
       7
       8
      12
       4
       7
      11
      10
       6
       7
       7
       5
       5
       8
       8
      12
       5
       6
       7
      13
       6
       8
       7
       8
       4
      15
       4
      11
       4
       4
       7
       4
      10
       5
       5
       6
       9
      10
       3
       9
       4
      11
       7
      10
       8
       5
       4
       7
      14
      10
       7
       7
       4
       5
       4
       8
       5
      10
       9
       3
       5
       8
       6
       6
       1
      11
       8
       5
       7
       4
       4
       2
       5
       4
       8
      12
       6
       8
       8
       5
       8
       9
       6
       6
       6
       3
       9
       6
       4
       7
       5
      16
       6
      10
       6
       8
       9
       4
       9
       5
       5
      10
       8
      11
      13
       7
       7
       7
       4
       4
       8
       6
       4
       4
       8
       5
       6
       5
       5
       6
       3
       5
       7
       6
       6
       9
      10
       8
       8
       7
       9
       4
       5
       4
       9
       7
      11
       7
       7
       6
       7
       8
       6
      10
       4
       4
      10
       5
       5
      16
       5
       4
       6
       7
      11
       7
       8
       6
       6
      12
       5
       6
      13
       7
       8
      13
       5
      11
       7
      11
       5
       7
       4
       7
       2
       4
       9
       7
       6
       4
       7
       9
      10
       8
       1
       6
      14
       7
       8
       6
       7
       6
      11
       9
      13
       7
       7
       7
       9
       8
      13
       9
       2
       5
       5
      11
       4
       7
       4
       6
       5
      10
       9
       5
       4
      15
       9
       3
       5
      13
       9
       6
      15
       4
       7
      10
       9
       5
      11
      11
       8
       9
      10
       9
       9
       6
       5
       8
      14
      11
      10
      12
      11
       6
       4
       3
       9
       7
       8
       7
      13
       5
       9
       7
       4
      10
       3
       4
      12
       9
       8
      10
       6
       9
       3
      10
       5
      13
       8
      14
      11
       7
      13
       6
       9
       7
       6
       6
      15
       2
       8
       9
       7
       4
       5
       8
       6
      10
       7
      10
      11
       7
       7
       8
       4
       5
       6
       4
       5
       6
       5
       6
       7
      10
       3
       5
      12
       4
       9
      15
       5
       7
       8
       6
       4
       7
       7
       4
       8
       5
       5
       4
       6
       9
       6
       9
      10
      10
       7
       7
      12
      11
       3
       6
       6
       5
       4
       8
       3
       9
       7
       6
       8
       8
       6
       6
      10
       6
      12
       5
       7
       9
       8
       5
       6
       5
       3
       5
       4
       3
       6
       3
       6
       7
       8
       8
       6
       7
       4
       8
       9
       8
       6
       9
      13
       7
       6
      13
       9
       5
       6
       4
       5
      10
       7
       9
       6
       9
       6
       4
       8
       7
       2
       9
      10
       3
       6
      10
      11
       9
       1
       5
       6
       6
       0
       5
      10
       6
      10
       5
       7
      12
       5
      15
       6
       8
      10
       7
       7
       9
       6
       7
       6
       6
       9
       4
       6
       6
      11
       3
       7
       6
       5
       7
      10
       5
       1
       0
       0
       0
       0
       0
       0
       0
       0
       0
       0
       0
       0
       0
       0
       0
       0
       0
       0
       0
       0
       0
       0
       0
       0
       0
       0
       0
       0
       0
       0
       0
       0
       0
       0
       0
       0
       0
       0
       0
       0
       0
       0
       0
       0
       0
       0
       0
       0
       0
       0
       0
       0
       0
       0
       0
       0
       0
       0
       0
       0
       0
       0
       0
       0
       0
       0
       0
       0
       0
       0
       0
       0
       0
       0
       0
       0
       0
       0
       0
       0
       0
       0
       0
$ROI:
1
712 830
$PRESETS:
None
0
0
$ENER_FIT:
-23.656767 2.297974
$MCA_CAL:
3
-2.365677E+001 2.297974E+000 2.836717E-005 keV
$SHAPE_CAL:
3
0.000000E+000 0.000000E+000 0.000000E+000
