$SPEC_ID:
No sample description was entered.
$SPEC_REM:
DET# 1
DETDESC# DESKTOP-I499GD2 Easy-MCA-2k SN 18191655
AP# Maestro Version 7.01
$DATE_MEA:
02/29/2024 10:22:39
$MEAS_TIM:
25 26
$DATA:
0 2047
       0
       0
       0
       0
       0
       1
       3
       6
     295
      56
      64
      55
      56
      68
      75
      67
      54
      81
      68
      83
      64
      56
      71
      80
      66
      67
      65
      75
      87
     109
      96
     101
      91
     114
     114
      96
      79
      77
      93
      85
      94
     105
     122
     123
     110
     105
     103
     139
     129
     154
     146
     148
     170
     134
     148
     151
     174
     173
     161
     166
     179
     209
     237
     292
     349
     322
     285
     248
     207
     195
     161
     138
     160
     162
     146
     129
     152
     142
     155
     159
     158
     150
     144
     154
     174
     148
     158
     134
     148
     127
     160
     153
     138
     132
     154
     132
     140
     123
     144
     125
     135
     133
     128
     130
     146
     129
     128
     145
     145
     134
     138
     142
     111
     148
     125
     120
     152
     128
     118
     118
     138
     127
     134
     120
     127
     127
     126
     116
     144
     132
      99
     100
     101
     107
     104
     116
     106
     103
      94
      99
      95
      90
      83
      92
     107
      95
     108
      88
      85
      87
      73
     101
      72
      80
      94
      83
      93
      81
      87
      65
      81
      70
      76
      81
      77
      79
      63
      70
      68
      88
      77
      88
      87
      76
      60
      75
      64
      76
      95
      47
      86
      70
      73
      75
      68
      74
      67
      63
      62
      65
      52
      73
      51
      68
      60
      60
      61
      67
      61
      60
      72
      63
      60
      59
      76
      62
      63
      59
      54
      57
      53
      56
      74
      58
      77
      72
      72
     109
      86
     109
     107
     101
     105
     150
     144
     158
     126
     165
     159
     158
     153
     156
     146
     154
     141
     132
     124
     102
     113
      80
      86
      67
      54
      69
      58
      48
      55
      51
      46
      33
      48
      40
      47
      38
      43
      37
      37
      36
      42
      31
      41
      26
      42
      37
      35
      42
      33
      35
      30
      48
      38
      33
      36
      39
      35
      45
      37
      29
      41
      36
      51
      42
      34
      26
      43
      43
      37
      45
      37
      23
      30
      41
      44
      38
      38
      56
      37
      38
      37
      32
      33
      31
      25
      44
      44
      29
      30
      37
      34
      40
      36
      35
      31
      53
      32
      36
      29
      38
      47
      34
      33
      42
      43
      35
      50
      36
      36
      39
      47
      34
      49
      36
      28
      33
      48
      30
      30
      31
      54
      26
      31
      40
      32
      38
      29
      32
      40
      36
      45
      43
      36
      35
      37
      32
      29
      35
      26
      33
      33
      42
      37
      35
      25
      25
      26
      34
      31
      42
      36
      34
      33
      27
      32
      31
      35
      35
      27
      34
      26
      36
      33
      40
      35
      35
      23
      23
      27
      25
      31
      32
      31
      41
      28
      35
      31
      30
      29
      34
      37
      26
      31
      29
      35
      29
      37
      36
      26
      31
      29
      26
      25
      33
      26
      21
      22
      28
      27
      36
      36
      25
      27
      24
      27
      33
      32
      24
      29
      37
      30
      18
      29
      34
      33
      35
      24
      31
      27
      21
      18
      26
      29
      31
      34
      28
      22
      25
      24
      27
      23
      22
      26
      33
      24
      20
      28
      31
      22
      26
      22
      26
      22
      31
      29
      26
      22
      22
      30
      37
      15
      34
      24
      25
      34
      44
      18
      33
      36
      22
      23
      32
      26
      29
      30
      30
      22
      24
      36
      34
      45
      32
      27
      39
      36
      24
      37
      25
      36
      31
      26
      32
      30
      31
      30
      22
      31
      20
      22
      25
      30
      28
      27
      27
      30
      29
      32
      29
      16
      26
      23
      26
      32
      23
      32
      23
      25
      25
      31
      22
      22
      20
      30
      31
      26
      24
      27
      26
      36
      34
      25
      29
      35
      35
      33
      34
      25
      38
      22
      33
      36
      25
      31
      35
      27
      41
      31
      31
      22
      30
      29
      32
      33
      32
      30
      35
      43
      33
      29
      32
      29
      29
      33
      31
      30
      34
      26
      40
      31
      39
      29
      31
      20
      26
      23
      25
      27
      30
      38
      33
      32
      24
      28
      25
      26
      17
      32
      34
      27
      28
      36
      24
      24
      30
      26
      32
      34
      25
      32
      26
      25
      29
      33
      47
      28
      35
      30
      24
      50
      31
      33
      26
      40
      34
      34
      32
      29
      27
      34
      43
      32
      35
      38
      38
      36
      33
      31
      29
      43
      37
      46
      40
      29
      31
      37
      33
      29
      36
      28
      41
      34
      25
      26
      33
      29
      25
      28
      30
      36
      24
      21
      18
      30
      39
      21
      24
      15
      25
      20
      27
      13
      21
      22
      14
      33
      16
      13
      24
      18
      18
      21
      17
      16
      19
       8
      10
      13
      18
      13
      14
      14
      15
      15
      22
      13
      22
      16
      10
      16
      16
      15
      12
      16
       9
       9
      11
      12
      15
      13
      17
      15
      18
      15
      10
      15
      16
      18
      15
      14
       6
      16
      20
      19
      10
      14
      17
      13
      21
      10
      21
      15
      26
      13
      21
      24
      24
      28
      23
      24
      34
      29
      31
      46
      34
      36
      53
      52
      58
      49
      67
      58
      64
      90
      59
      72
      85
      73
      93
      85
     100
      99
     105
     118
      99
      99
     110
     115
      98
      97
     105
     104
      77
      97
      95
      99
      89
      79
      95
      68
      78
      68
      74
      64
      61
      56
      39
      52
      43
      39
      39
      28
      43
      28
      32
      23
      27
      14
      17
      19
      19
      13
      18
      19
      13
      15
      17
       8
      14
       6
      13
       8
      18
      12
      11
       5
       9
       4
      13
      11
       7
       6
      12
      14
       6
       6
      11
      11
      10
       7
       4
       8
      12
      11
      11
      13
      14
       3
       5
       9
       9
      16
       4
       7
       9
      10
       7
       8
       8
       9
       7
       9
       5
       9
      12
       8
      11
       7
       3
       4
       5
       6
       7
       7
       8
      16
       9
       9
      10
       5
      10
       8
       8
       6
      10
      11
       8
       9
       5
       3
      11
       5
       7
      10
       7
       8
       8
       9
       5
      12
       8
       8
       9
       4
       7
       8
      12
      10
       8
       7
      14
       6
       8
      10
       8
      10
       7
       8
       8
       5
      12
       8
      16
       7
       5
       5
       9
       7
       9
       7
       7
       6
       7
       6
      10
       7
      16
      10
       8
      11
       3
       4
       7
       8
       6
       5
       7
       6
       6
       5
       9
       5
       8
       6
      10
       6
      12
       5
      13
       5
       9
      11
      10
       4
       8
      11
       4
       6
       8
       7
       7
       4
       4
      10
      13
       7
       7
       4
       6
       7
       7
       5
       5
       5
       8
       7
       7
       7
       3
       4
       7
       8
      10
       4
       6
       6
       4
       7
      13
      12
       8
       9
       9
       5
      10
       8
       7
       8
      10
      10
       5
       4
       9
       8
       9
       6
       9
       5
       9
      10
       3
       6
       7
       7
      10
       6
       4
       7
       9
       8
       9
       5
       6
      10
      10
       6
       8
       8
       6
       7
       4
       7
       7
       4
       8
       6
       5
      12
      17
       5
       7
       9
       8
      11
       5
      11
       6
       7
       4
       8
      10
      14
       9
       6
       4
       8
      11
       7
       9
       7
       7
       8
       6
       5
       5
      11
       3
       5
       8
       6
       4
      10
       8
      10
       5
       6
      11
       4
       8
       6
       8
       4
       8
       4
       7
       6
       4
       4
      11
       4
       8
       3
       6
       7
       7
       8
       3
       2
       5
       4
       7
       7
       6
       4
       7
      10
       3
       6
       6
       3
       6
       2
       6
       4
       7
       3
      10
       6
       7
       5
       3
       8
       8
       3
       3
       1
      12
       5
       4
       5
       3
       9
      11
       5
       6
       7
       2
       6
       6
       6
       7
       3
       8
       9
       7
      11
       1
       8
       8
       5
       7
       9
       3
       9
       3
       2
       8
       8
       7
       3
       7
       5
      12
       6
      12
       3
       6
       3
       6
       7
       5
       7
       8
       5
       6
       5
      11
       1
       5
       8
       9
       3
      11
      11
       4
       6
       4
       4
       6
       8
       5
      10
      10
       8
      11
      10
       7
      10
       6
       9
       7
       9
       7
       5
      16
       8
       7
       9
       9
      11
       6
       9
       5
       8
       5
       5
       5
       5
       8
      10
      10
       4
       9
      10
       7
       9
      11
       4
       6
       7
       7
       7
       4
       5
       4
       4
       6
       9
       5
       9
       3
       5
       9
       5
       7
       8
       6
      11
       4
       8
       5
       4
       5
      11
       6
       5
       7
       1
       6
       3
       3
       8
       5
       5
      11
       5
       9
       8
       8
       8
       9
      14
       6
       7
       1
       7
      11
       4
       3
       2
       7
       7
       3
       7
       4
       6
       4
       5
       7
       9
       5
       7
       7
      11
       4
       4
       3
       9
       3
       3
       5
       4
       7
       3
       6
       4
       3
       7
       4
       5
       3
       6
       6
       7
       7
       6
       6
       8
       6
       4
       8
       7
       4
       7
       5
       6
       4
       0
       6
       6
       4
       8
       3
       9
       8
       6
       6
       9
       3
       5
       0
       5
       5
       4
       2
       6
       6
       3
       6
       3
       7
       4
       4
       5
       4
       4
       3
       6
       8
       3
       2
      10
       6
       4
       4
       6
       5
       4
       7
       9
       1
       4
       3
       2
       6
       7
       4
       4
       2
       2
       5
       5
       3
       2
       4
       2
       5
       4
       8
       0
       4
       6
       2
       1
       7
       5
       8
       5
       4
       6
       5
       6
       3
      13
       5
       2
       5
       5
       3
       7
       8
       3
       6
       2
       5
       6
       5
       1
       6
       4
       7
       5
       6
       9
       8
       6
       8
       3
      11
       6
       3
       2
       3
       8
       4
       3
      11
       8
       4
       2
       8
       5
       6
       6
       6
       7
      10
       4
       6
       5
       3
       7
       3
      12
       6
       1
       1
       8
       8
       6
       6
       4
       5
       8
       4
       7
      10
       3
       4
       8
       6
      10
       5
       4
       5
       5
       5
       5
      10
       6
       6
       5
       5
       3
       8
       7
       3
       4
       6
      10
      10
       3
       6
       2
      10
       3
       6
       5
      13
       6
       5
       7
       3
       6
       4
       7
       6
       7
       3
       7
      13
      11
       2
      11
      10
       8
       3
       6
       8
       6
       3
      12
       4
       7
       3
       5
      12
       3
       5
       4
       7
       7
       3
       8
       4
       3
       2
       6
       8
      10
       2
       3
       4
       3
       9
       5
       6
       8
      10
       9
       4
       8
       9
      13
       9
       6
      11
       7
      14
       4
       6
       8
       4
       8
       7
       7
       3
      10
       9
       5
       3
       6
      10
       8
       6
       7
      12
       5
       5
       4
       5
      10
       8
       4
       5
       7
       7
       8
      10
       5
       3
       7
      10
       4
       4
       3
       5
       7
      10
       5
      11
      10
       5
       6
       5
       9
       6
       5
       9
       6
       6
       5
       9
       8
       8
       5
      12
       4
       6
      10
       5
       4
       8
       5
       8
       2
      12
       8
       4
      12
       2
       3
       6
       8
       7
       7
       3
       1
       8
       7
       7
       8
       2
      13
       5
      12
       6
       6
       4
       9
       5
       8
      13
       9
       9
       9
       4
      10
       1
       5
       4
       1
       6
       6
       8
       4
       8
       9
       5
      14
       3
       5
       7
       9
      10
       5
       8
       7
      13
       8
      11
      10
       8
       4
       7
       6
       2
       7
       8
       5
      12
      10
       8
       6
       8
       6
       8
       9
      10
       4
       7
       8
       5
       7
       7
       7
       7
       6
       4
       9
       6
       7
       6
       6
       6
       7
       6
      12
       9
      10
       8
       3
       9
       4
       6
      11
       5
       9
       4
       8
       3
       7
       5
       6
       5
       8
       3
       8
      12
      12
       9
      10
       4
      11
       2
       3
       8
       8
       7
       6
       4
       5
      12
       8
       9
      11
       8
       9
      10
       8
      10
      10
       8
       2
       8
       7
       1
      14
      10
       2
      12
      12
       6
       7
       7
       3
       7
       7
       4
       4
       7
      10
       7
       8
      11
       9
       6
       6
       5
       4
       9
       9
       4
       8
       6
      10
       2
       3
      11
       6
       9
      11
       2
       5
       7
       6
       5
      16
       9
       6
       4
       6
       5
       4
      11
      10
       7
       7
       5
       7
       4
       7
       7
       9
       6
      10
      10
       7
       6
       6
       7
       4
      11
      10
       4
       5
       3
       7
       8
       8
      10
       5
       6
       7
       4
       8
      11
       9
       8
       5
       4
       6
       7
      10
       6
       8
       6
       6
       5
       2
       6
      14
       4
       6
       6
       5
       4
       3
       5
       2
       6
       8
       8
       7
      11
       6
       9
       3
      10
      11
       6
       5
       2
       6
       6
      10
       4
       7
       7
      13
       4
       7
       5
       4
       3
       3
      10
       4
       7
       7
       8
       6
       4
       8
       6
      10
      10
       7
       4
       7
       5
       5
       2
       5
       9
       4
       9
       6
       9
       9
      12
       9
       7
       5
       6
       3
       6
       8
       8
       5
       7
       7
       6
       7
       4
      12
       6
       0
       8
       9
       8
       6
       6
       6
       7
       4
      10
       6
       4
       8
       8
       7
       7
      14
       5
       2
       2
       6
       9
       5
      10
       3
       6
       2
       8
       6
       4
       2
       0
       0
       0
       0
       0
       0
       0
       0
       0
       0
       0
       0
       0
       0
       0
       0
       0
       0
       0
       0
       0
       0
       0
       0
       0
       0
       0
       0
       0
       0
       0
       0
       0
       0
       0
       0
       0
       0
       0
       0
       0
       0
       0
       0
       0
       0
       0
       0
       0
       0
       0
       0
       0
       0
       0
       0
       0
       0
       0
       0
       0
       0
       0
       0
       0
       0
       0
       0
       0
       0
       0
       0
       0
       0
       0
       0
       0
       0
       0
       0
       0
       0
       0
$ROI:
1
712 830
$PRESETS:
None
0
0
$ENER_FIT:
-23.656767 2.297974
$MCA_CAL:
3
-2.365677E+001 2.297974E+000 2.836717E-005 keV
$SHAPE_CAL:
3
0.000000E+000 0.000000E+000 0.000000E+000
