$SPEC_ID:
No sample description was entered.
$SPEC_REM:
DET# 1
DETDESC# DESKTOP-I499GD2 Easy-MCA-2k SN 18191655
AP# Maestro Version 7.01
$DATE_MEA:
02/29/2024 10:23:55
$MEAS_TIM:
34 35
$DATA:
0 2047
       0
       0
       0
       0
       0
       1
       1
       3
     172
      63
      62
      55
      67
      45
      64
      75
      61
      64
      78
      63
      65
      60
      66
      48
      57
      69
      62
      65
      79
      88
      85
      91
      97
      98
     104
      80
      84
      80
      78
      75
      90
      92
     102
      92
     107
     122
     115
     128
     138
     125
     123
     144
     143
     142
     163
     159
     164
     169
     175
     173
     187
     217
     288
     314
     352
     344
     293
     257
     247
     181
     166
     157
     144
     149
     143
     147
     153
     161
     149
     142
     163
     152
     144
     137
     134
     132
     147
     138
     139
     124
     127
     135
     122
     146
     144
     132
     163
     127
     119
     145
     131
     136
     129
     132
     123
     120
     136
     128
     124
     133
      99
     138
     121
     114
     124
     128
     128
     117
     115
     105
     125
     102
     108
      95
      97
     129
     105
     107
     105
     103
     113
      92
     107
      91
      98
     102
     109
     115
      89
     118
     115
     103
      86
     106
      94
      84
      95
      81
      82
      79
      77
      84
      74
      81
      96
      78
      94
      78
      73
      86
      82
      79
      73
      63
      67
      72
      73
      90
      68
      66
      77
      62
      59
      66
      74
      63
      60
      66
      71
      69
      58
      65
      54
      73
      62
      74
      60
      49
      49
      56
      60
      61
      58
      68
      57
      48
      67
      45
      65
      61
      46
      46
      63
      61
      46
      52
      67
      45
      50
      56
      57
      65
      77
      59
      65
      82
      71
      71
      77
     108
      94
     105
     119
     134
     117
     143
     160
     158
     151
     156
     129
     134
     137
     141
     127
     105
     107
      98
      98
      73
      70
      61
      71
      75
      57
      56
      43
      37
      43
      43
      39
      45
      44
      36
      34
      33
      42
      45
      39
      33
      29
      34
      41
      38
      36
      36
      42
      34
      45
      26
      38
      35
      30
      36
      28
      35
      35
      39
      36
      25
      39
      28
      24
      39
      30
      28
      26
      33
      27
      35
      32
      28
      50
      35
      39
      33
      28
      30
      41
      46
      26
      37
      27
      34
      34
      30
      37
      28
      40
      33
      42
      28
      37
      35
      40
      36
      33
      35
      29
      36
      42
      30
      34
      33
      31
      30
      36
      41
      36
      26
      39
      41
      24
      26
      39
      35
      40
      34
      26
      32
      34
      29
      35
      27
      27
      35
      35
      32
      32
      35
      35
      24
      26
      34
      32
      25
      33
      29
      35
      23
      26
      27
      32
      25
      22
      40
      23
      26
      24
      23
      26
      25
      25
      32
      36
      22
      24
      28
      32
      24
      24
      29
      28
      32
      28
      28
      30
      20
      29
      28
      32
      26
      24
      31
      29
      25
      21
      31
      27
      22
      30
      26
      28
      24
      31
      26
      33
      29
      28
      28
      24
      31
      16
      24
      31
      40
      16
      23
      34
      13
      28
      30
      27
      21
      25
      25
      25
      23
      20
      21
      31
      19
      30
      23
      29
      23
      23
      17
      22
      24
      17
      23
      26
      16
      28
      26
      24
      23
      30
      17
      18
      31
      26
      26
      19
      28
      22
      23
      21
      24
      34
      18
      41
      24
      27
      28
      18
      33
      19
      29
      30
      25
      28
      18
      29
      23
      26
      27
      27
      19
      24
      30
      24
      31
      21
      24
      28
      23
      27
      26
      22
      35
      24
      23
      32
      27
      20
      30
      17
      24
      35
      33
      22
      25
      28
      15
      27
      37
      17
      12
      25
      30
      20
      15
      26
      29
      30
      27
      36
      15
      21
      28
      22
      21
      20
      25
      27
      27
      24
      21
      28
      22
      23
      28
      31
      19
      28
      40
      23
      28
      42
      18
      28
      18
      30
      25
      28
      28
      19
      23
      37
      35
      32
      31
      22
      38
      25
      28
      25
      20
      46
      30
      26
      31
      30
      29
      28
      28
      34
      24
      34
      34
      21
      24
      34
      27
      25
      29
      32
      24
      26
      38
      25
      22
      29
      37
      38
      18
      25
      25
      19
      31
      28
      29
      26
      31
      26
      22
      24
      21
      27
      23
      30
      19
      26
      32
      27
      25
      26
      25
      24
      23
      30
      31
      27
      18
      18
      26
      40
      29
      27
      32
      26
      36
      25
      24
      31
      22
      27
      34
      28
      31
      22
      34
      31
      39
      44
      26
      30
      22
      25
      23
      29
      29
      29
      40
      42
      25
      21
      25
      28
      25
      29
      22
      25
      23
      28
      20
      27
      18
      24
      26
      31
      20
      28
      21
      17
      24
      31
      20
      20
      20
      24
      15
      12
      17
      18
      13
      22
      10
      13
      10
      12
      22
      17
      15
      14
      13
      16
      16
      15
      17
      11
      13
      16
       9
       9
      15
      14
       7
      10
      14
      12
       8
      15
      11
      14
      17
       7
      20
      16
      18
      15
       4
       9
      15
       8
       7
      10
      10
      19
      14
      16
       7
      10
       8
      11
      16
      19
      15
      13
      19
      16
      17
      22
      23
      23
      30
      27
      26
      41
      38
      39
      38
      48
      45
      39
      71
      58
      56
      74
      80
      82
      75
      82
      79
      77
      82
      88
      96
     100
     103
      94
      95
      93
      80
      92
      78
      94
      86
      77
      83
      90
      83
      60
      72
      73
      67
      55
      52
      53
      49
      40
      35
      44
      34
      26
      28
      28
      26
      32
      25
      19
      20
      16
      16
      22
       6
      17
      16
      12
      12
       9
      11
       6
      14
       5
      10
      14
       6
       9
       6
      10
      10
       7
       5
       9
      12
       3
      17
      11
       6
      13
       6
      11
      10
       8
       4
       9
       6
       6
       8
       6
       4
       8
       7
       2
       8
       8
       9
       5
      11
       9
      10
       9
       9
      12
       9
       3
       2
      10
      12
       3
       6
       8
       6
      11
       7
       7
       7
       2
       6
      12
      10
       3
       9
       5
       8
       8
       9
       5
       7
       9
       5
       8
       6
      10
       9
       8
       8
       6
       7
       5
       3
      10
      11
       8
       8
       7
      11
       6
      10
       4
      10
       7
       8
      10
       7
       5
       7
       4
       6
       6
       5
       6
       8
       9
       6
       7
       4
       8
       7
       6
       4
       6
       8
       5
       4
       8
       3
       7
       9
       8
       2
       9
       4
       4
       7
       9
       9
       2
       4
       7
       4
       8
       4
       5
       9
       7
       6
      11
       3
       5
       4
       5
       7
       7
       9
       4
       4
       5
      10
       4
       5
       8
       4
       5
       5
       8
       9
       6
       9
       7
       8
       0
       3
       7
       5
       8
       5
       6
       5
       5
       7
       5
       3
       6
       5
       6
       8
       9
       8
       5
      12
       4
       7
      11
       4
       9
       6
      12
       7
       6
       8
       9
       4
      11
      10
       6
       7
      10
       5
       6
       9
       4
       4
       5
       9
       7
       6
       7
       6
       3
       6
       6
       9
       6
       8
       5
       6
       7
       6
       8
       3
       9
       5
       7
       6
       5
       8
       7
       4
       3
       5
       9
       4
       4
       4
       7
       8
       6
       6
       5
       6
       8
       3
       6
       8
       8
       6
       5
       8
       5
       6
       4
       6
       5
       7
       2
       6
       7
       5
      10
       9
       9
       5
      11
      13
       7
       9
       5
       6
       8
       7
       9
       5
       4
       5
       4
       5
       6
       7
       8
       8
       7
       5
       7
      10
       3
       4
       8
      10
       6
       3
      12
       8
       9
       8
       4
       5
       9
       3
       6
       7
       4
       6
       4
       4
       6
       6
       3
       8
       7
       4
       8
       6
      10
       6
       7
       4
       3
      11
       6
      10
       0
       6
       4
       6
       5
       4
       6
       6
       3
       4
      10
       7
       5
       5
       4
       2
       5
       4
       7
       7
       7
       2
       8
       8
       5
      10
       4
       8
       8
       4
      10
       4
       7
       3
       4
       6
       4
       5
       3
       1
       1
       7
       5
       3
       5
       6
       7
      10
       4
       8
       2
       3
       4
       8
       8
       9
       5
       4
       6
       5
       8
       7
       7
       5
       8
       7
       8
       9
       2
       6
       5
       7
      12
       6
       4
      11
       7
       6
       6
       4
      10
       5
       4
       6
       8
      10
       7
       5
       8
       5
       7
       5
       3
       5
       9
       4
      14
       8
       6
       2
       5
       2
      10
       7
       8
       8
       2
       7
       9
       9
       5
       2
      10
       6
       5
       6
       3
       8
       7
      10
       7
       4
       7
       5
       6
       8
       3
       5
       5
       2
       6
       2
       8
       4
       6
       5
       4
       5
      11
       1
       8
       4
       4
       8
       8
       6
       4
       7
       3
       5
       5
       9
       5
       4
       5
       5
       4
       5
       7
      10
       6
       4
       6
       9
       6
       2
       5
       0
       3
       5
       4
       7
       7
       6
      10
       5
       7
       7
       2
       4
       5
       2
       4
       7
       7
       3
       9
       6
       8
       5
       8
       3
       6
       7
       5
       3
       5
       4
       5
       4
       6
       8
       7
       3
       9
       6
       4
       3
       2
       8
       5
       4
       4
       6
       7
       2
       3
       5
       7
       1
       7
       1
       3
       1
       4
       6
       7
       8
       7
       4
       7
       6
      11
       6
       3
       9
       4
       2
       6
       4
      10
       5
       6
       5
       5
       3
       1
       4
       6
       3
       8
       5
       4
       7
       2
       2
       4
       7
       4
       6
       6
       7
       3
       2
       2
       4
       4
       7
       8
       7
       2
       1
       3
       3
       3
       2
       3
       5
       5
       5
       4
       8
       5
       4
       1
       6
      10
       0
       5
       5
       7
       8
       3
      13
       5
       6
       1
       4
       4
       6
       7
      10
       1
       2
       7
       5
       4
       3
       5
       4
       2
       5
       5
       6
       5
       8
       3
       6
       5
       3
      11
       6
       5
       9
       9
       2
       4
       5
       5
       3
       6
       4
       3
       5
       3
       3
       4
       5
       2
       5
       8
       6
       5
       3
       8
       6
       6
       7
       1
       6
       6
       7
       0
       6
       4
       4
       6
       5
       5
       3
       5
       7
       9
       8
       2
       2
       6
       8
       9
       6
       3
       3
       3
       9
       5
       9
       6
       5
       6
      10
       4
       4
       3
       6
       2
       5
       7
       7
       7
       5
       2
       9
       5
       4
       7
       5
       6
      11
       8
       5
       6
       3
       9
       8
       2
       4
       7
       8
       5
       6
       5
       5
       4
       9
       5
       5
       1
       6
       4
       5
       5
       8
       2
       6
       3
       9
       8
       9
       5
       4
       0
       9
       5
       5
       7
       9
       7
      11
       8
       4
      12
       7
       3
       8
       5
       6
       7
      10
       6
       9
       6
       9
       5
       6
       4
       2
       4
       8
       9
       8
       6
       3
       9
      10
       6
       4
       5
       5
       6
       6
       3
       2
       4
       5
       5
       4
       4
       4
       4
       5
       5
       6
       6
       6
       4
       6
       5
       8
       8
       5
       2
       5
       4
       6
       6
       1
       8
       4
       8
      10
       6
       6
       4
       6
       7
       5
       4
       5
       3
       8
       6
       6
       4
       9
       5
       6
       5
       3
       6
       8
       6
       8
       2
       3
       8
       8
       4
      10
       9
       2
       7
       2
       6
       6
      10
       5
       1
      12
       5
       2
       5
       2
       5
       6
       7
       8
       4
       7
       3
      11
       4
       1
      10
       8
       4
       6
       3
      11
       9
       8
       4
       5
       5
       6
       9
       6
       7
       7
       4
       5
       9
       6
       2
       4
       4
       5
       4
       5
       7
       6
       4
       8
       3
       9
       8
       4
       6
       7
       7
       1
      10
       2
       5
       8
       8
       9
       4
      11
      12
       5
       5
       5
       9
       6
       6
       4
       9
      10
       5
       5
       6
       5
       4
       4
      10
       8
       6
       7
       8
      12
       7
      10
      10
       8
       8
       5
       6
       4
       6
      10
       8
       2
       3
       5
       5
       9
       1
       4
      10
       8
       9
      11
       5
       5
      11
       8
       7
       3
       9
       4
       7
       5
       4
       9
       7
       8
       8
       8
       7
       8
       7
       7
       6
       9
       3
       4
      12
       8
       5
       9
       9
       9
       9
       5
       8
      11
      12
       2
       6
       2
       3
       8
       1
       4
       8
       3
       7
       5
       9
       6
       4
      15
       6
      11
       9
       5
       5
       4
       3
       8
       5
       5
       2
       5
       5
       5
       3
       4
       4
       5
       2
       8
       4
       6
       8
       4
      11
       3
       2
       1
       7
       5
       7
       6
      11
       1
       3
       5
       4
       4
       7
       6
       6
       2
       7
       7
       6
       8
       4
       9
       4
       6
       8
       8
      10
       5
       6
       5
       8
       7
       9
       5
       5
       2
       9
      12
       7
       7
       8
       3
       7
      11
       2
       2
      11
       4
       5
       5
       5
       4
       9
       1
       3
       5
       5
       9
       2
       6
       1
       6
       3
       6
       3
       6
       5
       3
       8
       7
       3
       2
      10
       5
       6
       6
       4
      11
       6
       9
       6
      11
      10
       6
       4
       5
       7
      10
       8
       3
       6
       7
       2
       2
       3
       7
       8
       5
       7
       8
       8
       9
       9
       7
       8
       4
       8
       6
       3
       7
       4
       7
       3
       7
       6
       3
       5
       4
       5
       6
       4
       6
       0
       0
       0
       0
       0
       0
       0
       0
       0
       0
       0
       0
       0
       0
       0
       0
       0
       0
       0
       0
       0
       0
       0
       0
       0
       0
       0
       0
       0
       0
       0
       0
       0
       0
       0
       0
       0
       0
       0
       0
       0
       0
       0
       0
       0
       0
       0
       0
       0
       0
       0
       0
       0
       0
       0
       0
       0
       0
       0
       0
       0
       0
       0
       0
       0
       0
       0
       0
       0
       0
       0
       0
       0
       0
       0
       0
       0
       0
       0
       0
       0
       0
       0
       0
$ROI:
1
712 830
$PRESETS:
None
0
0
$ENER_FIT:
-23.656767 2.297974
$MCA_CAL:
3
-2.365677E+001 2.297974E+000 2.836717E-005 keV
$SHAPE_CAL:
3
0.000000E+000 0.000000E+000 0.000000E+000
