$SPEC_ID:
No sample description was entered.
$SPEC_REM:
DET# 1
DETDESC# DESKTOP-I499GD2 Easy-MCA-2k SN 18191655
AP# Maestro Version 7.01
$DATE_MEA:
02/28/2024 16:22:39
$MEAS_TIM:
42 43
$DATA:
0 2047
       0
       0
       0
       0
       0
      11
      47
      57
     349
     193
     223
     241
     241
     282
     329
     360
     331
     374
     381
     420
     390
     360
     346
     351
     350
     364
     396
     483
     561
     755
     964
     951
    1209
    1513
    1404
    1043
     617
     526
     536
     602
     617
     696
     793
     878
    1074
    1118
    1262
    1423
    1553
    1640
    1862
    2067
    2121
    2353
    2316
    2289
    2392
    2496
    2845
    3370
    4498
    6332
    9319
   12360
   14311
   14487
   12268
    8823
    5792
    3273
    1796
    1083
     786
     616
     651
     675
     698
     676
     617
     609
     605
     584
     491
     504
     444
     433
     437
     428
     446
     446
     436
     418
     401
     435
     385
     373
     342
     299
     291
     271
     243
     291
     231
     258
     225
     226
     255
     228
     233
     255
     222
     224
     222
     223
     211
     216
     186
     200
     215
     180
     187
     211
     185
     173
     182
     192
     177
     184
     196
     199
     188
     199
     202
     226
     222
     215
     231
     191
     233
     245
     207
     187
     193
     181
     160
     148
     131
     137
     141
     123
     136
     126
     111
     137
     105
     114
     126
     117
     110
      90
     109
      92
      86
     112
     100
     103
     112
     101
      89
      99
     101
      98
      83
      97
     101
      93
      73
      88
      94
      96
      84
      82
      73
      97
      81
      83
      85
      93
      97
      87
      76
      69
      87
      81
      83
      76
      78
      98
      77
      85
      77
      79
      83
      76
      87
      66
      82
      92
      84
      71
      84
      85
      86
      88
     105
     106
     104
     139
     151
     132
     151
     153
     164
     176
     194
     212
     235
     180
     227
     214
     210
     207
     205
     184
     199
     182
     180
     131
     129
     118
      96
     108
      81
      93
      82
      78
      63
      68
      60
      56
      43
      47
      40
      44
      47
      54
      50
      56
      46
      54
      41
      56
      41
      52
      42
      51
      43
      50
      43
      44
      56
      52
      48
      52
      55
      35
      42
      46
      42
      47
      44
      38
      47
      39
      36
      39
      34
      45
      43
      35
      42
      43
      39
      39
      43
      40
      38
      43
      42
      44
      46
      35
      34
      37
      41
      30
      39
      40
      37
      37
      46
      33
      39
      48
      33
      31
      40
      49
      40
      37
      38
      47
      38
      42
      36
      39
      41
      43
      45
      34
      44
      37
      41
      37
      41
      49
      38
      39
      37
      39
      33
      48
      36
      34
      37
      46
      36
      36
      33
      33
      46
      22
      39
      40
      31
      41
      34
      38
      35
      44
      44
      44
      38
      51
      51
      50
      38
      53
      44
      48
      59
      45
      56
      63
      43
      55
      51
      49
      42
      53
      39
      45
      36
      34
      39
      39
      28
      30
      36
      29
      34
      36
      33
      34
      43
      28
      26
      30
      31
      31
      25
      31
      47
      30
      29
      28
      21
      40
      30
      34
      38
      27
      17
      23
      38
      28
      30
      23
      37
      33
      28
      31
      26
      28
      35
      28
      44
      31
      33
      31
      39
      34
      39
      30
      35
      33
      32
      38
      32
      47
      30
      38
      36
      41
      42
      43
      40
      28
      35
      31
      36
      37
      41
      31
      40
      37
      36
      24
      38
      23
      34
      26
      31
      38
      25
      25
      21
      28
      31
      24
      28
      27
      33
      23
      32
      37
      24
      25
      29
      31
      28
      32
      36
      33
      36
      34
      40
      35
      32
      31
      28
      24
      33
      18
      28
      22
      21
      25
      23
      27
      32
      28
      30
      40
      28
      34
      22
      31
      26
      22
      31
      18
      31
      21
      24
      23
      28
      19
      26
      32
      22
      32
      36
      17
      18
      16
      18
      36
      19
      23
      29
      17
      31
      33
      29
      27
      26
      30
      28
      22
      25
      42
      27
      30
      20
      25
      38
      34
      24
      43
      29
      23
      34
      34
      32
      33
      33
      26
      28
      21
      30
      34
      24
      37
      21
      21
      21
      33
      29
      25
      32
      25
      24
      24
      29
      25
      35
      30
      29
      26
      31
      22
      24
      30
      32
      36
      22
      31
      34
      31
      22
      27
      30
      33
      24
      27
      28
      18
      23
      30
      35
      30
      47
      31
      32
      24
      28
      26
      32
      31
      28
      24
      34
      25
      20
      26
      35
      29
      24
      28
      39
      33
      34
      26
      24
      40
      35
      34
      30
      31
      24
      27
      26
      33
      31
      28
      29
      39
      38
      29
      32
      27
      31
      28
      29
      22
      27
      41
      32
      22
      33
      27
      30
      29
      37
      24
      28
      34
      27
      25
      18
      24
      28
      25
      23
      26
      23
      21
      24
      17
      27
      18
      18
      27
      13
      19
      23
      16
      18
      21
      12
      20
      17
      16
      19
      13
      20
      13
      14
      18
      15
      11
      18
      20
      14
      17
      20
      14
      10
      19
      19
      21
      12
      12
      13
      16
      16
       7
      10
      14
      15
      16
      15
      21
      16
      10
      12
      17
      22
      21
      19
      10
      19
      18
      15
      15
      19
      20
      27
      28
      20
      21
      24
      19
      23
      17
      27
      32
      27
      29
      37
      35
      43
      40
      43
      44
      48
      48
      53
      73
      53
      62
      65
      99
      70
      70
      66
      98
      81
      73
      92
      80
      69
      90
      82
      83
      88
      82
      84
      81
      80
      66
      90
      54
      74
      60
      56
      55
      51
      59
      53
      50
      46
      35
      42
      47
      41
      30
      28
      37
      22
      29
      16
      22
      20
      21
      20
      17
      14
      17
      15
      28
      14
      11
      23
       8
      15
      17
      24
      14
      16
      12
      11
      11
      19
      10
      15
      16
      10
      12
      11
      11
      10
      12
      16
      19
       8
       9
      14
      12
      10
      10
      11
      14
      12
      12
      17
      10
      13
      15
      15
       8
      15
      12
       9
      12
      11
       7
      14
      13
      10
      20
      15
       7
      11
      12
      16
      11
      13
       9
      15
      12
      12
      10
      12
      16
      11
      12
      12
      13
       9
       7
      10
      12
      17
      13
      11
      15
      15
      14
      13
      10
       9
      11
      14
       8
      11
      13
       9
      13
      12
       5
      10
      14
      14
      10
       3
       9
      11
      12
       8
      11
      11
      12
      19
       8
       9
      12
      10
      14
       8
       8
      10
      17
      15
       8
       6
      17
       6
       7
      10
      10
      15
      12
      15
       7
       9
      13
       9
       6
      11
       5
       9
      13
      12
      18
      18
      14
       5
       9
      14
       9
       8
      10
      13
       8
      11
      11
      16
       7
      15
      15
      15
      15
      17
      16
       6
      11
       9
      14
       6
      10
      10
       9
      11
      15
      10
      14
      15
       9
       8
      10
       9
       6
      15
      15
      14
       9
      12
       4
      12
      17
      16
      16
      11
      15
      17
      17
      19
      15
      17
      14
      20
      18
      15
      15
      17
       8
      15
      18
      14
      11
      17
      10
      16
      15
      14
      10
      10
      11
      11
      19
       7
      13
      11
      11
      13
      12
      20
      13
      11
      11
      11
      10
      11
      13
      15
      17
      11
       8
      13
      11
       5
       7
       9
      11
       8
      15
      13
      10
      15
      14
      14
      11
       6
      16
      13
      21
      13
      16
      12
      16
      12
       8
      14
      10
       6
      10
      12
       8
       9
      12
      15
       9
      11
      11
      11
       7
       7
      11
      10
       8
       6
       9
      12
      10
      13
       7
      10
      16
       8
      11
       5
      11
       5
       8
       8
       9
       9
      13
      17
      12
      11
      15
      11
      11
       9
      10
       8
      13
      11
       5
       9
      11
      11
      10
      15
       5
      13
      10
      10
      13
      10
       7
      17
      11
       8
      14
      10
       9
       6
       8
       7
      15
       3
       5
       7
      14
       9
      16
       6
       9
       8
       7
       7
       4
       5
      11
       6
      10
       8
       7
      10
       8
       8
       6
      12
       8
       5
       6
       8
       3
       9
       6
       8
       8
       9
       8
      12
       6
       9
       8
      11
      10
      11
      16
      13
      11
       3
       8
       9
       9
      10
      10
       8
      15
      10
       7
      11
      11
      13
       8
      13
      14
      14
       9
      10
      16
      16
       9
      20
      16
      19
      14
      14
      27
      12
       5
      15
      17
      17
      14
      22
      16
      25
      11
      16
      15
       7
      20
      17
      15
      20
      16
      21
      21
      23
      13
      26
      11
      18
      25
      18
      13
      13
      22
      15
      17
      19
      13
       8
      19
       8
      18
       5
      10
      12
      14
      12
      15
      11
       9
      11
       7
      15
      18
       9
      16
      12
      10
      11
      13
      12
       8
       8
      11
       8
       9
       7
      11
      10
       9
       8
       8
       4
       9
       9
      11
      11
       6
       8
       4
       7
       6
       4
       5
      14
       7
       7
       7
       8
       6
      11
       9
       6
       5
       7
       8
       7
       7
       6
       5
       8
      11
       6
       7
       8
       6
       7
       7
       6
      11
       4
      12
       7
       9
       8
       4
      11
       9
       7
       8
       7
       4
       5
       6
       4
      10
      11
      10
      11
       6
      10
       8
       5
       4
       3
      12
       6
       5
      10
       4
      14
       3
       3
      12
       4
       7
       5
       6
      10
      11
       9
      10
      13
       9
       9
       5
       6
       9
       4
       6
       5
      13
       9
       3
       5
       4
       8
       7
       6
       8
       4
       5
       5
       9
      11
       7
      11
       7
       6
       8
       1
       6
       7
       7
       2
      10
       6
       9
      12
      18
      14
       7
       8
       4
       8
      10
       7
       6
       6
       8
       8
      15
       3
       6
       8
      11
      10
       8
       7
      11
       7
       9
       9
       3
      12
      13
       7
       7
       5
       3
       8
       6
       3
       5
       7
      10
      15
       5
      14
       7
       4
       4
       3
       8
       8
       1
       9
       8
       9
       8
       7
       9
      13
       7
       6
       9
       8
      11
       8
      12
       7
       3
       5
       7
       6
       3
      18
       9
       8
      10
       6
       8
       6
      12
       7
      12
       8
       8
       7
      11
       8
      12
      12
       6
       9
       8
       9
      15
      13
       6
       7
       8
       7
       4
       8
       7
       5
      13
       7
       8
       9
      10
       5
       4
      15
       6
       6
       9
       5
       5
       8
       8
       4
       9
      12
      10
      11
      10
       5
      15
       6
       4
       4
      12
      14
       6
       6
       6
       5
      10
       3
       3
       6
       5
      10
       5
      10
      11
       3
       8
       8
       6
       4
       3
       9
       7
       9
       7
      10
      13
      11
       4
       6
       7
      13
      11
       6
       4
       2
       8
       7
       5
       6
       8
       4
      10
       5
       6
       3
       8
       6
       6
       3
       7
      10
       6
       7
       7
       7
       8
      10
       7
       9
       4
       7
       6
      13
       4
      11
       7
       2
      11
       7
       8
       6
       9
       7
       7
       7
       9
       2
       7
       5
      10
      11
       5
       6
       4
       6
       8
       9
       5
       8
       9
      10
      13
       5
       7
       8
       8
       5
      10
       5
      13
      10
       5
       5
       7
      10
       5
       9
      10
       1
       7
       6
       9
       6
      12
       8
       5
      11
      11
       6
      11
       3
       6
       4
      10
       9
      12
       7
      11
       4
       5
      11
       6
       8
       8
       4
      15
       7
       9
      11
       6
       8
      14
      13
       8
       9
       6
       4
       7
      11
      10
       7
       7
       7
       5
       8
       8
      10
       8
       7
       5
      10
       6
      10
       8
       7
       8
       9
       9
       6
       6
       5
       9
       8
      12
       5
      15
       6
       8
      10
      10
      19
       6
       7
      11
       8
       6
      14
       7
      13
       4
      22
      13
      11
       9
       9
       7
      11
       9
       8
      12
       9
       3
      11
       4
      11
       8
      11
       8
       3
       7
      12
      11
       6
      11
       5
       7
       7
       7
       9
       8
       7
      13
       4
       4
       6
      11
       9
       6
      10
       7
       7
       8
       4
       8
       8
       8
      10
       6
       3
       7
       5
       7
       5
      11
       9
       3
       7
       7
       9
       9
       4
       6
       8
       7
      10
      10
      12
       5
       9
       7
       9
      10
       6
       3
       7
       8
       4
      13
      12
       8
       4
      10
       6
       8
       7
       6
       7
      15
      10
       9
       2
       9
       7
       6
       6
       7
       7
       3
      11
       4
       5
      10
       4
       7
      10
      10
       8
       7
       4
       9
      11
       8
       6
       5
       6
       8
       8
      10
       4
      13
       4
       7
       6
      11
      11
      12
       6
       7
       8
      12
       9
       5
       8
       7
       9
      10
       9
       5
      12
       6
       3
      15
       7
      11
       9
       6
       4
       6
       8
       9
       9
       4
       5
       8
       9
       7
      11
       5
       8
       7
      11
       9
       7
      12
      17
       8
      11
      19
      12
       9
       5
      10
      12
       6
      10
       6
       4
       9
      12
       7
      11
      14
       9
       7
      10
       3
       7
       7
       4
      11
      18
       7
       7
      10
      14
       8
       8
       7
       8
       6
       9
       6
       8
      10
      14
      17
      16
       4
      10
      12
       7
       7
       7
       7
       9
       9
      14
      10
       8
       8
       7
      10
       8
       9
       9
       9
       8
       4
      14
       9
      10
       8
       7
       8
       8
       9
      11
      11
       8
      17
       9
       4
      16
      12
       8
       3
      13
      10
       6
      11
      18
      15
       7
      10
       9
       5
       8
       9
       8
       7
      13
      13
       7
      14
      14
       5
      12
       4
       2
       0
       0
       0
       0
       0
       0
       0
       0
       0
       0
       0
       0
       0
       0
       0
       0
       0
       0
       0
       0
       0
       0
       0
       0
       0
       0
       0
       0
       0
       0
       0
       0
       0
       0
       0
       0
       0
       0
       0
       0
       0
       0
       0
       0
       0
       0
       0
       0
       0
       0
       0
       0
       0
       0
       0
       0
       0
       0
       0
       0
       0
       0
       0
       0
       0
       0
       0
       0
       0
       0
       0
       0
       0
       0
       0
       0
       0
       0
       0
       0
       0
       0
       0
$ROI:
1
712 830
$PRESETS:
None
0
0
$ENER_FIT:
-23.656767 2.297974
$MCA_CAL:
3
-2.365677E+001 2.297974E+000 2.836717E-005 keV
$SHAPE_CAL:
3
0.000000E+000 0.000000E+000 0.000000E+000
