$SPEC_ID:
No sample description was entered.
$SPEC_REM:
DET# 1
DETDESC# DESKTOP-I499GD2 Easy-MCA-2k SN 18191655
AP# Maestro Version 7.01
$DATE_MEA:
02/28/2024 16:53:29
$MEAS_TIM:
54 55
$DATA:
0 2047
       0
       0
       0
       0
       0
       3
      12
      25
     240
     206
     200
     215
     237
     272
     319
     395
     401
     390
     473
     481
     403
     386
     383
     365
     322
     341
     392
     513
     789
    1098
    1259
    1272
    1720
    2083
    1834
    1179
     704
     539
     603
     617
     807
     841
     978
    1073
    1298
    1349
    1627
    1803
    2115
    2277
    2493
    2670
    2883
    3189
    3025
    3024
    3109
    3350
    3796
    4882
    6775
    9711
   14079
   18685
   21252
   20625
   17125
   11900
    7328
    4031
    2119
    1250
     877
     758
     799
     799
     853
     863
     754
     709
     642
     640
     518
     480
     489
     439
     473
     470
     492
     514
     533
     516
     482
     421
     426
     370
     354
     313
     287
     241
     239
     225
     215
     202
     223
     204
     201
     204
     190
     170
     183
     155
     178
     153
     174
     167
     163
     144
     156
     161
     163
     161
     134
     138
     139
     142
     149
     141
     140
     183
     183
     171
     155
     189
     168
     208
     207
     195
     197
     209
     197
     176
     163
     128
     130
      90
     102
      98
      99
      83
      79
      82
      69
      44
      75
      51
      58
      53
      53
      72
      74
      61
      49
      64
      60
      48
      56
      54
      50
      51
      47
      49
      57
      54
      47
      45
      50
      44
      57
      40
      45
      53
      39
      53
      37
      41
      42
      46
      32
      50
      44
      31
      48
      49
      48
      40
      39
      45
      59
      34
      51
      44
      50
      55
      36
      48
      48
      45
      31
      43
      54
      49
      38
      62
      65
      80
      74
      91
      66
      95
     106
     114
     112
     122
     116
     125
     122
     121
     136
     137
     136
     146
     135
     127
     118
     113
      94
      94
      64
      62
      61
      56
      43
      46
      33
      31
      33
      25
      36
      21
      32
      18
      18
      23
      19
      29
      16
      23
      22
      22
      38
      20
      22
      21
      19
      21
      23
      24
      27
      17
      22
      25
      17
      26
      23
      28
      13
      16
      20
      18
      15
      28
      17
      19
      18
      21
      16
      22
      27
      12
      18
      18
      24
      16
      23
      10
      13
      24
       9
      18
      17
       8
      20
      11
      22
      20
      20
      13
      15
      15
      17
      28
      18
      11
      14
      15
      14
      17
      17
      15
      13
      21
      17
      11
      21
      17
      11
      18
      13
      11
      17
      20
      11
      11
      16
      17
      17
      11
      16
      13
      16
      21
      19
      10
      17
      14
      13
      20
      17
      22
      12
      18
      10
      19
      30
      22
      22
      19
      33
      19
      22
      21
      19
      28
      29
      28
      23
      32
      19
      31
      35
      44
      29
      26
      26
      21
      22
      23
      22
      25
      21
      22
      30
      17
      18
      17
      13
      14
      14
      20
      17
      11
      12
      12
      11
       7
      16
      15
      12
       9
      13
      13
      17
      14
       8
       8
       7
      16
      12
       4
      12
       8
       6
       6
      12
       6
      15
       9
      12
      10
       9
      11
      11
      15
       8
       9
      16
       6
       5
       8
      10
       8
      14
       7
      15
      11
      12
      10
      10
       8
      14
      11
      10
      16
      10
      10
       7
       7
      15
      13
      17
      12
       8
       6
       9
      13
      12
      10
      10
       8
       9
      13
       8
       7
       9
      10
      10
       7
       8
       8
      11
      11
      16
       9
      10
      16
       8
      15
      18
      16
      15
      12
      20
      14
      12
       9
      13
       8
      10
      15
      15
      14
      14
      20
      13
       6
      12
      15
      11
      17
      10
       5
       9
      10
       9
      12
       8
       6
       9
      12
       4
       9
      11
       3
       8
       9
       7
       8
       7
       9
       7
      11
       7
       7
       7
       6
       8
      12
       5
       2
       6
       7
       5
       6
      10
       3
       5
       4
       7
       7
       4
       7
       5
       6
       6
      10
       7
       5
      11
      11
       7
       9
      10
       4
      10
      11
       7
       8
       6
      15
      10
       4
       9
      10
       9
       6
      10
       9
       8
      11
       5
       6
       5
       6
       3
       8
       1
       7
       3
       6
      12
      11
       5
       5
       7
       6
       8
       7
      10
      10
      12
       9
      14
       9
       8
      10
       8
       8
      12
       9
      10
      10
       9
      10
       9
      12
      12
       5
       8
       2
       3
       8
       7
       5
       5
       8
       9
      11
       6
      10
       9
       8
       7
       7
      11
      11
      13
      12
      10
      13
      12
      10
       7
       7
       7
       7
       9
       7
       7
       9
       7
       4
       3
      14
       9
       5
       5
      14
      10
       8
       6
      13
       5
       6
       6
       5
       6
       4
       8
      12
       9
       5
       4
       5
       7
       4
      10
       4
      11
       7
       3
       5
       4
       2
       3
       7
       9
       3
       8
       8
       4
       7
       5
       3
       5
       5
       7
       7
       4
       3
       8
       8
       6
       6
       9
       3
       5
       6
       5
       8
       2
       6
       2
       3
       4
       7
       2
       6
       7
       3
       4
       6
       2
       5
       3
       6
       8
       7
       7
       5
       6
       5
       7
       3
       2
       4
       4
       5
       5
       8
       2
       7
       9
       3
       7
       3
       5
       4
       6
       0
       2
       8
       4
       8
      10
       8
      10
       8
       6
      15
       8
       9
      13
      13
       7
      10
      18
      15
      10
      18
      19
      10
       9
      19
      17
      11
      13
       6
      15
      11
      13
      10
      11
       9
       6
      12
       6
      10
       9
      10
       7
       6
       5
      11
       3
       5
       9
       3
       5
       6
       2
       5
       7
       3
       4
       2
      12
       1
       3
       0
       7
      10
       2
       6
       5
      10
       5
       2
       2
       3
       4
      10
       3
       7
       8
       5
       2
       1
       4
       6
       1
       2
       4
       1
       3
       2
       3
       4
       7
       3
       4
       6
       6
       7
       3
       4
       7
       3
       2
       1
       8
       8
       6
       3
       4
       3
       6
       3
       5
       4
       6
       6
       5
       3
       7
       5
       3
       3
       7
       2
       1
       4
       3
       2
       4
       3
       3
       6
       9
       4
       3
       3
       3
       8
       2
       4
       4
       5
       5
       5
       5
       4
       4
       3
       1
       5
       6
       1
       3
       5
       4
       3
       3
       1
       5
       5
       5
       3
       2
       2
       3
       6
       5
       5
       3
       0
       1
      10
       5
       5
       3
       7
       5
       0
       3
       4
       6
       6
       3
       2
       2
       5
       3
       2
       4
       6
       4
       5
       4
       7
       4
       2
       5
       4
       2
       4
       4
       3
       3
       3
       1
       2
       5
       3
       6
       4
       2
       6
       3
       5
       7
       6
       2
       4
       7
       9
       4
       3
       2
       6
       4
       4
       2
       2
       3
       7
       3
       3
       3
       4
       6
       4
       6
       2
       1
       4
       3
       1
       5
       3
       5
       5
       0
       4
       7
       2
       5
       2
       3
       4
       3
       3
       2
       5
       3
       3
       7
       0
       3
       2
       6
       4
       4
       3
       3
       5
       5
       2
       7
       1
       4
       5
       9
       4
       5
       0
       4
       8
       2
       1
       2
       6
       6
       4
       6
       3
       3
       4
       2
       4
       1
       5
       3
       2
       3
       2
       4
       7
       6
       4
       2
       2
       3
       4
       5
       6
       1
       4
       2
       1
       5
       2
       4
       1
       2
       4
       7
       5
       4
       6
       3
       3
       2
       2
       5
       5
       5
       5
       3
       1
       5
       5
       2
       2
       1
       2
       3
       1
       2
       7
       5
       7
       4
       4
       3
       4
       5
       2
       5
       4
       7
       7
       4
       4
       3
       4
       7
       5
       2
       4
       4
       6
       5
       4
       1
       3
       3
       5
       6
       6
       1
       4
       3
       2
       9
       3
       5
       5
       3
       3
       3
       6
       2
       4
       6
       6
       5
       4
       2
       3
       3
       0
       5
       1
       5
       1
      10
       2
       3
       1
       2
       3
       1
       0
       4
       6
       1
       3
       8
       1
       5
       1
       4
       5
       5
       4
       3
       1
       2
       5
       2
       1
       6
       4
       1
       5
       1
       3
       3
       7
       3
       8
       5
       3
       2
       5
       3
       4
       4
       4
       4
       2
       3
       4
       3
       2
       2
       3
       3
       6
       6
       5
       5
       5
       2
       2
       3
       7
       7
       5
       3
       2
       8
       4
       5
       3
       5
       1
       1
       5
       3
       5
       6
       4
       4
       2
       4
       6
       2
       5
       5
       2
       3
       5
       7
       2
       4
       3
       5
       7
       2
       4
       3
       6
       9
       7
       3
       4
       3
       4
       7
       4
       2
       4
       4
       5
       0
       0
       7
       6
       3
       2
       3
       5
       4
       5
       1
       3
       5
       5
       7
       6
       4
       2
       4
       3
       4
       6
       4
       4
       4
       3
       5
       4
       2
       5
       4
       4
       5
       4
       2
       3
       4
       4
       2
       5
       4
       4
       5
       6
       2
       5
       5
       6
       3
       4
       5
       1
       5
       3
       3
       1
       2
       6
       0
       4
       2
       5
       6
       1
       3
       5
       7
       3
      12
       3
       1
       2
       4
       5
       2
       3
       1
       2
       6
       1
       7
       2
       8
       6
       9
       5
       7
       2
       2
       2
       7
       3
       2
       4
       3
       1
       3
       7
       2
       2
       3
       4
       1
       4
       3
       4
       6
       3
       1
       2
       4
       1
       7
       5
       1
       1
       4
       3
       2
       2
       4
       4
       3
       2
       0
       4
       6
       1
       1
       2
       4
       3
       2
       3
       1
       2
       5
       1
       8
       2
       3
       9
       3
       1
       2
       2
       7
       5
       4
       6
       0
       7
       4
       3
       4
       5
       7
       6
       2
       3
       3
       1
       5
       2
       4
       5
       2
       4
       1
       5
       3
       4
       2
       7
       5
       7
       4
       1
       2
       3
       4
       6
       3
       2
       3
       3
       3
       2
       6
       4
       3
       4
       4
       1
       5
       4
       3
       3
       2
       2
       2
       1
       6
       4
       4
       2
       1
       5
       5
       5
       3
       4
       4
       1
       4
       2
       2
       4
       1
       5
       3
       2
       9
       5
       3
       4
       3
       4
       3
       2
       2
       6
       6
       1
       2
       3
       1
       2
       1
       5
       3
       0
       5
       5
       3
       7
       4
       1
       4
       4
       4
       5
       1
       3
       7
       8
       2
       1
       7
       2
       5
       0
       3
       4
       2
       2
       6
       7
       3
       2
       2
       8
       2
       5
       5
       4
       3
       4
       5
       6
       2
       4
       4
       5
       6
       3
       2
       3
       3
       5
       2
       3
       3
       1
       5
       3
       7
       2
       8
       6
       4
       1
       2
       5
       3
       8
       5
       2
       2
       0
       1
       6
       4
       3
       3
       6
       2
       5
       4
       7
       2
       8
       7
       6
       2
       3
       0
       6
       5
       5
       5
       7
       4
       2
       5
       3
       3
       1
       6
       1
       1
       4
       4
       4
       3
       3
       6
       5
       2
       5
       5
       2
       3
       5
       3
       3
       2
       1
       5
       2
       6
       4
       4
       3
       2
       7
       5
       4
       5
       0
       2
       4
       4
       2
       3
       4
       4
       3
       5
       4
       3
       4
       3
       5
       2
       9
       5
       5
       5
       4
       7
       6
       5
       2
       5
       6
       4
       3
       1
       6
       4
       7
       2
       4
       9
       2
       5
       4
       2
       2
       2
       4
       1
       2
       5
       2
       3
       3
       7
       6
       4
       6
       4
       7
       4
       3
       4
       6
       5
       1
       6
       3
       4
       5
       4
       1
       6
       7
       2
       7
       3
       7
       3
       2
       4
       3
       2
       5
       4
       4
       3
       4
       5
       1
       4
       5
       7
       6
       3
       6
       3
       3
       1
       4
       4
       4
       4
       5
       0
       3
       5
       5
       3
       3
       6
       5
       3
       5
       6
       4
       1
       4
       0
       1
       2
       4
       5
       4
       6
       4
       8
       2
       0
       4
       7
       3
       3
       6
       6
       3
       6
       3
       3
       5
       1
       7
       4
       3
       1
       6
       6
       7
       2
       5
       5
       6
       3
       7
       4
       8
       3
       3
       3
       7
       2
       6
       7
       6
       3
       3
       8
       2
       1
       4
       8
       5
       2
       5
       1
       6
       3
       3
       3
       5
       9
       3
       4
      10
       7
       2
       2
       3
       2
       8
       2
       6
       6
       3
       2
       2
       6
       3
       3
       3
       2
       2
       4
       4
       6
       4
       1
       7
       0
       6
       6
       3
       4
       5
       4
       6
       6
       9
       4
       6
       6
       5
       5
       6
       3
       5
       3
       2
       4
       3
       4
       3
       3
       1
       7
       4
       5
       7
       1
       5
       4
      10
       0
       3
       6
       5
       5
       1
       2
       2
       5
       8
       4
       5
       3
       4
       3
       3
       5
       9
       4
       8
       3
       4
       5
       1
       1
       3
      10
       5
       3
       8
       1
       2
       4
       5
       3
       2
       2
       6
       4
       4
       8
       4
       8
       2
       4
       4
       2
       4
       3
       4
       5
       6
       4
       3
       5
       5
       7
       6
       6
       4
       3
       1
       8
       5
       8
       5
       5
       2
       3
       2
       5
       5
       7
       4
       6
       2
       4
       4
       3
       4
       4
       4
       3
       5
       2
       5
       4
       3
       5
       4
       5
       4
       6
       5
       4
       5
       4
       5
       9
       4
       7
       5
       4
       4
       2
       4
       6
       7
       4
       4
       2
       5
       1
       0
       0
       0
       0
       0
       0
       0
       0
       0
       0
       0
       0
       0
       0
       0
       0
       0
       0
       0
       0
       0
       0
       0
       0
       0
       0
       0
       0
       0
       0
       0
       0
       0
       0
       0
       0
       0
       0
       0
       0
       0
       0
       0
       0
       0
       0
       0
       0
       0
       0
       0
       0
       0
       0
       0
       0
       0
       0
       0
       0
       0
       0
       0
       0
       0
       0
       0
       0
       0
       0
       0
       0
       0
       0
       0
       0
       0
       0
       0
       0
       0
       0
       0
$ROI:
1
712 830
$PRESETS:
None
0
0
$ENER_FIT:
-23.656767 2.297974
$MCA_CAL:
3
-2.365677E+001 2.297974E+000 2.836717E-005 keV
$SHAPE_CAL:
3
0.000000E+000 0.000000E+000 0.000000E+000
