$SPEC_ID:
No sample description was entered.
$SPEC_REM:
DET# 1
DETDESC# DESKTOP-I499GD2 Easy-MCA-2k SN 18191655
AP# Maestro Version 7.01
$DATE_MEA:
02/28/2024 16:10:59
$MEAS_TIM:
159 163
$DATA:
0 2047
       0
       0
       0
       0
       0
      10
      34
      58
     613
     545
     589
     601
     723
     783
     981
     994
    1084
    1185
    1271
    1312
    1167
    1017
    1019
     939
     952
     945
    1016
    1398
    2130
    2983
    3142
    3416
    4531
    5722
    5049
    3213
    1869
    1475
    1592
    1694
    2001
    2290
    2492
    2971
    3476
    3746
    4241
    4828
    5377
    6001
    6751
    7211
    7957
    8581
    8522
    8614
    8400
    9149
   10438
   13406
   17978
   26366
   37990
   50621
   58092
   56965
   47098
   32839
   19694
   11063
    5860
    3333
    2329
    2120
    2117
    2202
    2226
    2247
    2213
    1978
    1714
    1562
    1477
    1319
    1271
    1304
    1295
    1218
    1244
    1302
    1373
    1327
    1234
    1233
    1085
    1020
     913
     840
     731
     677
     658
     627
     614
     622
     571
     562
     529
     569
     521
     510
     490
     470
     480
     467
     481
     471
     459
     423
     415
     394
     395
     395
     396
     378
     369
     405
     395
     367
     381
     439
     452
     481
     521
     561
     557
     540
     575
     623
     554
     594
     526
     501
     425
     390
     362
     306
     264
     244
     201
     202
     189
     177
     172
     183
     136
     175
     179
     174
     182
     157
     139
     175
     135
     167
     158
     150
     137
     141
     125
     116
     112
     116
     122
     134
     123
     139
     111
     116
     106
     150
     123
     114
     138
     112
     106
     119
     115
     106
     124
     124
     112
     129
     123
     114
     121
      99
     118
     112
     121
     146
     140
     123
     124
     112
     136
     115
     130
     135
     135
     134
     130
     137
     167
     147
     164
     158
     182
     197
     187
     238
     232
     240
     295
     328
     320
     355
     376
     374
     372
     332
     386
     384
     335
     320
     291
     271
     290
     251
     242
     178
     153
     162
     125
      95
     106
     103
      86
      73
      57
      81
      62
      62
      64
      66
      58
      73
      48
      67
      52
      51
      70
      56
      54
      60
      55
      58
      62
      62
      65
      67
      56
      62
      53
      71
      59
      65
      61
      49
      45
      46
      50
      48
      54
      45
      50
      49
      31
      54
      42
      50
      45
      57
      40
      50
      43
      47
      51
      35
      37
      43
      40
      26
      34
      38
      38
      44
      43
      41
      33
      30
      54
      41
      43
      48
      45
      44
      36
      38
      35
      33
      43
      28
      31
      32
      36
      34
      42
      35
      42
      27
      37
      33
      28
      30
      38
      34
      32
      36
      42
      45
      39
      34
      37
      28
      39
      35
      30
      27
      36
      52
      44
      43
      44
      45
      48
      69
      54
      58
      49
      58
      64
      67
      64
      83
      69
      76
      88
      87
      95
      80
      73
      78
      82
      98
      71
      82
      81
      75
      57
      61
      53
      55
      44
      50
      45
      27
      41
      45
      39
      32
      26
      32
      25
      27
      22
      34
      27
      32
      29
      24
      26
      20
      26
      24
      30
      30
      23
      20
      31
      30
      15
      29
      27
      24
      30
      24
      22
      22
      25
      25
      28
      21
      39
      29
      29
      25
      29
      23
      29
      42
      22
      23
      26
      20
      22
      28
      31
      23
      26
      29
      27
      32
      22
      18
      16
      26
      28
      22
      23
      32
      18
      24
      20
      19
      27
      22
      22
      24
      24
      20
      23
      26
      27
      21
      17
      19
      29
      19
      18
      36
      19
      22
      26
      28
      26
      31
      23
      37
      23
      31
      34
      31
      29
      30
      35
      28
      47
      39
      16
      45
      37
      34
      30
      33
      37
      23
      32
      41
      39
      28
      25
      30
      21
      16
      20
      30
      20
      20
      22
      23
      25
      25
      25
      19
      26
      18
      20
      25
      20
      18
      19
      18
      18
      17
      21
      16
      23
      19
      20
      16
      16
      17
      24
      19
      19
      17
      22
      15
      20
      19
      31
      23
      21
      16
      22
      18
      13
      28
      17
      25
      16
      19
      20
      19
      15
      13
      10
      14
      18
      19
      14
      20
      17
      20
      18
      23
      17
      11
      16
      19
      19
      16
      23
      19
      13
      17
      19
      18
      20
      19
      10
      22
      16
      19
      12
      22
      20
      20
      21
      19
      19
      17
      23
      26
      17
      26
      26
      16
      16
      19
      17
      20
      19
      19
      20
      14
      14
      20
      12
      21
      30
      19
      19
      17
      16
      24
      24
      30
      11
      15
      17
      21
      24
      18
      24
      20
      14
      27
      22
      19
      19
      20
      27
      21
      11
      22
      27
      18
      23
      13
      26
      21
      13
      18
      10
      14
      20
      13
      12
      15
      27
      10
      21
      17
      24
      10
      12
      15
      14
      12
      13
      12
      16
      15
      12
       9
      18
      12
      11
      13
       9
      12
      18
      18
      12
      17
      13
      13
      12
      12
      12
      11
      14
       9
      11
      15
      14
      10
      13
       9
      14
       8
      14
      22
       8
      20
      12
      13
       7
      17
      10
      15
      12
      11
       6
      12
       6
      14
      10
      12
       9
      12
      17
      15
       7
      14
      11
      14
       9
      10
      10
      14
      13
      12
       5
      10
      18
      10
       7
      14
      14
      17
       8
      11
      14
      17
      13
       6
      11
      14
      14
      20
      18
      11
      18
      10
      13
      19
      23
      16
      19
      14
      21
      16
      16
      10
      12
      14
      21
      27
      14
      17
      20
      13
      17
      17
      16
      15
      15
      19
      23
      11
      23
      11
      16
      25
      14
      18
      14
      23
      14
      17
      18
      14
      12
      14
      12
      13
      11
      13
      10
       9
       8
      12
      14
      17
      16
      12
      13
      12
       4
       9
      11
      13
       7
      17
       6
       7
      11
       8
      14
       8
      14
      13
       8
      11
       8
      13
       4
      10
      11
       6
      15
      14
      11
      13
       7
       8
      11
      12
      16
       8
      11
      10
      10
       7
      11
      15
      10
      11
      10
       9
       6
      10
       9
      11
       4
       8
      10
       6
       8
       7
      13
       6
      10
       8
       9
       9
      11
      12
       3
       7
       6
      11
      15
       9
       7
      11
      15
       7
      19
      12
       9
       4
       6
       5
       7
       5
      10
       9
       7
       9
      11
      11
      12
       9
       8
       8
       9
      10
       9
      13
      10
      10
       8
       8
      11
       8
      12
       6
      15
       9
      10
      15
      10
      14
      10
       6
      11
      12
      10
      10
       9
      12
      13
       9
      11
      11
       9
       9
       8
      15
      19
      10
      10
       7
      11
      13
       9
      12
      15
      12
       7
       8
       4
      10
       8
      10
      11
      11
       7
      15
       7
       9
       8
       4
      11
       5
      10
      10
      11
       9
       8
       7
      11
       7
       9
      16
       7
       9
      11
      12
      11
       7
       9
       4
       6
      10
      15
      13
      15
      12
      11
       8
      11
       6
      16
      11
       8
       6
      13
      14
       9
      10
       2
      10
      11
      16
      13
      10
      14
       7
      10
       7
      13
       8
       1
      13
      12
      10
       8
       6
      10
       3
       3
      13
       4
       9
       6
      11
       8
      11
      10
      10
      11
       8
       7
       8
       6
       7
      11
      11
       6
      10
       8
       6
       7
       6
      12
      12
      14
      13
       7
       9
      10
       8
       9
       9
      15
       9
       9
       7
      14
      12
       5
      13
       6
      12
      11
       9
       9
       4
       2
      12
      12
       5
      13
       7
       8
       8
       5
       9
       5
       9
      10
       7
       9
       7
       9
      10
      10
       5
      10
       8
       8
      10
      11
      10
      12
       7
       9
      12
      12
       9
      12
       8
       6
       7
      11
      14
      17
      11
       1
      11
      10
       9
      14
      14
      10
       9
      11
       8
       8
      12
      12
       7
       1
       8
      10
       7
       6
      14
      12
       7
       9
       8
       9
      12
       7
       5
      10
      11
      13
      11
       9
       7
      11
      10
      12
       8
       8
      10
      11
       4
       9
       9
       9
       7
      11
       9
      11
       6
       9
       3
       6
      14
       6
       5
       5
      12
      14
      10
       5
      13
      12
      14
       8
       8
       6
       9
      11
      14
       7
      10
       8
      15
      19
       3
      12
      10
       9
       5
      10
       8
      10
       8
       7
      12
      13
       5
      11
       3
      10
      10
       7
      14
      13
       7
       8
       9
      14
      15
      11
       7
      12
       4
      11
       7
       9
       7
      15
       3
      18
       7
      10
      10
      13
      10
      16
       6
       7
      15
      10
      12
       7
       8
       8
       4
       7
      10
       5
      12
      16
       6
      14
      13
      15
       9
      12
       8
      14
       9
      13
       3
      12
       8
       7
      14
      13
       6
       5
      14
       4
       6
       9
      12
      10
       5
      11
      11
      11
       9
       7
       7
      11
      16
       6
       6
      12
       8
       6
      11
       4
       7
       7
      15
       8
      10
       5
       8
      13
       9
       3
       9
       9
      12
      12
       7
      10
       9
      10
      12
       9
       9
       8
       8
       5
       3
       5
       5
       8
       7
       9
       8
       5
      11
      15
      13
      12
       8
       8
      11
       8
       6
       6
       9
       8
      18
      13
      11
       9
      10
      13
      11
      13
      16
       7
       8
       8
      13
       8
      19
      12
      10
       9
       8
      15
       8
       7
       4
      13
       9
      14
       9
       9
       6
       9
       7
       9
      11
       7
       6
      12
       4
      11
       9
      14
      15
      13
      10
       7
      10
       9
      10
       8
       6
       8
      10
      14
      10
      11
       9
       3
      11
      14
      11
       7
      11
       0
      13
      12
      13
       5
       8
       8
       7
       9
      11
       7
       8
      13
      12
      12
      16
      12
       6
       8
      11
      15
       4
       7
      11
       7
      17
       8
      11
       5
      10
      11
       9
      12
       8
      10
      15
       9
      10
       9
       9
       8
       7
       6
       8
      11
       6
       9
       4
      11
      10
      15
      10
      11
       7
      18
      10
      11
       7
       7
      12
       7
      12
      14
       9
       6
      10
       9
      11
      11
       9
      10
      16
       9
       4
       6
      11
       9
      13
      13
      10
      11
       8
       7
      10
       4
       5
       7
       9
       8
       9
       7
       9
       9
      10
       8
      12
      16
       8
      14
      16
      14
      11
      10
      11
       8
      10
      11
      11
       8
       8
       7
       9
      15
      13
       5
       8
       8
      15
      10
       8
       7
       9
      11
      14
       7
      13
      11
       7
      12
      14
      11
       6
       6
       9
      10
       7
      11
      12
       6
       7
       9
       8
       4
       6
      10
      10
       8
       7
       9
      10
      12
       7
      11
       5
       9
      12
      10
       4
      12
      16
       7
       8
      11
      12
      10
       7
       9
       4
      10
      10
       4
       9
      12
       5
       8
       7
      18
       6
      15
      12
      14
      12
      12
       8
      11
       6
      10
       7
       6
      10
      20
       8
       9
       6
      10
      11
      12
       9
       8
       4
      10
       8
       7
       6
       3
      12
      12
       6
      11
      11
      11
       8
      11
       7
      11
      11
      10
      16
       5
      12
       6
      11
       4
       5
      11
       8
      13
      11
       6
       6
       9
       7
       9
       3
       9
      15
       6
       7
      12
       9
      16
      11
      13
       3
      10
      10
      10
      12
       6
      11
      13
       6
      13
      19
      10
      12
      16
       9
      12
       7
       8
      15
      11
      12
      10
       7
      13
       9
       9
      11
      12
       9
      13
      16
      16
      12
      14
       7
      16
      17
      14
      11
      22
      11
       9
      10
       8
      12
      11
       7
      11
      10
       8
      10
      14
      19
      16
      15
       7
       7
       6
      12
      18
      11
      13
       9
      10
       7
       7
      11
      13
      13
       5
       8
      19
       8
       9
      15
      10
      13
      12
      14
      13
       9
       8
      13
      17
      14
      12
      14
      15
      12
      12
       6
      15
      16
      13
      11
       7
      10
      16
      11
      13
       9
      12
      14
       5
       9
      11
       9
       5
       9
       8
      12
      14
      10
       9
      14
      11
      10
      14
      14
      11
      13
      12
      16
      11
       8
       5
      11
      16
       5
      14
      11
       6
      10
       9
      14
      12
      10
      14
       8
      10
       9
      10
       9
      14
      10
      12
      11
      12
      10
      16
      16
       9
       8
      11
      12
      11
       6
      15
      12
      18
      15
      11
      14
      14
      10
      11
      12
       8
      11
       7
      10
      16
      10
      12
       6
       9
      15
      11
       8
       9
      10
      13
      18
      10
      14
       7
      13
      12
       9
      12
       6
      10
      15
       6
       9
       8
      18
       9
      13
       7
      12
       6
      11
       8
      14
       7
      13
       4
      16
       7
      14
       9
      14
      14
       8
      10
      13
      12
      14
      10
       9
      13
       7
       7
      14
      13
      13
      15
      12
      14
       9
      21
      13
       7
      10
      13
      12
      13
      18
      12
      15
      11
      17
       8
      12
       4
      11
      16
      15
       9
       6
      13
      10
      14
      18
       6
      17
      17
      17
      16
      14
       8
      13
      15
      18
      12
       9
      15
      15
      13
       9
      10
       8
       9
      12
      13
      11
      18
      17
      10
      17
      17
      10
      10
      18
      12
      15
      12
       9
      11
      11
      17
      16
      14
      18
      12
      18
      13
      14
      10
      15
      17
      17
      15
      11
      10
      10
      12
      11
      13
      14
      12
       8
      14
      15
       8
      10
       8
      12
      11
      10
      10
      12
      13
      10
      13
      12
      16
       6
      17
       7
      18
      16
      17
      16
      16
      18
      24
      12
      15
       9
      16
      18
      16
      13
       8
      18
      20
      17
       6
      20
      14
       9
       1
       0
       0
       0
       0
       0
       0
       0
       0
       0
       0
       0
       0
       0
       0
       0
       0
       0
       0
       0
       0
       0
       0
       0
       0
       0
       0
       0
       0
       0
       0
       0
       0
       0
       0
       0
       0
       0
       0
       0
       0
       0
       0
       0
       0
       0
       0
       0
       0
       0
       0
       0
       0
       0
       0
       0
       0
       0
       0
       0
       0
       0
       0
       0
       0
       0
       0
       0
       0
       0
       0
       0
       0
       0
       0
       0
       0
       0
       0
       0
       0
       0
       0
       0
$ROI:
1
712 830
$PRESETS:
None
0
0
$ENER_FIT:
-23.656767 2.297974
$MCA_CAL:
3
-2.365677E+001 2.297974E+000 2.836717E-005 keV
$SHAPE_CAL:
3
0.000000E+000 0.000000E+000 0.000000E+000
