$SPEC_ID:
No sample description was entered.
$SPEC_REM:
DET# 1
DETDESC# DESKTOP-I499GD2 Easy-MCA-2k SN 18191655
AP# Maestro Version 7.01
$DATE_MEA:
02/28/2024 15:50:23
$MEAS_TIM:
64 66
$DATA:
0 2047
       0
       0
       0
       0
       2
      13
      47
      81
     539
     328
     330
     364
     436
     407
     480
     566
     564
     596
     641
     704
     623
     542
     551
     511
     528
     533
     546
     729
     948
    1293
    1390
    1575
    1864
    2330
    2243
    1597
    1049
     830
     851
     935
    1000
    1095
    1266
    1437
    1557
    1820
    1921
    2207
    2422
    2644
    2840
    3207
    3421
    3631
    3711
    3700
    3728
    3915
    4358
    5323
    6808
    9686
   14070
   18936
   22418
   22683
   19517
   14132
    9055
    5375
    3012
    1746
    1221
    1053
    1031
    1042
    1073
    1017
    1013
     957
     862
     825
     756
     715
     696
     681
     628
     663
     660
     703
     780
     728
     654
     604
     583
     591
     557
     521
     464
     495
     462
     404
     424
     421
     378
     366
     346
     369
     349
     367
     354
     337
     382
     331
     331
     334
     332
     327
     304
     298
     327
     313
     324
     290
     290
     320
     295
     247
     270
     291
     310
     301
     313
     327
     332
     346
     355
     346
     359
     356
     301
     328
     301
     264
     283
     246
     251
     221
     190
     182
     194
     193
     177
     183
     179
     180
     172
     174
     172
     155
     140
     166
     167
     165
     154
     146
     144
     153
     148
     144
     128
     155
     145
     123
     137
     140
     146
     145
     154
     146
     123
     131
     137
     133
     138
     145
     122
     130
     147
     109
     116
     135
     127
     131
     114
     125
     122
     118
     117
     122
     120
     107
     139
     105
     122
     145
     142
     145
     125
     129
     136
     130
     135
     136
     165
     145
     176
     180
     198
     217
     225
     240
     252
     294
     302
     340
     313
     313
     349
     352
     350
     316
     340
     295
     299
     261
     250
     234
     189
     196
     155
     173
     138
     137
     105
     115
     104
      89
      92
      81
      83
      84
      80
      77
      89
      75
      66
      67
      93
      86
      77
      83
      75
      78
      66
      70
      85
      77
      74
      84
      82
      82
      68
      76
      68
      71
      73
      76
      95
      75
      67
      62
      63
      79
      82
      72
      72
      67
      81
      56
      71
      61
      65
      56
      85
      61
      55
      61
      67
      55
      85
      56
      52
      72
      74
      70
      58
      54
      47
      58
      52
      71
      57
      62
      65
      61
      54
      69
      53
      65
      60
      49
      59
      64
      56
      56
      54
      52
      70
      69
      55
      67
      49
      60
      42
      54
      39
      50
      66
      62
      68
      69
      51
      53
      65
      70
      63
      56
      53
      62
      64
      57
      70
      83
      53
      52
      62
      65
      66
      68
      49
      67
      70
      72
      82
      80
      87
      84
      84
      83
      80
      68
      77
      77
      86
      67
      64
      69
      58
      94
      78
      68
      55
      50
      58
      46
      65
      55
      51
      56
      44
      55
      59
      49
      49
      58
      50
      49
      35
      49
      49
      40
      42
      43
      51
      45
      48
      41
      51
      39
      60
      44
      55
      37
      53
      48
      44
      42
      44
      60
      40
      47
      51
      50
      53
      36
      53
      45
      67
      51
      41
      49
      56
      54
      61
      68
      69
      59
      55
      56
      53
      65
      47
      56
      65
      48
      62
      62
      64
      63
      60
      67
      54
      54
      61
      54
      43
      59
      63
      60
      53
      50
      55
      53
      41
      50
      42
      54
      46
      50
      36
      38
      37
      48
      48
      35
      56
      38
      49
      44
      35
      48
      59
      44
      48
      46
      37
      37
      64
      36
      46
      48
      32
      48
      48
      36
      48
      52
      39
      44
      43
      41
      42
      41
      48
      43
      46
      54
      42
      36
      31
      30
      34
      25
      40
      49
      37
      28
      46
      51
      42
      38
      43
      34
      35
      41
      39
      38
      35
      37
      40
      42
      42
      39
      47
      37
      45
      44
      45
      44
      39
      50
      42
      30
      47
      35
      50
      55
      32
      46
      42
      51
      41
      51
      53
      60
      49
      55
      53
      39
      44
      44
      51
      39
      35
      43
      29
      44
      44
      49
      52
      60
      44
      46
      58
      43
      43
      43
      34
      31
      47
      49
      46
      49
      41
      50
      36
      41
      40
      39
      39
      53
      44
      41
      46
      43
      43
      34
      46
      38
      36
      46
      37
      44
      34
      38
      57
      40
      39
      43
      39
      45
      59
      64
      39
      52
      48
      40
      39
      42
      55
      49
      42
      40
      47
      54
      34
      50
      44
      41
      64
      65
      41
      65
      51
      49
      48
      58
      51
      66
      39
      56
      45
      47
      42
      44
      48
      37
      43
      33
      48
      39
      36
      53
      66
      41
      31
      43
      43
      41
      47
      41
      37
      37
      45
      34
      46
      46
      43
      27
      40
      26
      40
      35
      33
      26
      36
      27
      49
      26
      26
      30
      26
      31
      34
      38
      29
      34
      24
      18
      31
      22
      23
      28
      21
      29
      27
      26
      19
      30
      32
      25
      26
      28
      24
      21
      34
      26
      24
      17
      23
      21
      22
      24
      23
      29
      23
      26
      29
      28
      29
      14
      24
      15
      33
      23
      24
      21
      30
      36
      28
      31
      36
      37
      37
      44
      46
      42
      38
      42
      46
      56
      46
      69
      72
      70
      59
      84
      75
      80
      86
     103
     105
     107
     105
     122
     111
     113
     122
     120
     122
     140
     124
     150
     134
     113
     138
     138
     120
     131
     124
     128
     141
     123
     119
      92
      91
     107
      98
      82
      72
      93
      76
      65
      57
      57
      64
      61
      57
      46
      57
      39
      48
      24
      27
      44
      23
      32
      25
      35
      21
      25
      25
      27
      33
      31
      18
      19
      26
      23
      24
      21
      22
       9
      20
      23
      23
      21
      16
      14
      14
      27
      17
      22
      19
      15
      28
      15
      25
      20
      19
      17
      14
      20
      20
      17
      20
      19
      19
      23
      11
      19
      22
      21
      17
      29
      18
      15
      15
      17
      29
      21
      20
      20
      28
      27
      15
      20
      23
      10
      15
      14
      13
      14
      15
      22
      20
      21
      19
      15
      13
      24
      18
      15
      19
      19
      14
      18
      19
      16
      23
      15
      12
      18
      21
      18
      19
      22
      21
      23
      15
      22
      15
      17
      21
      24
      21
      18
      21
      15
      22
      16
      15
      21
      23
      22
      20
      18
      12
      19
      20
      19
      14
      19
      16
      16
      17
      20
      12
      16
      15
      18
      22
      11
      18
      10
      19
      12
      19
      20
      20
      20
      22
      16
      22
      14
      14
      13
      24
      20
      11
      20
      18
      17
      22
      20
      14
      12
      12
      16
      10
      24
      14
      16
      18
      17
      17
      16
      17
      26
      21
      17
      16
      23
      15
      16
      20
      17
      19
      21
      14
      11
      20
      18
      21
      15
      15
      20
      24
      16
      22
      18
      18
      17
      16
      24
      26
      25
      21
      17
      19
      27
      16
      17
      15
      18
      27
      21
      17
      23
      20
      18
      13
      27
      23
      19
      17
      16
      21
      23
      22
      20
      15
      17
      16
      20
      20
      23
      20
      20
      20
      25
      19
      24
      18
      19
      19
      18
      13
      18
      23
      20
      23
      17
      23
      21
      21
      25
      26
      12
      26
      27
      13
      18
      21
      19
      11
      26
      21
      20
      19
      19
      13
      20
      17
      18
      21
      15
      22
      15
      17
      14
      17
      15
      13
      11
      13
      11
      20
      21
       9
      15
      22
      17
      12
      21
      18
      18
      23
      16
      13
      19
      17
      22
      13
      21
      19
      17
      15
      26
      19
      22
      14
      23
      10
      10
      20
      19
      12
      20
       9
      14
      14
      20
      12
      13
      10
      19
      14
      12
      11
      16
      14
      17
      19
      16
      18
      13
      15
      19
      17
      15
      17
      18
      22
      11
      18
      11
      16
       8
      10
      17
      18
      15
      18
      17
      17
      13
      17
      14
      14
      13
      17
      13
      14
      14
      11
      15
      14
      12
      16
      19
      12
      15
      11
       8
      14
      20
      10
      12
      17
      22
      15
      15
      13
      14
      15
      16
       7
       8
       8
      20
      13
      14
      17
      23
      16
      29
      19
      15
      15
      19
      14
      24
      20
      25
      15
      17
      25
      27
      25
      20
      21
      15
      28
      28
      20
      25
      29
      24
      26
      26
      30
      35
      24
      28
      24
      33
      23
      22
      30
      18
      23
      27
      28
      29
      24
      19
      21
      31
      19
      35
      19
      27
      26
      29
      25
      26
      22
      21
      27
      16
      21
      21
      29
      19
      23
      19
      26
      21
      21
      23
      17
      15
      24
      20
      13
      18
      10
      20
      16
      21
      14
      14
      14
      13
      19
      14
      10
       9
      12
      17
      15
       7
      12
      10
       9
      11
      16
      13
      11
      12
      12
      11
      13
      15
      17
      15
      18
       5
       7
      17
      13
      13
      12
      14
      11
      14
      12
      18
      15
       4
      13
       6
      15
       6
      11
      12
      16
       6
       6
      10
       7
      10
       6
      12
      12
      10
      12
       6
      11
      12
       6
      12
      12
       9
      16
      14
       7
      10
      13
       9
      16
      17
       9
      11
      14
       9
      10
       9
       9
       9
       8
      14
      17
      16
       9
      14
      12
      12
      10
       9
      12
       8
      15
       9
      11
      13
      16
      10
      10
       8
      11
      11
      13
      10
      11
      14
       6
      12
       9
      13
      13
      11
      18
       8
      12
      16
       5
      10
      12
      14
      10
      10
      11
      14
      12
      13
       9
       8
       8
      11
      10
      13
      11
      10
       6
      10
      12
      11
       7
       8
      15
      11
       7
      11
      17
       7
      14
      12
      12
       8
      13
      14
      18
      11
      18
      10
      14
      21
       6
      12
      14
      10
      14
       6
      13
      12
      10
       7
      15
       9
      13
       8
      12
      12
      18
       5
      10
      14
      18
      10
       7
      16
      17
      11
       7
      16
      10
      16
      10
      17
      16
      11
      16
      18
       7
      11
       9
      17
       7
       6
      20
      12
      12
      11
       9
      12
       6
      11
       9
      11
       9
      10
      11
      13
       4
       4
      13
      13
      11
      13
       8
      14
      13
      13
      11
      11
      11
      17
      11
       8
      12
       7
       9
      18
      18
       8
      11
      20
      16
      12
       8
       8
      10
      12
      11
      10
      12
      12
      13
       7
      13
      14
      11
      16
      13
      13
      11
      17
       6
      15
       7
       9
      16
      12
      14
      11
       8
      10
      14
      11
       9
      15
      13
      10
      12
       8
       9
       7
      12
      14
      10
       8
      11
      11
      13
      16
      10
       9
       7
      11
      11
      12
      15
      10
      19
      10
      10
      18
      11
       8
      11
       8
      13
      18
      16
       7
       9
      12
      14
       5
      11
      14
      16
      15
      14
      11
       9
      13
      14
      10
      14
      12
       7
      11
       8
       7
      10
      15
      11
      10
       8
      17
      11
       9
      10
      11
      15
      10
      17
      12
      14
      11
      16
       8
       8
      10
      11
       9
       8
      10
      13
      10
       7
       9
      10
       9
      11
      12
      18
       9
      12
      18
       9
      12
      15
      12
       8
      18
       9
      10
      16
      23
      11
       9
      14
      14
      12
       9
      13
       9
       8
      18
      12
      14
       8
       6
      10
       9
       7
      10
      12
      11
      14
       8
      13
      17
       8
      12
       7
      14
       9
      10
      15
       9
      14
      10
      14
      10
      18
      14
      14
       8
      13
       8
      13
       9
       9
      11
      12
       7
       7
      21
      11
      14
      14
      20
      12
      12
      26
      11
       9
      21
      10
      10
      10
       8
      15
      14
      19
       9
      20
      14
      10
       8
      14
      16
      17
      10
      14
      22
      16
      13
      16
      14
      17
      17
      12
      16
      15
      15
      11
       8
      16
       8
      12
       7
      16
      14
      14
       7
      16
      16
      17
      16
      12
      12
      11
      14
       4
      13
      16
      18
       8
      10
      15
      13
       9
      12
      16
      15
      12
       9
       3
      17
      17
       8
      17
      14
      11
      12
      11
      17
      15
      13
      18
       8
      11
      13
      13
      12
      17
      12
      15
      11
      14
       9
      11
      11
      11
      12
      12
      12
      17
      13
      16
      13
      13
      17
      21
      11
       9
      13
      15
      16
      13
      23
      10
      14
       8
      13
      18
      10
      10
      10
      12
      11
       7
      17
      13
      12
      11
      12
      12
      13
      14
       8
       8
      13
      12
      15
      15
      11
       9
       7
      10
       8
      12
      15
      16
      14
      12
      16
       9
      14
      15
      10
      10
       8
      18
      12
      12
       6
      14
      15
      15
      11
       6
       9
      13
      17
      13
      12
      13
      15
      11
      16
      16
      18
      10
      16
       7
      14
      12
      14
      10
      15
      15
      16
      15
      17
       7
      19
      10
       9
      15
      15
      14
      11
      18
      11
      13
      17
      17
      19
      12
       8
      18
       9
      13
      12
       9
      12
      12
      10
      15
      13
      12
      19
      17
      20
       9
      18
      10
      18
      12
      16
      17
      15
      15
      13
       9
      19
      18
      16
      11
      12
      16
      12
      22
      17
      27
      14
      20
      15
      12
      18
      10
      14
      19
       7
      13
      14
      19
      12
      12
      11
      13
      14
       8
      15
      16
       9
      14
      12
      11
      14
      20
       5
      14
      21
       7
      12
       8
      16
      14
      13
      13
       7
      15
      12
      15
      14
      10
      15
       8
      23
      11
      15
      15
      12
      11
      10
       2
       0
       1
       0
       0
       0
       0
       0
       0
       0
       0
       0
       0
       0
       0
       0
       0
       0
       0
       0
       0
       0
       0
       0
       0
       0
       0
       0
       0
       0
       0
       0
       0
       0
       0
       0
       0
       0
       0
       0
       0
       0
       0
       0
       0
       0
       0
       0
       0
       0
       0
       0
       0
       0
       0
       0
       0
       0
       0
       0
       0
       0
       0
       0
       0
       0
       0
       0
       0
       0
       0
       0
       0
       0
       0
       0
       0
       0
       0
       0
       0
       0
       0
       0
$ROI:
1
712 830
$PRESETS:
None
0
0
$ENER_FIT:
-23.656767 2.297974
$MCA_CAL:
3
-2.365677E+001 2.297974E+000 2.836717E-005 keV
$SHAPE_CAL:
3
0.000000E+000 0.000000E+000 0.000000E+000
