$SPEC_ID:
No sample description was entered.
$SPEC_REM:
DET# 1
DETDESC# DESKTOP-I499GD2 Easy-MCA-2k SN 18191655
AP# Maestro Version 7.01
$DATE_MEA:
02/27/2024 12:30:57
$MEAS_TIM:
62 62
$DATA:
0 2047
       0
       0
       0
       0
       0
       1
       2
       3
      92
      43
      45
      48
      46
      48
      45
      69
      48
      57
      61
      51
      61
      54
      60
      67
      68
      50
      59
      63
      69
      90
     105
     102
     103
     120
     102
     105
      88
      86
      65
      97
      94
      97
     124
     115
     120
     127
     130
     136
     144
     180
     185
     177
     206
     222
     236
     191
     168
     198
     203
     203
     249
     283
     331
     460
     493
     465
     386
     364
     249
     213
     204
     178
     168
     128
     164
     152
     167
     134
     154
     155
     171
     117
     171
     163
     171
     148
     150
     166
     152
     152
     179
     170
     160
     148
     175
     159
     145
     144
     148
     122
     128
     145
     133
     135
     103
     126
     125
     125
     112
     111
     128
     107
     126
     131
     111
     102
     109
     100
     100
     111
     100
     110
     116
     103
      95
      96
      99
      98
      78
     117
      98
      89
     113
      73
      99
      79
      88
      98
      73
      89
      98
      91
      71
      85
      84
      72
      93
      88
      69
      72
      81
      77
      69
      72
      68
      69
      54
      74
      68
      62
      66
      64
      66
      73
      65
      67
      50
      75
      53
      52
      65
      71
      70
      66
      56
      70
      60
      60
      54
      62
      63
      64
      59
      53
      43
      47
      75
      43
      58
      58
      51
      59
      50
      64
      48
      47
      58
      56
      47
      49
      47
      61
      36
      53
      71
      43
      46
      55
      59
      52
      47
      62
      52
      51
      69
      62
      57
      82
      71
      91
     100
      91
      88
     101
     104
      95
     119
     121
     113
     117
     119
     116
      93
     107
     115
     100
      99
      85
      81
      87
      69
      67
      53
      47
      40
      47
      31
      42
      30
      24
      34
      35
      35
      28
      32
      29
      31
      37
      45
      34
      34
      23
      41
      21
      33
      43
      35
      35
      25
      40
      36
      32
      43
      32
      37
      25
      24
      30
      25
      30
      28
      31
      36
      38
      35
      30
      26
      26
      32
      27
      25
      25
      31
      30
      25
      20
      33
      29
      35
      29
      35
      34
      26
      26
      31
      25
      27
      28
      27
      31
      26
      29
      26
      24
      26
      38
      35
      20
      23
      33
      32
      27
      31
      40
      27
      32
      24
      31
      24
      31
      28
      36
      26
      20
      30
      29
      25
      30
      32
      22
      29
      24
      29
      30
      24
      24
      30
      27
      31
      26
      31
      21
      22
      24
      21
      18
      32
      26
      17
      22
      23
      15
      30
      35
      22
      22
      24
      31
      25
      17
      32
      18
      26
      32
      28
      20
      19
      27
      25
      36
      31
      29
      16
      21
      30
      21
      27
      19
      26
      25
      14
      18
      22
      23
      23
      28
      17
      23
      27
      14
      19
      20
      17
      29
      27
      19
      19
      20
      17
      14
      24
      23
      21
      20
      27
      18
      15
      15
      20
      16
      23
      26
      24
      18
      26
      14
      24
      19
      18
      15
      22
      26
      25
      20
      14
      13
      18
      19
      24
      12
      23
      17
      19
      20
      28
      20
      28
      18
      17
      18
      23
      14
      23
      21
      17
      23
      13
      23
      10
      21
      29
       9
      24
      23
      28
      25
      16
      15
      34
      21
      14
      24
      28
      20
      10
      27
      27
      29
      20
      24
      29
      25
      17
      29
      19
      32
      23
      30
      28
      20
      25
      27
      22
      26
      28
      30
      28
      18
      25
      24
      30
      14
      23
      27
      28
      16
      14
      16
      23
      27
      16
      17
      21
      20
      18
      18
      23
      18
      24
      26
      20
      22
      21
      15
      19
      20
      18
      20
      16
      23
      20
      23
      16
      27
      23
      26
      23
      20
      21
      18
      19
      18
      20
      26
      22
      16
      21
      27
      26
      26
      15
      21
      20
      21
      25
      20
      21
      26
      24
      17
      22
      16
      17
      26
      18
      27
      13
      36
      10
      18
      16
      21
      22
      19
      16
      19
      20
      16
      11
      26
      23
      17
      21
      30
      20
      19
      18
      21
      16
      14
      18
      12
      16
      21
      24
      15
      15
      16
      18
      18
      24
      21
      20
      31
      22
      27
      19
      29
      27
      16
      20
      13
      15
      18
      24
      21
      16
      20
      30
      25
      17
      32
      22
      29
      18
      21
      29
      25
      20
      23
      31
      23
      27
      22
      30
      17
      29
      22
      17
      28
      19
      18
      21
      26
      19
      13
      20
      20
      20
      22
      19
      18
      11
      18
      20
      16
      23
      21
      14
      21
      18
      19
      13
      18
      16
      13
      10
       9
      14
      14
      13
      12
      12
      16
      12
      14
      13
      15
      20
       9
       8
      10
      12
      13
       6
      14
      20
      12
      10
      12
      12
       9
      10
       9
      11
      11
      11
      10
       7
      10
       8
       5
      10
      14
      11
       6
      11
       3
      12
       2
       8
      14
       3
      11
      10
       8
      11
       5
       9
       7
       8
       8
       9
       8
       9
       7
       9
      13
      10
      10
      15
       9
      11
      19
      15
      14
      11
      18
      26
      29
      16
      16
      24
      24
      28
      30
      42
      36
      32
      28
      45
      38
      48
      50
      48
      54
      59
      66
      65
      68
      77
      75
      80
      58
      83
      70
      74
      62
      66
      78
      69
      71
      57
      53
      51
      44
      48
      49
      50
      45
      56
      31
      27
      29
      28
      29
      28
      32
      21
      31
      20
      18
      17
      18
      18
      17
      17
      12
       8
      16
      10
      15
       9
       9
      12
       7
      11
       6
      10
       6
       8
       5
       9
       7
       7
       7
      11
       8
       6
       4
       6
       9
       3
       8
       8
       9
       1
       3
       4
       5
      11
       7
       4
       4
       7
       6
       8
       8
       6
       4
       9
       4
       2
       6
       4
       3
       6
       6
       6
      10
       6
       9
       3
       5
       7
       7
       6
       3
       4
       7
       4
       0
       5
       6
       9
      10
       5
       3
       5
       5
       5
       6
       5
       5
       5
       2
       1
      11
       5
       5
       4
       7
       7
       8
       5
       5
       8
       4
       1
      12
       9
       4
       7
       3
       4
       7
       4
       8
       6
       9
       3
       7
       6
       5
       5
       3
       9
       3
      11
       7
       7
       5
       8
       3
       6
       5
       3
       3
       8
       6
       0
       6
       6
       8
       4
       2
       5
       7
       9
       6
       5
       1
       7
       8
       5
       5
       5
       7
       7
       6
       7
       7
       5
       2
       6
       2
       7
       6
       3
       6
       7
       3
       4
       5
       5
       8
       3
       1
       4
       4
       4
       2
       8
       6
       3
       4
       6
       4
       3
       7
       8
       1
       3
       2
       4
       6
       3
       6
       5
       5
       7
       7
       2
       4
       6
       5
       6
       4
       5
       4
       4
       7
       6
       3
       4
       9
       3
       4
       4
       5
       9
       7
      10
       7
       5
       4
      11
       8
       6
       4
       6
       4
       7
       6
       8
       9
       4
       4
       3
       2
       7
       6
       3
       9
       5
       5
       5
       6
       7
       8
       3
       3
       5
       5
       2
       6
       4
       3
       2
       7
       8
       4
       0
       5
       9
       6
       5
       4
       6
       2
       8
       2
       1
       3
       2
       4
       3
       3
       3
       2
       3
       5
       7
      10
       3
       7
       7
       3
       9
       2
       5
       6
       6
       6
       6
       7
       9
       6
       2
       6
       7
       4
       1
       7
       8
       7
       9
       5
       8
       5
       5
       5
       3
       6
       6
       3
       1
       6
       3
       6
       5
       2
       6
       7
       7
       4
       7
       4
       1
       3
       5
       5
       5
       6
       5
       5
       9
       6
       5
       6
       2
       5
       3
       6
       3
       4
       6
       4
       4
       2
       3
       7
       5
       0
       4
       5
       7
       5
       5
       5
       3
       3
       3
       4
       2
       1
       6
       4
       6
       5
       1
       5
       6
       2
       4
       2
       7
       2
       1
       4
       5
       8
       9
       8
       4
       3
       3
       5
       3
       8
       3
       1
       5
       6
       5
       2
       4
       5
       4
       7
       2
       7
       2
       5
       6
       3
       6
       9
       5
      10
       5
       9
       7
       2
       5
       3
       2
       5
       5
       2
       2
       4
      11
       3
       5
       4
       2
       2
       5
       9
       1
       1
       6
       7
       4
       7
       7
       4
       4
       3
       5
       4
       4
       4
       3
       2
       7
       4
       3
       7
       8
       5
       3
       5
       4
       6
       8
       6
       5
       5
       4
       3
       2
       4
       6
       2
       2
       5
       4
       5
       5
       3
       7
       0
       3
       3
       4
       5
       6
       4
       7
       1
       6
       2
       1
       5
       4
       1
       4
       4
       4
       8
       2
       5
       4
       7
       5
       6
       5
       1
       2
       5
       2
       3
       1
       5
       3
       4
       6
       1
       4
       4
       2
       6
       4
       3
       3
       4
       4
       3
       1
       6
       5
       5
       5
       7
       3
       6
       3
       6
       7
       2
       5
       4
       2
       4
       8
       0
       6
       4
       4
       7
       4
       5
       3
       7
       3
       6
       7
       4
       7
       4
       6
       6
       4
       4
       5
       3
       8
       4
       2
       2
       3
       2
       4
       4
       3
       5
       3
       4
       2
       7
       2
       4
       3
       5
       8
       1
       5
       1
       3
       3
       3
       4
       3
       0
       4
       8
       5
       1
       3
       5
       2
       3
       7
       2
       6
       6
       3
       1
       4
       4
       5
       4
       3
       2
       2
       3
       5
       3
       4
       8
       3
       2
       5
       5
       3
       1
       1
       6
       3
       3
       6
       5
       5
       6
       2
       6
       5
       2
       6
       4
       3
       3
       1
       5
       5
       4
       5
       3
       6
       0
       9
       3
       1
       3
       8
       5
       2
       2
       5
       3
       3
       4
       4
       6
       4
       3
       4
       3
       5
       7
       3
       2
       2
       5
       5
       2
       5
       8
       2
       4
       2
       7
       6
       5
       0
       7
       5
       6
       4
       7
       2
       3
       5
       3
       6
       1
       3
       3
       7
       0
       0
       2
       8
       3
       2
       4
       8
       7
       2
       3
       3
       1
       3
       5
       2
       0
       4
       5
       4
       1
       3
       3
       2
       5
       4
       7
       3
       6
       4
       4
       2
       2
       4
       3
       5
       3
       2
       4
       2
       6
       5
       4
       6
       6
       6
       3
       7
       6
       4
       5
       4
       4
       2
       1
       1
       7
       5
       5
       5
       5
       4
       2
       5
       4
       5
       5
       7
       3
       5
       7
       5
       2
       4
       4
       4
       4
       5
       2
       7
       1
       4
       4
       2
       7
       5
       5
       6
      12
       3
       7
       7
       2
       3
       5
       4
       6
       5
       7
       3
       3
       4
       1
       2
       5
       9
       6
       4
       4
       6
       2
       5
       3
       6
       6
       6
       4
       4
       9
       5
       5
       2
       2
       4
       2
       4
      13
       2
       4
       2
       8
       7
       3
       7
       4
       4
       2
       5
       4
       5
       5
       3
       2
       3
       6
       3
       5
       3
       1
       5
       5
       5
       3
       3
       5
       5
       2
       2
       1
       1
       3
       3
       4
       3
       3
       5
       4
       4
       6
       5
       3
       6
       4
       6
       0
       4
       6
       4
       2
       2
       3
       3
       2
       5
       9
       4
       3
       4
       5
       4
       5
       2
       1
       5
       3
       5
       2
       3
       9
       2
       4
       1
       3
       7
       3
       4
       7
       3
       7
       3
       5
       6
       4
       5
       9
       8
       3
       5
       4
       4
       5
       1
       1
       6
       1
       5
       6
       3
       3
       6
       3
       3
       3
      10
       4
       3
       5
       5
       6
       1
       2
       7
       7
       2
       5
       6
       5
      10
       3
       8
       6
       4
       4
       4
       6
       1
       7
       5
       7
       4
       5
       4
       6
       3
       1
       2
       9
       7
       5
       6
       3
       4
       3
       4
       7
       4
       3
       8
       0
       2
       3
       0
       1
       3
       6
       7
       5
       4
       6
       5
       5
       7
       3
       6
       4
       2
       5
       0
       6
       1
       4
       5
       5
       6
       4
       4
       6
       6
       4
       5
       5
       7
       9
       2
       5
       5
       7
       7
       3
       8
       8
       3
       8
       4
       3
       5
       3
       4
      10
       8
       7
       7
       8
       4
       4
       4
       6
       7
       5
       3
       6
       4
       3
       6
       6
       2
       5
       4
       5
       4
       6
       3
      10
       6
       8
       6
       6
       2
       8
       4
       4
       5
       6
       6
       3
       4
       0
       6
       9
       4
       5
       8
       4
       4
       5
       4
       5
       8
       2
       6
       5
       2
       3
       1
       4
       3
       4
       7
       7
       4
       4
       3
       3
       3
       5
       2
       3
       4
       6
       2
       3
       3
       2
       5
       7
       5
       4
       6
       3
       5
       5
       3
       4
       4
       2
       5
       1
       3
       0
       5
       7
       4
       3
       7
       4
       6
       9
       4
       4
       6
       4
       3
       4
       5
       7
       3
       4
       4
       9
       6
       5
       4
       2
       4
       8
       7
       4
       2
       0
       3
       5
       5
       7
       7
       5
       7
       3
       3
       0
       3
       4
       4
       4
       4
       2
       4
       4
       1
       7
       5
       2
       8
       5
       8
       5
       4
       7
       5
       6
       6
       9
       6
       4
       6
       5
       6
       3
       2
       3
       2
       4
       6
       5
       0
       0
       0
       0
       0
       0
       0
       0
       0
       0
       0
       0
       0
       0
       0
       0
       0
       0
       0
       0
       0
       0
       0
       0
       0
       0
       0
       0
       0
       0
       0
       0
       0
       0
       0
       0
       0
       0
       0
       0
       0
       0
       0
       0
       0
       0
       0
       0
       0
       0
       0
       0
       0
       0
       0
       0
       0
       0
       0
       0
       0
       0
       0
       0
       0
       0
       0
       0
       0
       0
       0
       0
       0
       0
       0
       0
       0
       0
       0
       0
       0
       0
       0
       0
$ROI:
1
712 830
$PRESETS:
None
0
0
$ENER_FIT:
-23.656767 2.297974
$MCA_CAL:
3
-2.365677E+001 2.297974E+000 2.836717E-005 keV
$SHAPE_CAL:
3
0.000000E+000 0.000000E+000 0.000000E+000
