$SPEC_ID:
No sample description was entered.
$SPEC_REM:
DET# 1
DETDESC# DESKTOP-I499GD2 Easy-MCA-2k SN 18191655
AP# Maestro Version 7.01
$DATE_MEA:
02/27/2024 12:29:00
$MEAS_TIM:
65 66
$DATA:
0 2047
       0
       0
       0
       0
       1
       0
       2
       8
     160
      77
      75
      63
      76
      72
      81
      76
      78
      93
      88
      95
      92
      88
      74
      87
      85
      79
     100
     103
     103
     129
     110
     138
     118
     153
     152
     126
     126
     122
     128
     115
     138
     131
     161
     153
     171
     188
     183
     162
     192
     206
     230
     230
     249
     254
     311
     250
     250
     246
     233
     266
     276
     325
     401
     477
     571
     562
     486
     411
     322
     261
     230
     217
     249
     200
     209
     212
     206
     184
     216
     191
     202
     202
     231
     226
     204
     216
     229
     199
     227
     237
     220
     223
     224
     216
     227
     225
     223
     190
     193
     197
     199
     169
     186
     174
     167
     179
     184
     194
     165
     181
     163
     177
     144
     177
     170
     141
     167
     174
     160
     171
     152
     152
     161
     137
     145
     146
     147
     139
     143
     143
     140
     150
     142
     140
     125
     142
     138
     132
     134
     146
     122
     124
     120
     121
     121
     100
     125
     117
     107
     121
     122
     133
     107
      87
     109
      98
     112
     111
      98
     105
     105
     114
      93
     114
     109
      97
     101
      84
      99
      91
      89
      86
      86
      86
      79
      91
     102
      87
     100
      72
      70
      87
      76
      83
      86
      66
      79
      80
      84
      86
      73
      85
      88
      74
      76
      68
      72
      80
      74
      78
      79
      75
      86
      67
      77
      79
      68
      85
      76
      72
      84
      68
      84
      94
      95
      83
      97
      96
     103
     109
     114
     148
     139
     143
     170
     173
     197
     161
     162
     181
     189
     192
     209
     172
     172
     173
     149
     137
     111
     108
     107
      89
      74
      84
      74
      85
      54
      65
      51
      51
      58
      58
      59
      44
      34
      47
      58
      60
      55
      57
      56
      50
      53
      48
      45
      53
      44
      61
      57
      55
      54
      44
      58
      44
      46
      57
      44
      43
      64
      47
      40
      52
      45
      42
      45
      53
      49
      39
      35
      58
      40
      40
      48
      34
      48
      48
      43
      50
      38
      50
      46
      45
      43
      54
      40
      42
      47
      39
      39
      36
      54
      48
      47
      48
      50
      44
      53
      40
      49
      48
      36
      44
      54
      40
      42
      36
      62
      46
      46
      52
      42
      45
      50
      34
      58
      25
      47
      47
      35
      53
      33
      29
      50
      45
      28
      32
      43
      40
      45
      51
      47
      44
      39
      41
      34
      47
      47
      41
      46
      36
      34
      33
      37
      43
      38
      43
      37
      26
      37
      27
      33
      41
      39
      35
      38
      40
      36
      45
      43
      44
      29
      29
      27
      37
      32
      45
      44
      29
      36
      39
      28
      42
      28
      29
      35
      39
      32
      28
      33
      37
      27
      27
      35
      35
      34
      39
      41
      31
      33
      24
      42
      29
      31
      41
      35
      28
      23
      28
      36
      44
      28
      38
      35
      34
      40
      45
      38
      27
      32
      37
      25
      25
      40
      41
      27
      23
      27
      29
      23
      24
      33
      36
      46
      40
      35
      24
      37
      25
      29
      23
      32
      25
      29
      29
      31
      23
      37
      20
      36
      38
      28
      37
      39
      39
      36
      23
      34
      38
      33
      39
      33
      30
      29
      35
      37
      32
      18
      27
      31
      35
      34
      34
      46
      38
      49
      40
      40
      37
      40
      31
      29
      33
      39
      34
      28
      27
      32
      41
      38
      29
      22
      37
      47
      28
      40
      41
      24
      34
      27
      30
      39
      47
      32
      35
      33
      29
      37
      26
      25
      42
      24
      27
      32
      29
      27
      36
      31
      38
      31
      29
      24
      31
      26
      33
      28
      35
      36
      29
      32
      24
      34
      32
      45
      41
      44
      30
      35
      36
      40
      39
      36
      36
      39
      43
      53
      36
      38
      33
      36
      46
      46
      43
      36
      37
      39
      40
      42
      37
      39
      40
      35
      38
      36
      31
      40
      39
      46
      38
      31
      37
      26
      33
      29
      26
      40
      32
      33
      37
      27
      36
      28
      32
      26
      26
      44
      22
      40
      32
      38
      35
      28
      25
      33
      32
      30
      28
      37
      25
      35
      31
      36
      35
      33
      36
      28
      35
      38
      37
      33
      41
      29
      33
      40
      28
      46
      52
      40
      35
      34
      35
      47
      35
      35
      34
      39
      34
      43
      30
      37
      43
      40
      42
      31
      37
      31
      37
      33
      39
      39
      46
      35
      39
      32
      46
      29
      31
      34
      34
      50
      31
      37
      35
      32
      27
      29
      16
      27
      27
      18
      25
      19
      25
      20
      28
      21
      22
      14
      16
      28
      23
      21
      25
      14
      30
      16
      13
      19
      20
      19
      18
      18
      15
      24
      15
      15
      18
      19
      15
      15
      11
      14
      15
      19
      12
      22
      19
      14
      11
      13
      15
      17
      16
      27
      15
      14
      23
      12
      14
       9
      14
      10
      22
      14
      16
      16
      19
       8
      17
      17
      22
      17
      16
      27
      21
      24
      22
      24
      28
      34
      26
      34
      34
      37
      47
      65
      53
      56
      59
      65
      56
      64
      78
      81
      76
      92
      92
      84
      77
     104
     103
      99
     106
     114
     110
     109
     106
     118
     113
     105
     130
     105
     110
     110
     109
      96
      97
     104
      93
      98
      74
      75
      72
      73
      76
      56
      40
      61
      48
      47
      46
      37
      34
      24
      28
      27
      33
      29
      27
      16
      18
      19
      18
      18
      18
      13
      15
      10
      18
      17
      13
      11
      10
      12
      12
       6
       9
      11
      16
       8
      12
      15
       4
       9
      11
       9
      10
      17
      13
      11
      13
      11
      11
       8
       9
      14
      10
       7
       7
       4
       8
       8
      11
       8
      11
       6
      12
      10
       7
       9
       9
       8
      11
       9
      16
      11
      12
      16
       5
      13
       5
       7
      10
      11
      12
      11
       9
       6
      10
       7
       6
      10
      11
       9
       7
      11
       5
       7
      11
       6
      12
      15
       9
      12
       3
       9
       6
       5
       6
       8
       6
       8
      11
      14
       8
       7
       9
      13
      14
       9
       6
      15
      12
       8
      15
       4
      13
      10
       7
      11
       6
       6
      10
       8
       9
       5
      10
      15
       6
       7
       8
       8
      11
      12
       7
      15
       8
       6
      12
      10
      10
       6
       4
       7
       8
       5
      10
      10
      13
      11
       7
       5
       9
       8
       7
      11
       5
       9
       8
       9
       8
       9
       4
       9
       8
       5
       7
       9
       6
       8
       8
       8
      10
       9
      13
       4
       5
       3
       9
       7
       6
       6
      15
       4
       9
       8
       7
       7
       8
      12
       9
      11
      10
       6
      10
       7
       9
      11
       7
       7
       7
      10
       9
       8
       6
       7
      10
       8
      10
       7
       6
       8
       8
      14
      13
      13
      14
      11
      10
      12
       9
      11
       8
      10
       6
      17
       6
       5
       6
       9
       9
       6
      10
       6
      10
       6
       5
      10
       3
       4
      10
       7
      10
      13
       5
       6
      13
       9
       8
       8
       5
       6
       6
      13
      11
      10
       7
       8
       8
       2
       8
      11
      16
       7
       9
       7
       7
       4
      11
       8
       8
       5
       6
       7
       4
       4
       5
      11
       9
       6
       1
      11
      13
       4
      10
       2
       7
       7
       7
       5
       6
       7
       8
       8
      12
      11
       7
      12
       9
       5
       4
       6
       9
      10
       8
       5
       5
       5
       6
       7
       7
      10
       5
      12
       9
      16
       8
      11
       8
       5
       7
       5
      11
       8
       4
       9
       7
      10
       7
      10
       6
       5
      11
       7
      10
       7
       7
       9
       6
      11
       8
       5
       6
       7
       8
       4
       4
       8
       5
       3
       8
       5
       7
       8
       6
      10
       8
       9
       2
       5
       9
       6
       9
       9
       4
       6
       7
      11
       5
      11
       7
      10
       5
       8
       3
       6
       1
       5
       3
       4
       7
       4
       3
       5
       6
       7
       6
       9
       7
       4
       7
       7
       9
      10
       9
       8
       8
       6
       9
      12
       7
       9
       7
       7
       5
       7
       7
      15
      13
       7
      11
      10
      12
       8
       5
      13
      16
      10
       5
      14
       7
       7
      11
      14
      16
       8
      10
      11
      12
       8
      10
       9
      11
      15
      11
       7
       9
       5
       3
       7
       1
      12
      12
       5
       8
       9
       9
      11
       6
       8
       6
       7
       8
       4
       6
       6
       5
       9
       3
       8
       8
       5
       5
       7
       7
       4
       7
       9
       9
       7
      13
       6
       6
       5
      11
       6
       6
       4
       7
       4
       9
      10
       9
       4
       8
       9
       7
       3
       5
       7
       6
       7
       6
       5
       7
       6
       8
       8
       7
       6
       3
       6
       3
       4
       7
       6
       8
       4
       4
       5
       6
       8
       9
       2
       6
       7
       9
       7
       8
       3
       8
       5
       8
       6
       5
       6
       3
       7
      12
       2
       8
       3
       3
       4
       4
       3
      10
       6
       4
      10
       5
       7
       6
      10
       7
       6
       1
      12
      10
       6
       6
      11
       5
       6
       5
       7
      11
       5
       5
       9
      11
       4
       4
       7
      15
       7
       4
       5
       4
       6
       2
       5
       8
       6
       7
       4
       6
      12
       9
       5
       4
       9
       4
       6
       6
      12
       2
      12
       5
       9
       7
       6
       5
       8
       5
       3
       9
       7
       5
      12
       7
       5
       8
       2
       6
       7
       4
       6
      10
       6
       5
       9
       7
       8
      10
       8
       6
       6
       4
       9
       9
       4
       8
       4
       2
       3
       5
       4
       3
       8
       7
       5
       9
       8
       5
       7
       5
       4
       2
       6
       9
       7
      12
       3
       5
       9
      16
       5
      10
       5
       4
       8
       7
      10
       5
       5
       7
       5
       2
       6
       9
      11
       5
      12
       5
       4
       4
       7
       6
      11
       5
       6
       4
      10
       8
       6
       8
      10
       8
       6
       8
       3
       5
       4
       3
       4
       8
       7
       9
       6
      12
      10
      10
       7
       2
      10
       4
       9
       7
       6
       6
       7
       8
       6
      11
       8
       7
       3
       3
       6
       6
       8
       9
       7
       6
       9
       6
       8
       9
       7
       6
       8
       4
       7
       7
       9
       5
       9
       5
       6
      10
       9
       5
      10
       7
       1
       8
       5
       7
       6
       2
       8
       7
       7
       3
       6
       8
       7
      10
       7
      11
       9
       5
      13
       7
      12
       7
      11
      10
       9
       7
       7
       9
      11
       7
      13
       8
       8
       2
       4
       3
      11
       6
       5
       5
       8
       2
       7
      10
       9
       7
       8
      10
       8
      10
       5
      13
       9
      10
       7
       5
       8
       8
       3
       8
      11
       5
       5
       9
       4
       6
       9
       8
       9
       7
       8
       4
       6
       8
       3
       7
       6
       9
       5
       5
       5
       5
       8
      10
       6
       7
       8
       2
       7
      12
      12
       8
       7
       7
       9
       5
      11
       4
       9
       9
       4
       8
       6
       7
       9
       6
       5
       4
       7
       6
       8
       6
       8
      13
       9
       7
       7
      10
       4
       8
       4
       5
       9
       7
       8
       6
       5
       7
      11
       5
      10
       7
       7
       8
       5
       6
      10
       7
      12
       6
      12
       5
       7
      10
       3
       8
       9
      10
       7
       8
       9
       6
      12
      10
      10
       4
       7
       6
      10
       5
      10
      11
      11
       6
       5
       6
      10
       8
       9
       8
       6
       8
       5
      10
       9
      11
      13
      11
       9
       5
      12
       6
       8
      12
      12
       5
      13
       8
      12
      11
       8
      12
       8
       4
       9
       9
       6
       6
       6
       6
       6
       8
       9
       5
       6
       7
       8
      14
       9
       6
       9
      11
       9
       8
       7
      14
       7
       7
      11
       7
       8
       9
      14
       7
       8
       6
       8
       8
       8
       7
       6
       6
       6
       4
       8
      14
       9
       8
       5
      10
       6
      12
       6
       8
       5
       7
       8
       8
       9
       7
       5
       9
      10
      10
       8
      11
       5
       9
       8
       9
       8
       8
       9
       4
       7
      10
      10
       6
      15
       6
      11
       8
      10
       9
      10
       6
       7
       2
      10
       4
       5
       7
      12
       8
       8
       6
      10
      10
      13
       9
       4
      13
       8
       6
       5
       9
      10
       9
      13
      12
       7
       8
       9
       9
      10
       7
       9
      11
       5
       5
       9
       7
       9
       6
       3
       7
       9
       8
       5
       7
       6
       9
       8
      15
       9
       6
       9
      13
       0
       8
      12
       2
      11
       8
      10
       8
       6
       7
       5
       9
       6
       8
       6
       9
       6
       6
       7
      11
      10
      12
      11
       6
       7
       4
       9
       8
       4
       3
       9
       5
      10
      14
       7
       9
       9
       2
       5
       8
       4
       6
       9
       6
       8
       8
       3
       5
       4
       5
      11
       9
       5
       6
       9
       5
       6
      11
       6
       7
       9
      11
      10
       7
       4
      14
       9
      10
       9
       9
       9
       6
       7
       9
       8
       8
      11
       9
       4
      11
       8
      10
      12
       4
       7
      10
      11
      11
      11
       4
       5
       8
       5
      10
       8
       6
      11
       5
       7
      12
       8
       9
       8
       6
       4
       9
       7
      10
       6
       6
       8
       4
       0
       0
       0
       0
       0
       0
       0
       0
       0
       0
       0
       0
       0
       0
       0
       0
       0
       0
       0
       0
       0
       0
       0
       0
       0
       0
       0
       0
       0
       0
       0
       0
       0
       0
       0
       0
       0
       0
       0
       0
       0
       0
       0
       0
       0
       0
       0
       0
       0
       0
       0
       0
       0
       0
       0
       0
       0
       0
       0
       0
       0
       0
       0
       0
       0
       0
       0
       0
       0
       0
       0
       0
       0
       0
       0
       0
       0
       0
       0
       0
       0
       0
       0
       0
$ROI:
1
712 830
$PRESETS:
None
0
0
$ENER_FIT:
-23.656767 2.297974
$MCA_CAL:
3
-2.365677E+001 2.297974E+000 2.836717E-005 keV
$SHAPE_CAL:
3
0.000000E+000 0.000000E+000 0.000000E+000
