$SPEC_ID:
No sample description was entered.
$SPEC_REM:
DET# 1
DETDESC# DESKTOP-I499GD2 Easy-MCA-2k SN 18191655
AP# Maestro Version 7.01
$DATE_MEA:
02/27/2024 12:45:52
$MEAS_TIM:
120 121
$DATA:
0 2047
       0
       0
       0
       0
       0
       0
       0
       0
      56
      28
      35
      29
      45
      40
      47
      41
      41
      55
      59
      46
      37
      47
      52
      42
      40
      63
      56
      76
      93
      83
      97
     110
     133
     141
     140
      98
      69
      82
      60
      89
     112
     100
     106
     112
     146
     122
     165
     177
     174
     201
     226
     248
     288
     310
     284
     264
     270
     245
     260
     257
     303
     363
     509
     637
     706
     745
     653
     491
     384
     281
     202
     165
     151
     169
     166
     135
     164
     158
     143
     126
     151
     152
     168
     141
     162
     140
     161
     157
     142
     170
     193
     180
     148
     190
     160
     170
     143
     153
     139
     130
     134
     121
     106
     115
     113
     101
     102
     107
      87
     119
     101
      93
      98
     102
     104
      79
     109
      89
      86
      89
      80
      80
      70
      83
      80
      76
      88
      80
      78
      69
      89
      66
      77
      77
      78
      70
      49
      65
      63
      77
      67
      56
      51
      65
      59
      58
      66
      50
      46
      64
      68
      61
      64
      57
      44
      50
      71
      48
      68
      43
      45
      63
      46
      46
      42
      45
      41
      44
      40
      46
      36
      37
      45
      36
      35
      38
      53
      38
      37
      27
      33
      44
      37
      29
      27
      24
      38
      37
      28
      37
      26
      25
      34
      33
      28
      31
      20
      26
      36
      22
      33
      40
      33
      33
      23
      38
      37
      30
      29
      40
      35
      45
      41
      52
      36
      35
      49
      37
      40
      46
      36
      45
      47
      49
      56
      60
      59
      69
      45
      48
      54
      53
      64
      48
      53
      41
      36
      54
      48
      33
      34
      33
      32
      25
      29
      28
      33
      26
      15
      13
      21
      17
      21
      30
      21
      22
      29
      23
      18
      27
      19
      22
      18
      24
      13
      23
      18
      19
      31
      26
      22
      18
      20
      23
      16
      20
      25
      19
      19
      23
      15
      18
      17
      13
      18
      11
      15
      14
      15
      12
      12
      17
      15
      14
      12
      13
      13
      12
      16
      18
      18
      14
      17
      21
       7
      20
      12
       5
      15
      15
      11
      16
      19
       8
      19
      14
      21
      20
      12
      15
      14
      11
      11
      15
      16
      15
      15
      11
      14
       9
      14
      22
      12
      13
       6
      15
      18
      16
      12
      12
      12
      11
      22
      11
      12
       9
      10
      12
      14
      10
      15
       7
      18
      18
      13
      19
      23
      20
      17
      12
      13
      16
      14
      22
      14
      12
      17
      17
       9
      25
      17
      10
      14
      12
      12
       9
      11
      18
      14
      17
      14
      12
      14
      11
      11
      12
      18
       9
      11
      13
      13
      15
      14
      14
       4
       7
      10
      13
      11
       9
      10
       8
       9
      15
       9
      11
      12
      10
      11
       5
       8
       9
      11
       5
       9
      10
       8
       7
      15
       6
      10
       7
       3
       6
       4
      10
      13
       6
       8
      13
      10
       8
       8
       7
       9
       6
       7
       3
       7
       9
      10
      11
       8
       9
       7
      10
       2
       9
       2
       6
       8
       6
      13
       5
       6
       9
      10
       4
       4
       8
      14
      10
       9
      11
      15
       5
      12
       9
      12
       7
       9
      14
       8
      14
      14
      10
      13
      14
      12
      19
      15
      16
      18
      18
      13
      10
      18
      18
      21
      14
      17
       7
      20
      16
      19
      18
      11
      15
      17
       9
      16
      13
      13
      14
      11
      11
       8
       8
       9
      13
       7
       7
      11
      12
       6
       6
       9
       5
       9
      15
      10
       9
      10
       4
       2
       8
       3
       7
       7
       4
       9
       5
       6
       8
       6
       3
       7
       5
       6
       8
       4
      10
       9
      11
       5
       6
       3
       4
       8
       5
       3
       9
       6
       4
       6
       7
      10
       4
       5
       7
       4
       9
       5
       8
       7
       3
       8
       5
       5
       5
       3
       4
      12
       6
       1
       9
       4
       4
       7
       3
       6
       2
       7
       6
       5
       5
       2
       4
       5
       4
       4
       5
       5
       9
       3
       8
       3
       3
       0
       3
       6
       7
       0
      10
       8
       4
       2
       1
       4
       7
      11
       3
       5
       9
       7
       6
      10
       7
       5
      11
      12
       4
       5
       6
       7
       4
      13
       8
       7
      12
       6
       6
       4
       6
      11
      10
      13
      10
      15
       9
       7
       7
       8
       7
       7
      14
       6
       4
       6
       9
       5
       7
       9
       7
       3
       6
       0
       7
       2
       7
       4
       6
       6
       5
       6
       1
       6
       4
       4
       6
       2
       2
       2
       7
       4
       4
       0
       7
       3
       5
       1
       2
       0
       2
       2
       3
       3
       1
       0
       2
       3
       1
       4
       1
       4
       3
       2
       1
       1
       5
       3
       4
       3
       4
       0
       3
       1
       4
       3
       0
       5
       3
       0
       5
       2
       1
       2
       3
       1
       3
       5
       2
       6
       3
       2
       2
       3
       1
       5
       4
       2
       0
       4
       3
       3
       3
       2
       3
       3
       6
       2
       1
       7
       3
       5
       8
       9
       5
       4
       7
       8
       4
       8
       3
       3
       7
       2
       6
       9
       5
      10
      11
      15
       5
       9
      13
       3
      11
      10
       6
       8
       5
       6
       9
       6
       4
      11
       8
       2
       8
       3
       2
       2
       6
       4
       3
       6
       5
       4
       3
       1
       2
       2
       2
       1
       1
       3
       3
       4
       3
       3
       2
       2
       4
       3
       1
       3
       1
       0
       0
       4
       3
       1
       2
       0
       1
       4
       1
       3
       1
       2
       6
       1
       1
       1
       1
       1
       3
       3
       2
       1
       3
       1
       3
       3
       6
       4
       3
       3
       0
       1
       0
       2
       1
       1
       1
       1
       2
       2
       0
       1
       1
       0
       2
       0
       0
       2
       3
       3
       1
       4
       1
       1
       2
       3
       1
       1
       1
       2
       0
       1
       2
       1
       0
       0
       0
       2
       1
       3
       4
       2
       1
       1
       3
       0
       1
       4
       1
       2
       1
       2
       3
       1
       2
       3
       0
       4
       2
       1
       1
       2
       2
       0
       4
       3
       0
       2
       2
       1
       2
       0
       0
       1
       3
       0
       3
       3
       0
       2
       1
       2
       5
       1
       3
       1
       1
       1
       2
       2
       1
       2
       2
       2
       1
       3
       4
       2
       1
       1
       3
       1
       3
       2
       2
       3
       2
       1
       0
       2
       2
       1
       2
       1
       2
       3
       0
       2
       0
       1
       0
       3
       2
       3
       5
       2
       0
       0
       2
       2
       1
       0
       0
       2
       2
       1
       3
       2
       0
       2
       4
       1
       2
       0
       5
       2
       3
       0
       1
       2
       2
       0
       4
       2
       0
       0
       1
       2
       0
       2
       2
       0
       2
       3
       2
       2
       3
       0
       1
       4
       2
       3
       1
       2
       0
       3
       2
       2
       2
       0
       0
       0
       1
       3
       2
       0
       2
       2
       2
       1
       1
       1
       2
       1
       2
       2
       2
       3
       4
       2
       0
       3
       0
       3
       1
       3
       6
       4
       1
       1
       2
       1
       1
       1
       2
       0
       1
       1
       4
       2
       1
       0
       4
       2
       2
       1
       3
       1
       2
       1
       0
       0
       0
       2
       0
       1
       1
       1
       2
       2
       2
       0
       4
       1
       0
       1
       4
       1
       1
       1
       3
       3
       3
       2
       3
       2
       1
       3
       1
       1
       2
       0
       2
       4
       2
       1
       2
       2
       0
       0
       2
       0
       3
       1
       2
       1
       0
       1
       0
       3
       3
       3
       3
       3
       1
       5
       0
       3
       1
       4
       0
       0
       3
       0
       0
       2
       1
       1
       2
       5
       1
       1
       1
       0
       2
       1
       0
       3
       0
       1
       2
       0
       1
       6
       1
       2
       1
       1
       0
       5
       2
       0
       2
       1
       1
       1
       0
       2
       1
       3
       0
       3
       3
       3
       0
       2
       2
       1
       1
       0
       2
       0
       1
       2
       1
       2
       1
       0
       3
       0
       5
       1
       2
       1
       4
       1
       1
       0
       0
       1
       0
       1
       1
       2
       2
       0
       2
       0
       6
       1
       1
       0
       0
       0
       2
       2
       1
       3
       2
       2
       0
       2
       2
       3
       2
       0
       0
       1
       1
       1
       2
       2
       0
       1
       2
       2
       1
       2
       1
       1
       2
       2
       0
       3
       0
       0
       2
       2
       0
       2
       0
       1
       0
       1
       2
       0
       2
       1
       1
       0
       0
       0
       1
       1
       4
       0
       2
       0
       1
       0
       0
       0
       3
       1
       0
       0
       3
       1
       2
       3
       1
       1
       4
       1
       0
       0
       1
       1
       0
       1
       5
       0
       2
       0
       1
       1
       1
       0
       3
       1
       2
       0
       3
       0
       0
       3
       1
       2
       0
       0
       1
       0
       0
       1
       2
       1
       1
       1
       1
       2
       2
       1
       3
       0
       1
       1
       3
       2
       0
       2
       1
       3
       1
       1
       0
       2
       1
       4
       1
       1
       4
       0
       2
       1
       1
       3
       1
       1
       2
       0
       0
       2
       3
       1
       0
       1
       2
       1
       0
       1
       1
       2
       0
       2
       0
       0
       2
       2
       2
       1
       3
       1
       1
       0
       0
       1
       0
       0
       1
       1
       1
       3
       1
       0
       0
       4
       3
       2
       1
       1
       3
       2
       1
       2
       2
       1
       0
       2
       1
       1
       1
       0
       3
       1
       2
       1
       0
       2
       1
       2
       0
       1
       0
       1
       2
       0
       0
       0
       0
       2
       1
       0
       2
       1
       1
       1
       2
       1
       0
       0
       2
       0
       2
       1
       2
       0
       2
       3
       0
       1
       5
       1
       3
       0
       1
       3
       1
       1
       1
       2
       1
       0
       0
       1
       1
       1
       1
       1
       0
       2
       2
       0
       1
       0
       1
       0
       4
       0
       3
       0
       3
       3
       1
       3
       2
       0
       1
       1
       1
       1
       2
       0
       1
       1
       1
       1
       2
       1
       4
       1
       5
       2
       2
       0
       1
       0
       0
       2
       1
       0
       2
       1
       4
       3
       0
       0
       1
       1
       1
       1
       1
       3
       0
       1
       1
       2
       1
       3
       2
       1
       2
       1
       2
       2
       2
       1
       1
       1
       3
       6
       3
       1
       1
       2
       0
       0
       2
       2
       0
       1
       1
       3
       3
       0
       1
       1
       1
       3
       1
       1
       2
       3
       0
       2
       1
       2
       1
       4
       2
       1
       2
       2
       0
       2
       4
       0
       0
       0
       2
       1
       2
       1
       1
       3
       1
       2
       1
       0
       2
       0
       1
       1
       0
       2
       1
       1
       2
       3
       2
       1
       1
       0
       1
       2
       2
       1
       1
       1
       2
       0
       1
       2
       0
       0
       1
       0
       1
       0
       2
       1
       0
       3
       2
       2
       1
       1
       1
       0
       0
       2
       1
       1
       1
       0
       2
       2
       1
       1
       1
       0
       1
       1
       1
       1
       0
       2
       0
       0
       4
       2
       3
       2
       0
       3
       2
       4
       4
       1
       1
       1
       1
       3
       1
       1
       1
       1
       1
       2
       1
       3
       1
       1
       1
       1
       3
       2
       1
       1
       1
       0
       2
       2
       0
       2
       1
       3
       3
       0
       0
       0
       1
       1
       3
       3
       2
       2
       3
       2
       2
       1
       2
       2
       2
       1
       1
       3
       4
       1
       1
       2
       1
       2
       0
       2
       2
       3
       4
       2
       2
       1
       3
       2
       2
       0
       1
       3
       3
       1
       3
       1
       0
       3
       1
       2
       3
       4
       1
       1
       2
       1
       1
       1
       1
       2
       1
       2
       1
       1
       2
       5
       1
       2
       1
       3
       0
       2
       0
       2
       4
       1
       5
       3
       3
       2
       3
       3
       2
       0
       2
       3
       1
       1
       0
       4
       2
       1
       1
       2
       0
       1
       2
       2
       1
       3
       1
       2
       1
       1
       4
       1
       3
       1
       3
       5
       1
       1
       2
       4
       2
       2
       0
       0
       1
       0
       1
       2
       1
       1
       3
       1
       3
       1
       0
       2
       2
       3
       2
       0
       1
       2
       1
       1
       2
       1
       0
       0
       0
       0
       1
       2
       1
       1
       2
       1
       1
       1
       2
       2
       1
       4
       1
       2
       3
       1
       0
       0
       1
       0
       0
       2
       1
       1
       1
       2
       1
       0
       2
       1
       3
       2
       1
       2
       0
       1
       2
       3
       3
       3
       3
       0
       2
       2
       1
       0
       1
       2
       2
       1
       3
       2
       2
       2
       2
       5
       1
       3
       2
       0
       0
       3
       2
       2
       2
       1
       3
       2
       2
       0
       1
       7
       1
       5
       2
       2
       0
       2
       3
       1
       2
       3
       1
       0
       1
       2
       1
       3
       2
       0
       0
       5
       1
       3
       3
       2
       3
       1
       1
       5
       3
       1
       1
       2
       2
       4
       2
       0
       4
       3
       0
       2
       4
       1
       2
       2
       3
       1
       1
       2
       1
       3
       3
       2
       0
       1
       0
       3
       1
       4
       0
       1
       2
       2
       2
       2
       2
       0
       0
       1
       2
       4
       1
       3
       0
       1
       0
       0
       0
       0
       0
       0
       0
       0
       0
       0
       0
       0
       0
       0
       0
       0
       0
       0
       0
       0
       0
       0
       0
       0
       0
       0
       0
       0
       0
       0
       0
       0
       0
       0
       0
       0
       0
       0
       0
       0
       0
       0
       0
       0
       0
       0
       0
       0
       0
       0
       0
       0
       0
       0
       0
       0
       0
       0
       0
       0
       0
       0
       0
       0
       0
       0
       0
       0
       0
       0
       0
       0
       0
       0
       0
       0
       0
       0
       0
       0
       0
       0
       0
       0
       0
$ROI:
1
712 830
$PRESETS:
None
0
0
$ENER_FIT:
-23.656767 2.297974
$MCA_CAL:
3
-2.365677E+001 2.297974E+000 2.836717E-005 keV
$SHAPE_CAL:
3
0.000000E+000 0.000000E+000 0.000000E+000
