$SPEC_ID:
No sample description was entered.
$SPEC_REM:
DET# 1
DETDESC# DESKTOP-I499GD2 Easy-MCA-2k SN 18191655
AP# Maestro Version 7.01
$DATE_MEA:
02/27/2024 12:37:58
$MEAS_TIM:
101 101
$DATA:
0 2047
       0
       0
       0
       0
       0
       0
       0
       1
      46
      30
      36
      35
      42
      35
      40
      50
      48
      39
      45
      50
      38
      42
      47
      46
      50
      39
      53
      49
      89
     101
      98
      94
     135
     139
     130
      89
      85
      82
      73
      85
      85
      97
     118
      92
     113
     133
     147
     153
     156
     191
     190
     228
     282
     304
     288
     261
     219
     233
     210
     233
     291
     358
     487
     559
     679
     658
     575
     426
     325
     215
     182
     169
     150
     133
     160
     144
     110
     129
     141
     128
     140
     129
     121
     145
     152
     129
     132
     158
     151
     134
     168
     159
     181
     151
     144
     136
     155
     121
     123
     113
     113
     100
     108
     103
      99
      97
     110
     102
     117
      92
     101
      95
      89
      94
      96
      90
      80
      80
      78
      86
      82
      71
      78
      85
      87
      65
      67
      62
      66
      70
      62
      69
      72
      66
      49
      63
      60
      69
      68
      67
      54
      54
      53
      64
      64
      63
      38
      52
      55
      44
      60
      48
      53
      44
      54
      54
      66
      52
      54
      46
      48
      45
      39
      30
      35
      43
      47
      29
      41
      33
      38
      36
      35
      31
      40
      46
      36
      33
      31
      50
      38
      40
      28
      36
      41
      23
      26
      40
      29
      43
      37
      47
      32
      30
      35
      32
      29
      27
      27
      26
      32
      34
      30
      32
      33
      31
      37
      36
      21
      36
      37
      30
      30
      32
      46
      47
      48
      31
      59
      49
      62
      49
      70
      60
      44
      61
      66
      47
      61
      51
      63
      58
      58
      61
      41
      44
      59
      44
      47
      31
      32
      26
      21
      25
      26
      21
      20
      25
      17
      16
      12
      22
      21
      19
      22
      21
      26
      25
      30
      19
      23
      26
      17
      30
      16
      25
      26
      14
      19
      18
      25
      21
      24
      17
      16
      16
      14
      18
      25
      28
      17
      17
      30
      16
      14
      22
      14
      15
      19
      19
      15
      20
       8
      15
      17
      21
      22
      13
      19
      13
      19
      16
      14
      15
      11
      18
      17
      14
      21
      19
      19
      14
      12
      18
      24
      14
      18
      16
      15
      22
      14
      15
      17
      16
      15
      11
      11
      15
      24
      16
       9
      19
      11
      14
      15
      12
      16
      17
      15
      15
      10
       7
      13
      12
      14
      13
      19
      17
      11
      15
      11
       9
      20
      12
      15
      18
      10
      15
      12
       7
      19
      14
      17
      18
      12
      18
      11
      16
       9
      13
      17
      11
      14
      11
      20
      10
      19
      19
      16
      23
      12
      18
      14
      13
       8
      11
      15
      11
       9
      13
      15
      10
       7
       3
       9
      19
       8
       6
      11
      13
      11
      15
      11
      15
      14
      12
       8
      13
       9
      12
      10
      15
      12
      11
       6
       6
      12
      13
       9
      12
       6
       8
       8
       9
      10
      11
       5
      11
      14
      19
       9
      12
       6
      15
      10
      10
       4
      12
       5
      10
       9
      11
       5
       9
      10
      10
      12
       7
       7
       9
       8
       8
       9
      14
       8
       8
       7
       6
      10
       6
       7
       4
      11
       7
       5
       6
      10
      11
      14
       5
       7
      13
      11
      13
       5
      14
      16
      13
      12
      13
      10
      21
      12
      17
      19
       9
      22
      22
      19
      21
      17
      22
      16
      16
      16
      21
      10
      12
       7
      14
       7
      11
      13
       6
      13
      14
      10
       8
       5
       4
       9
       5
       8
       6
       7
       8
      10
      12
      10
       3
      11
      10
       5
       5
       7
      11
       7
       7
       5
       7
       7
      10
      14
       6
       7
      10
       9
       9
      11
       7
       8
      11
      10
      11
      10
       3
      11
      10
      11
      11
       8
       8
       8
       7
       6
       4
       5
       8
      13
       5
       8
       5
      11
       5
       4
       6
       6
      11
      10
       9
       7
       9
       6
       5
       8
       7
       5
       7
       5
       8
       9
       8
       8
       3
       4
       3
       4
       4
       2
       7
       6
       8
       3
       5
       7
       7
      12
       7
       6
      10
       5
       9
       7
      11
       6
       7
       3
       2
       8
       7
       8
       9
      13
       9
      10
      16
      11
       8
       8
      12
      10
       9
       9
      17
       8
      16
      14
       6
       9
       7
      12
      13
      15
      11
       8
       8
      10
      14
       7
      16
       9
       8
       9
      12
      10
      13
       4
      10
       5
      12
       8
       7
       5
      12
       9
       5
      11
       5
       5
       3
       8
       5
       4
       4
       7
      10
       8
       5
       6
       5
       6
       4
       4
       9
       5
       3
       7
       2
       0
       2
       3
       3
       4
       6
       5
       1
       1
       4
       6
      10
       4
       2
       3
       1
       3
       4
       2
       4
       1
       5
       2
       3
       4
       1
       4
       3
       2
       4
       4
       2
       5
       7
       3
       7
       1
       4
       1
       3
       1
       3
       2
       2
       4
       4
       2
       4
       6
       1
       2
       6
       8
       2
       5
       2
       2
       5
       5
       4
      10
       1
       8
       3
       6
       9
       9
       8
       8
      15
      12
      14
      11
      11
      18
       6
       8
      14
       8
      13
      19
      10
      19
      22
      19
      11
      21
      12
      13
      21
       9
      12
       9
      16
      18
      17
      11
      12
      15
      18
      14
       6
       9
       6
       8
       4
       8
       6
       3
       6
       7
      10
      10
       3
       5
       4
       5
       2
       1
       5
       4
       3
       5
       4
       3
       2
       6
       5
       3
       3
       4
       2
       6
       3
       1
       4
       5
       0
       4
       2
       3
       0
       4
       3
       0
       4
       4
       0
       3
       2
       2
       2
       2
       3
       3
       6
       3
       1
       5
       2
       4
       3
       2
       1
       2
       5
       0
       2
       0
       2
       2
       4
       3
       5
       2
       2
       3
       1
       2
       2
       3
       0
       2
       4
       2
       4
       2
       3
       0
       2
       1
       1
       1
       1
       0
       3
       2
       1
       3
       0
       1
       2
       2
       2
       1
       1
       4
       0
       3
       1
       4
       0
       4
       3
       1
       1
       4
       2
       1
       3
       6
       3
       4
       2
       3
       1
       1
       4
       4
       3
       0
       3
       1
       3
       0
       3
       1
       2
       5
       1
       2
       4
       1
       2
       2
       1
       1
       2
       5
       3
       2
       2
       4
       3
       3
       5
       2
       0
       4
       0
       3
       2
       4
       1
       1
       2
       2
       2
       1
       1
       3
       1
       3
       4
       1
       1
       5
       2
       0
       3
       1
       2
       2
       1
       1
       1
       1
       4
       3
       0
       0
       3
       2
       3
       4
       4
       3
       4
       3
       1
       4
       1
       4
       0
       2
       2
       4
       2
       0
       3
       0
       3
       1
       3
       1
       3
       2
       0
       0
       3
       1
       2
       1
       2
       3
       2
       3
       2
       3
       4
       3
       0
       1
       1
       7
       1
       1
       3
       3
       1
       2
       1
       2
       1
       3
       3
       4
       1
       3
       3
       5
       5
       3
       0
       2
       2
       2
       2
       2
       1
       1
       0
       2
       0
       1
       2
       1
       3
       2
       2
       2
       2
       3
       2
       1
       3
       2
       0
       3
       1
       3
       1
       0
       3
       3
       3
       3
       0
       3
       5
       3
       3
       2
       7
       3
       3
       2
       2
       2
       1
       1
       3
       2
       1
       1
       1
       4
       1
       1
       3
       3
       0
       2
       1
       3
       2
       2
       3
       1
       4
       4
       1
       4
       0
       1
       5
       0
       2
       3
       0
       4
       1
       2
       3
       5
       1
       1
       2
       2
       6
       3
       1
       1
       1
       2
       0
       2
       1
       2
       2
       2
       6
       2
       3
       5
       1
       0
       2
       0
       3
       1
       3
       1
       7
       4
       1
       3
       1
       2
       1
       1
       2
       0
       5
       1
       3
       3
       1
       2
       3
       0
       2
       1
       2
       3
       2
       1
       1
       2
       1
       4
       3
       2
       8
       1
       3
       1
       1
       2
       2
       5
       0
       3
       0
       1
       2
       0
       1
       3
       1
       0
       2
       4
       1
       5
       3
       0
       1
       6
       0
       1
       2
       2
       2
       2
       1
       2
       3
       3
       2
       1
       3
       0
       2
       1
       0
       1
       2
       0
       3
       1
       1
       4
       1
       1
       2
       2
       2
       4
       2
       1
       2
       3
       1
       5
       3
       2
       2
       4
       0
       3
       0
       0
       1
       2
       2
       4
       4
       2
       1
       1
       2
       3
       1
       1
       2
       2
       0
       2
       3
       1
       3
       2
       0
       1
       3
       1
       3
       1
       0
       2
       1
       1
       1
       1
       1
       1
       2
       1
       0
       2
       3
       3
       1
       2
       1
       2
       2
       1
       4
       3
       3
       1
       3
       0
       1
       2
       4
       2
       1
       1
       2
       3
       1
       3
       6
       2
       2
       2
       2
       1
       1
       1
       4
       1
       0
       0
       1
       3
       0
       0
       2
       2
       1
       3
       4
       2
       1
       2
       1
       4
       0
       0
       0
       3
       3
       2
       1
       1
       0
       2
       2
       0
       1
       2
       3
       4
       2
       1
       2
       1
       3
       0
       4
       0
       0
       0
       0
       3
       3
       2
       0
       1
       1
       4
       1
       0
       2
       3
       1
       2
       1
       0
       1
       0
       1
       4
       2
       0
       3
       2
       2
       0
       2
       1
       1
       3
       2
       0
       2
       1
       3
       0
       2
       2
       0
       1
       2
       2
       1
       1
       1
       2
       2
       3
       0
       0
       1
       4
       0
       2
       2
       2
       3
       1
       3
       0
       0
       0
       3
       1
       0
       2
       1
       4
       3
       2
       1
       1
       3
       0
       2
       3
       1
       2
       0
       0
       1
       2
       2
       1
       3
       0
       0
       1
       4
       0
       0
       1
       2
       2
       2
       0
       1
       0
       1
       0
       1
       2
       2
       2
       0
       0
       2
       0
       1
       0
       1
       2
       1
       2
       2
       0
       2
       4
       1
       4
       1
       0
       0
       1
       0
       0
       4
       3
       2
       3
       1
       5
       2
       4
       1
       0
       4
       0
       2
       3
       1
       4
       1
       1
       0
       2
       1
       2
       1
       5
       0
       2
       1
       2
       1
       1
       0
       1
       0
       1
       3
       2
       2
       3
       1
       3
       1
       3
       1
       1
       1
       2
       0
       1
       2
       3
       1
       0
       2
       2
       2
       1
       4
       2
       1
       3
       0
       1
       1
       2
       1
       2
       1
       1
       0
       1
       0
       2
       1
       1
       1
       1
       2
       1
       2
       4
       3
       1
       3
       2
       3
       1
       1
       2
       2
       1
       1
       1
       3
       2
       1
       3
       3
       2
       0
       1
       3
       1
       4
       1
       0
       0
       1
       4
       4
       4
       3
       1
       2
       4
       2
       0
       1
       1
       0
       1
       4
       2
       1
       2
       1
       3
       3
       2
       0
       3
       1
       1
       0
       2
       2
       2
       2
       0
       2
       0
       1
       3
       4
       1
       1
       3
       3
       2
       2
       3
       2
       1
       4
       1
       1
       1
       1
       0
       2
       5
       2
       1
       0
       1
       2
       4
       2
       4
       3
       2
       0
       2
       3
       0
       7
       0
       1
       3
       3
       4
       3
       3
       2
       3
       3
       3
       1
       1
       3
       1
       2
       2
       0
       1
       1
       2
       1
       3
       1
       2
       1
       2
       3
       5
       3
       4
       2
       2
       2
       1
       2
       4
       1
       3
       4
       1
       7
       2
       2
       1
       2
       3
       1
       2
       4
       3
       4
       0
       1
       1
       0
       1
       6
       2
       1
       1
       2
       1
       3
       0
       2
       1
       2
       1
       1
       1
       1
       3
       5
       1
       3
       0
       3
       2
       3
       5
       1
       3
       1
       1
       2
       1
       1
       2
       2
       0
       1
       3
       1
       1
       3
       0
       3
       1
       2
       0
       4
       2
       1
       1
       2
       6
       3
       4
       3
       0
       2
       1
       1
       3
       2
       2
       2
       0
       2
       2
       2
       2
       3
       2
       2
       1
       2
       1
       3
       0
       2
       5
       3
       0
       0
       3
       1
       0
       2
       2
       1
       3
       0
       2
       1
       2
       3
       5
       4
       2
       2
       5
       4
       0
       0
       1
       3
       0
       0
       1
       1
       3
       1
       0
       2
       1
       3
       3
       3
       1
       3
       1
       4
       1
       1
       0
       0
       1
       1
       1
       1
       0
       6
       4
       1
       0
       2
       0
       3
       0
       3
       0
       0
       0
       4
       2
       3
       2
       3
       4
       0
       2
       2
       2
       4
       2
       1
       1
       2
       3
       0
       2
       3
       1
       1
       3
       3
       1
       2
       0
       7
       2
       0
       1
       1
       0
       3
       2
       3
       0
       1
       1
       4
       0
       3
       0
       3
       3
       2
       4
       3
       1
       2
       1
       2
       3
       1
       1
       4
       2
       4
       6
       0
       1
       1
       1
       3
       1
       1
       1
       1
       3
       2
       2
       1
       2
       2
       3
       4
       2
       5
       2
       2
       3
       4
       2
       4
       5
       3
       5
       0
       2
       5
       5
       3
       1
       2
       4
       3
       4
       3
       2
       1
       0
       4
       4
       3
       3
       1
       2
       1
       2
       2
       2
       3
       3
       0
       1
       0
       0
       0
       0
       0
       0
       0
       0
       0
       0
       0
       0
       0
       0
       0
       0
       0
       0
       0
       0
       0
       0
       0
       0
       0
       0
       0
       0
       0
       0
       0
       0
       0
       0
       0
       0
       0
       0
       0
       0
       0
       0
       0
       0
       0
       0
       0
       0
       0
       0
       0
       0
       0
       0
       0
       0
       0
       0
       0
       0
       0
       0
       0
       0
       0
       0
       0
       0
       0
       0
       0
       0
       0
       0
       0
       0
       0
       0
       0
       0
       0
       0
       0
$ROI:
1
712 830
$PRESETS:
None
0
0
$ENER_FIT:
-23.656767 2.297974
$MCA_CAL:
3
-2.365677E+001 2.297974E+000 2.836717E-005 keV
$SHAPE_CAL:
3
0.000000E+000 0.000000E+000 0.000000E+000
