$SPEC_ID:
No sample description was entered.
$SPEC_REM:
DET# 1
DETDESC# DESKTOP-I499GD2 Easy-MCA-2k SN 18191655
AP# Maestro Version 7.01
$DATE_MEA:
02/28/2024 13:59:45
$MEAS_TIM:
84 85
$DATA:
0 2047
       0
       0
       0
       0
       0
       3
       8
      15
     144
     106
     109
     106
     134
     132
     140
     150
     164
     161
     181
     175
     165
     143
     156
     130
     160
     152
     145
     199
     279
     303
     392
     416
     516
     600
     580
     421
     280
     226
     233
     275
     307
     305
     325
     371
     446
     458
     554
     605
     624
     719
     796
     843
    1009
     998
     966
     955
     935
     956
     972
    1216
    1606
    2228
    3092
    4048
    4906
    4840
    3959
    2905
    1889
    1108
     663
     463
     366
     316
     296
     320
     304
     275
     294
     304
     287
     275
     264
     289
     268
     278
     276
     273
     285
     312
     327
     352
     303
     266
     264
     289
     255
     213
     235
     223
     219
     182
     193
     184
     222
     184
     158
     184
     208
     183
     182
     172
     179
     170
     160
     161
     180
     170
     148
     141
     158
     143
     148
     142
     157
     140
     167
     137
     148
     127
     118
     123
     152
     152
     124
     134
     129
     115
     115
     130
     115
     129
     124
     141
     120
     109
      84
     124
     115
     118
     111
     104
      91
     106
     107
      86
      92
      89
      93
      86
      86
     101
      89
      92
      81
      74
     103
      84
      82
      86
      98
     104
      71
      58
      83
      82
      76
      64
      65
      57
      63
      89
      66
      65
      70
      71
      73
      77
      76
      64
      76
      74
      71
      77
      66
      74
      57
      65
      65
      65
      58
      56
      74
      66
      64
      69
      68
      86
      78
      79
      63
      77
      98
      85
      91
     114
     103
     124
     116
     131
     159
     161
     156
     165
     174
     190
     181
     189
     165
     206
     179
     178
     187
     181
     173
     158
     131
     137
     123
     111
      86
      86
      78
      68
      59
      57
      58
      44
      56
      36
      30
      40
      34
      39
      53
      38
      46
      56
      36
      43
      56
      41
      41
      40
      39
      45
      56
      47
      39
      36
      42
      38
      44
      57
      57
      52
      51
      36
      41
      38
      42
      37
      38
      43
      42
      35
      42
      32
      29
      52
      26
      30
      39
      28
      39
      41
      35
      36
      35
      27
      36
      36
      28
      29
      31
      40
      36
      33
      26
      40
      33
      34
      43
      33
      40
      27
      41
      34
      43
      39
      32
      24
      41
      46
      37
      33
      35
      30
      37
      51
      44
      28
      35
      29
      27
      35
      23
      33
      42
      39
      29
      27
      37
      34
      37
      38
      30
      23
      22
      35
      28
      22
      25
      29
      31
      40
      43
      32
      46
      42
      34
      39
      29
      32
      23
      28
      30
      28
      34
      33
      25
      28
      31
      19
      40
      36
      38
      34
      29
      36
      40
      32
      29
      30
      31
      36
      21
      26
      34
      28
      23
      32
      30
      19
      31
      33
      24
      27
      20
      30
      19
      23
      26
      17
      27
      27
      36
      34
      24
      30
      31
      21
      29
      26
      26
      25
      27
      23
      26
      19
      26
      30
      24
      25
      27
      31
      30
      36
      22
      19
      38
      30
      24
      20
      20
      31
      29
      30
      28
      23
      19
      22
      16
      30
      20
      28
      28
      24
      28
      29
      26
      25
      17
      23
      16
      30
      16
      21
      20
      18
      25
      30
      20
      16
      16
      27
      26
      20
      28
      28
      24
      25
      22
      23
      20
      39
      31
      23
      25
      25
      24
      32
      34
      33
      20
      24
      34
      24
      28
      31
      37
      36
      33
      25
      25
      24
      27
      26
      27
      30
      23
      20
      19
      27
      21
      34
      30
      28
      21
      22
      28
      16
      29
      22
      28
      20
      16
      25
      25
      22
      28
      15
      15
      27
      27
      25
      18
      19
      23
      22
      23
      23
      26
      23
      20
      28
      17
      25
      23
      25
      17
      28
      24
      20
      27
      18
      19
      19
      36
      30
      25
      33
      29
      25
      32
      26
      32
      36
      26
      21
      29
      25
      23
      36
      20
      20
      25
      17
      20
      24
      26
      27
      27
      29
      22
      20
      24
      18
      20
      22
      25
      22
      25
      29
      27
      25
      35
      32
      21
      34
      21
      21
      20
      20
      18
      28
      17
      23
      41
      15
      30
      20
      20
      23
      30
      25
      25
      26
      24
      27
      29
      22
      27
      26
      24
      23
      28
      25
      36
      21
      20
      28
      26
      37
      23
      26
      34
      23
      26
      26
      24
      24
      29
      27
      20
      17
      28
      27
      30
      27
      35
      23
      26
      18
      24
      29
      27
      20
      26
      23
      16
      16
      21
      19
      23
      26
      20
      15
      24
      17
      16
      17
      22
      21
      21
      21
      11
      20
      24
      16
      21
      14
      16
      20
      18
      18
      24
      17
      12
      14
      16
      10
      13
      18
      11
      18
      15
      15
       9
       6
      10
      13
      13
      17
      12
      13
      20
      21
      12
      14
      12
      16
      17
      15
      15
      14
      18
      12
       7
      17
      10
      19
      16
      15
      10
      12
      16
      12
      15
      13
      11
      12
      21
      11
      12
      11
      12
      19
      16
      11
      20
      10
      13
      23
      16
      23
      16
      17
      29
      31
      25
      29
      22
      33
      41
      41
      33
      55
      46
      52
      57
      49
      59
      61
      67
      65
      69
      54
      60
      69
      67
      63
      62
      67
      75
      68
      70
      68
      74
      73
      60
      70
      54
      44
      58
      53
      53
      51
      43
      47
      54
      46
      47
      37
      36
      25
      17
      24
      35
      26
      31
      26
      17
      12
      18
      19
      19
      18
      15
      10
       8
      10
      15
       8
      11
       8
       6
       8
      15
       9
      11
       9
       8
      14
      12
      10
       7
      10
       9
       6
       5
      14
       7
       5
       4
       4
       4
       7
       5
      11
       8
      10
       8
       7
       9
      14
      10
       7
      12
      12
       7
       6
      10
       5
       7
       9
       6
       6
      10
      13
      12
       5
       8
       3
      12
       7
       8
       6
       5
      10
       5
       7
      10
       5
       6
      11
       4
       8
       6
       9
      10
       8
       5
       9
       7
      10
       7
      10
      13
       8
      12
      12
       5
       3
       6
       7
      10
       8
       7
       5
       7
       5
       4
       9
       7
       9
      12
      10
       7
       6
       9
       7
       9
      12
       6
       8
       5
       9
       5
       7
       6
       6
       7
       6
      10
       8
       4
       2
      10
       7
      10
       9
       8
       7
       6
      11
      16
       8
       4
       4
       8
       4
       7
      10
       9
       8
       7
       5
       3
       3
       4
       7
      11
       5
       5
       8
       5
       1
       5
       9
      10
       6
      12
      11
       5
       6
       6
       6
       8
       8
       6
       5
       8
       3
      12
       8
       8
       5
       7
       3
       6
      11
       5
       8
       7
       7
      11
       6
       4
       8
       7
      12
       4
       7
       7
       5
       6
       9
      10
      15
       8
       3
       6
      10
       5
       4
       6
       7
       4
       8
       3
      12
       5
       4
       3
       4
       6
       4
       5
      10
       5
       5
       4
       6
       8
       7
      10
       2
       4
       4
       5
       5
       7
       6
       7
       3
      12
       5
       3
       4
       8
      10
       9
       7
       6
      10
      12
       8
       3
       5
       8
       5
       8
       8
       3
      10
       7
       8
       4
       5
      12
       5
      10
       6
       2
       5
       5
       3
       9
       9
       5
       6
       4
       8
      11
      10
      11
       4
      11
       8
       5
       7
       8
       9
       7
      10
      12
       5
      10
      10
       4
       3
       2
       4
       5
       5
       9
      10
       7
       7
       6
       5
       2
       2
       7
       8
       4
       2
       8
       7
       5
       4
      13
       8
      10
       8
       6
       8
       3
       9
      10
       8
       8
      12
      10
       7
       5
       5
       7
      11
       5
       5
       4
       9
       6
       8
       7
       9
       8
      11
       4
       3
       5
       5
       8
       6
       4
       6
       6
       2
       6
      10
      10
      13
       7
       6
       4
      10
       9
       6
       7
       7
       3
       5
       8
       4
       7
       6
      11
       8
       8
       7
       6
       4
       5
       8
       8
      12
      12
       7
       4
       5
       7
       8
       7
      15
       0
      14
      11
       4
       9
      10
      11
       6
       8
       8
      12
       0
       2
       3
      12
       8
      14
       6
       5
      10
       5
       5
       9
       4
      10
       6
       7
      12
       8
       9
       6
       8
       6
       1
       4
       7
       7
       3
      14
       7
      11
       8
       5
       8
       6
       8
       6
      13
       4
      10
       8
       9
       9
       7
       5
       4
      11
       7
       6
      11
      10
      11
       7
       7
       9
       7
       8
       2
       5
       2
      11
       7
       4
       8
       4
       6
       2
       6
       6
       9
      11
       3
       7
       6
       5
       4
      10
       9
       9
       7
       5
       6
       6
      10
       7
      11
       6
       6
       5
       5
       3
       9
       6
       2
       6
       6
       3
       6
       6
       9
       5
       2
      10
       9
       4
       4
       2
       3
       3
       2
       5
       7
       3
       4
      17
       6
       6
       3
       5
       5
       7
       3
       5
       6
      10
       4
       5
       5
       6
       6
       4
       3
       7
       6
       8
       4
       8
       7
       9
       4
      10
       6
       2
       3
       6
       5
       5
       1
       5
       6
       8
       7
       7
       6
       4
       7
       5
       5
       6
       7
       5
       5
       7
       9
       6
       4
       8
       7
       4
       3
       6
       9
       5
       7
       6
      12
       5
       7
       5
       6
       5
      10
       6
       4
       8
       8
       3
       6
       5
       6
       8
      10
       4
       0
       4
       3
      10
       9
       5
       4
      11
      10
       9
       9
       6
       7
       6
       8
       4
       5
      11
       9
       8
       8
       8
       6
      10
       9
       7
      10
       7
       6
       6
      11
       9
       2
       8
       7
       5
       7
       9
       8
       5
       6
      11
       5
       5
       3
       9
       9
       7
      10
       6
       6
       8
       3
       4
       6
       6
      12
       7
       5
       7
       7
       6
       5
       5
       5
       8
       7
       7
       6
       1
       4
       8
       4
       7
       7
       5
       6
       4
       6
       2
       7
       7
       5
       3
       6
      10
       9
       7
       5
       8
       3
       5
       4
       8
       5
       7
       6
       6
       4
       4
      11
       7
       4
       9
       7
       5
       5
       4
       9
       8
       5
       8
       4
       6
       6
       3
      10
       9
       7
       3
       4
       7
       6
       6
       4
       4
       6
       7
       7
      10
       3
       2
       6
       8
       4
       7
       6
       7
       7
       9
       4
       3
       6
       6
       7
       6
       7
       9
       9
       8
      12
       7
       2
       1
       4
       4
       6
      12
       3
       4
       3
       1
       5
       6
       8
       5
       7
       2
       6
       5
       4
       6
       5
       4
       5
       5
       5
       2
       7
       8
      10
       9
       8
      11
       7
      10
       7
       9
       7
       7
      13
       8
       6
       5
       9
       3
       6
       5
       6
       5
       6
       8
       8
       5
       7
       8
       8
       7
       6
       5
      11
       9
       9
       6
       3
       4
       8
       3
      10
       6
       6
       4
       4
       9
       8
       7
      12
       6
       5
       5
       4
       9
       9
       8
       6
       4
       8
      10
       9
       7
       8
       6
      13
       6
       5
       5
       7
       9
      13
      11
       9
       4
       4
       9
       8
       9
       5
      11
       7
       8
       5
       6
       3
       7
       4
       7
       7
       7
       8
      11
      14
       3
       5
       7
       9
       7
       9
      10
       4
       5
       8
       8
      12
      11
       6
       7
       8
       3
       5
       9
      13
       9
      10
      16
       5
       8
       6
       8
      13
       5
       5
      12
       7
       4
       9
      13
       7
      12
       3
       3
       8
       5
       7
      11
       6
       6
      11
       8
       4
      12
      14
       9
       8
       2
       5
       3
       6
       5
       8
       8
       6
      13
       9
      10
       9
      10
       9
       2
       5
       6
       7
       9
      12
       6
       5
       4
       2
      11
       8
       7
       6
       4
       7
       6
      10
       5
       8
       6
       4
      14
       9
       3
       6
      12
      10
       5
       8
       2
       5
       6
       8
       6
       4
       5
       8
       4
       8
       6
       7
       7
      11
      11
       9
      14
      12
       8
       4
       6
       6
       3
       9
       1
       5
       9
      13
       8
       5
       5
       3
       5
       7
       6
       7
       7
       7
       3
       8
       4
       9
       6
       6
       5
      13
       2
       3
      10
       7
       8
       8
       5
       6
       5
       3
       9
      10
       5
       7
       4
      10
      10
      10
       4
      11
       5
       7
       8
       6
       5
       9
       7
       6
       3
       9
       9
       5
       6
       7
       5
       6
      10
       8
       8
      10
       7
       9
       8
       9
      10
       9
       7
      10
       5
       9
       8
       8
      11
       6
       6
       9
       9
       8
      13
       5
       9
       6
      10
       9
      10
      13
       6
      11
      12
       8
       7
       8
       8
       9
       7
       9
      14
       6
       7
      12
       7
       9
       6
       9
       4
       4
       9
      11
       7
       8
      12
      10
      10
       7
       8
       8
       7
       8
      13
      11
      13
       9
      15
      14
       7
      12
       7
       7
       7
      11
      10
       8
       7
       8
      12
       7
       5
       6
      13
       3
      10
       6
       5
       8
       8
       7
       4
      10
       9
      11
       5
      13
       5
       8
       5
      11
       5
       6
      11
       5
      10
       6
      12
      13
       8
      12
      12
       4
       6
       5
      12
      10
      10
       3
       7
       4
      10
       7
       9
       7
       7
      11
       8
       7
       5
       4
       6
       5
       7
       4
       8
      10
       0
       0
       0
       0
       0
       0
       0
       0
       0
       0
       0
       0
       0
       0
       0
       0
       0
       0
       0
       0
       0
       0
       0
       0
       0
       0
       0
       0
       0
       0
       0
       0
       0
       0
       0
       0
       0
       0
       0
       0
       0
       0
       0
       0
       0
       0
       0
       0
       0
       0
       0
       0
       0
       0
       0
       0
       0
       0
       0
       0
       0
       0
       0
       0
       0
       0
       0
       0
       0
       0
       0
       0
       0
       0
       0
       0
       0
       0
       0
       0
       0
       0
       0
       0
$ROI:
1
712 830
$PRESETS:
None
0
0
$ENER_FIT:
-23.656767 2.297974
$MCA_CAL:
3
-2.365677E+001 2.297974E+000 2.836717E-005 keV
$SHAPE_CAL:
3
0.000000E+000 0.000000E+000 0.000000E+000
