$SPEC_ID:
No sample description was entered.
$SPEC_REM:
DET# 1
DETDESC# DESKTOP-I499GD2 Easy-MCA-2k SN 18191655
AP# Maestro Version 7.01
$DATE_MEA:
02/28/2024 13:55:25
$MEAS_TIM:
42 42
$DATA:
0 2047
       0
       0
       0
       0
       0
       2
       4
       5
     120
      56
      69
      87
      65
      70
      91
      80
      94
      91
     109
     116
      80
      96
      79
      92
      74
     112
      94
     112
     139
     169
     199
     243
     270
     335
     266
     207
     174
     144
     132
     141
     158
     211
     205
     215
     245
     292
     294
     325
     361
     362
     444
     478
     499
     510
     508
     489
     513
     525
     524
     680
     887
    1097
    1579
    2140
    2496
    2477
    2075
    1557
     988
     626
     360
     285
     202
     173
     202
     177
     159
     173
     162
     170
     164
     147
     163
     172
     172
     177
     181
     182
     188
     201
     183
     195
     184
     170
     164
     126
     148
     141
     128
     130
     120
     136
     125
     133
     126
     118
     124
     106
     106
     125
     102
     123
     117
     112
     118
      98
     102
     114
     102
     102
      93
      82
      96
     103
      90
      90
      97
     110
      75
      95
      94
      88
      77
      89
      75
      95
      89
      79
      98
      74
      77
      73
      99
      83
      73
      63
      67
      81
      69
      78
      84
      57
      67
      85
      66
      63
      70
      68
      79
      70
      61
      50
      55
      56
      47
      44
      57
      70
      63
      59
      60
      64
      43
      52
      46
      54
      42
      57
      55
      60
      47
      67
      47
      59
      40
      52
      49
      57
      37
      42
      43
      56
      46
      45
      50
      48
      59
      39
      48
      54
      47
      43
      40
      49
      43
      36
      33
      46
      51
      45
      49
      54
      49
      56
      60
      70
      82
      80
      67
      73
      89
      95
     107
      90
     114
     112
     114
     133
     122
     131
     135
     122
     119
     124
     131
      88
      91
      87
      93
      66
      67
      57
      41
      53
      41
      31
      36
      31
      39
      28
      29
      21
      33
      37
      37
      28
      36
      23
      29
      26
      25
      41
      20
      24
      21
      20
      24
      13
      43
      30
      22
      42
      28
      27
      32
      34
      21
      28
      28
      32
      27
      20
      29
      27
      15
      26
      26
      23
      22
      23
      26
      18
      25
      24
      41
      19
      25
      24
      22
      24
      33
      23
      21
      23
      16
      23
      21
      27
      32
      28
      25
      28
      27
      18
      14
      30
      18
      30
      23
      22
      27
      21
      24
      30
      18
      38
      22
      25
      29
      21
      23
      22
      27
      18
      22
      24
      19
      33
      14
      26
      21
      25
      26
      18
      24
      15
      23
      21
      17
      23
      21
      20
      27
      17
      29
      14
      22
      21
      25
      21
      20
      21
      24
      14
      29
      21
      20
      19
      27
      22
      19
      20
      20
      27
      22
      16
      18
      20
      19
      24
      25
      19
      14
      19
      13
      21
      22
      18
      15
      12
      21
      26
      16
      18
      20
      16
      19
      18
      20
      22
      23
      26
      23
      20
      13
      17
      22
      23
      12
      14
      14
      23
      18
      20
      16
      20
      22
      17
      24
      16
      16
      20
      18
      14
      26
      21
      21
      25
      20
      15
      18
      11
      14
       8
      16
      20
      14
      17
      16
      19
       9
      19
      20
      23
      22
      17
      17
      12
      14
      17
      27
      13
      16
      13
      18
      20
      19
      16
      21
      13
      14
      17
      12
      14
      17
      11
      19
      15
      14
      14
      18
      23
      16
      25
      12
      17
      14
      19
      26
      10
      20
      26
      18
      26
      23
      25
      30
      22
      21
      20
      24
      25
      15
      20
      16
      22
      16
      13
      19
      19
      16
      21
      16
      26
      24
      11
      14
      20
       9
      28
      16
      18
      13
      23
      17
      19
      17
      20
      13
      16
      12
      16
      15
      13
      19
      19
      14
      14
      12
      24
      15
      12
      18
      18
      19
      13
      21
      14
      13
      21
      27
      17
      23
      19
      14
      21
      19
      27
      26
      18
      17
      23
      18
      14
      28
      16
      15
      19
      18
      23
      20
      19
      18
      10
      21
      13
      18
      22
      17
       9
      14
      25
      20
      18
      16
      24
      24
      20
       9
      18
      15
      18
      11
      14
      18
      13
      12
      15
      16
      19
      16
      20
      11
      18
      23
      16
      19
      19
      20
      14
      19
      19
      14
      21
      19
      13
      16
      25
      19
      14
      22
      20
      16
      16
      18
      20
      22
      18
      15
      20
      24
      14
      21
      21
      20
      13
      19
      33
      24
      21
      19
      17
      20
      22
      21
      19
      18
      15
      21
      21
      23
      12
      20
      14
      17
      21
      17
      20
      23
      25
      12
      16
      16
      18
      14
      11
       9
      20
      26
      18
      13
       8
      10
      12
      13
      12
      14
      15
      12
      12
      15
       6
       9
      11
      14
      11
      10
      12
      11
       9
      17
      10
       8
       6
      13
      10
      15
       7
      11
       8
       9
       7
       4
      12
       9
       7
       8
      12
      13
       7
       9
       5
       6
       9
       4
      12
       4
      10
       6
      12
       7
      14
       6
       8
       8
       4
       9
      10
      10
      12
       8
       9
       7
      10
      14
      10
      11
       8
      11
      13
       5
      11
      14
      13
      14
      13
      16
      18
      20
      16
      20
      25
      31
      22
      28
      40
      30
      26
      37
      29
      38
      32
      50
      42
      49
      40
      43
      64
      54
      61
      52
      55
      48
      53
      63
      48
      53
      51
      62
      48
      50
      51
      39
      46
      53
      49
      37
      45
      40
      29
      26
      26
      23
      24
      28
      25
      21
      21
      20
      14
      18
      11
      16
      15
      13
      11
       7
       4
      10
       9
      12
       7
       8
       7
      10
       4
      10
      12
       8
       3
       5
       2
       7
       8
       4
       5
       5
      10
       8
       7
       5
       6
       9
       1
       6
      10
       4
       5
      12
       5
       4
       5
       7
       0
       5
       7
       6
       9
       4
       4
       4
       7
       6
       8
       5
       6
       6
       7
       6
       8
       4
       1
       3
       3
       9
       7
       1
       2
       5
       7
       6
       2
       6
       5
       5
       3
       7
       4
       7
       3
      10
       6
       5
       3
       9
       6
       5
       6
       6
       4
       5
       5
       1
       2
       4
       6
       2
       3
       4
       9
       8
       9
       6
       7
       4
       5
       4
       7
       3
       5
       5
       8
       9
       6
       8
       5
       8
       5
       4
      11
       6
       2
       4
       3
       5
       2
       2
       6
       9
       7
       3
       8
       4
       4
       3
       6
       2
       7
       3
       8
       5
       7
       2
       4
       8
       6
       5
       6
       6
       8
       6
       1
       4
       5
      10
       4
       3
       3
       5
       5
       4
       7
       7
       3
       4
       7
       4
       8
       9
       6
       1
      10
       4
       5
       5
       1
       4
       6
       7
       6
       1
       3
       5
       5
       5
       3
       3
       7
       6
       4
       4
       7
       4
       6
       7
       7
       2
       5
       3
       4
      10
       7
       6
       7
       6
       5
       2
       3
       4
       2
       0
       4
       0
       6
       7
      12
       6
       6
       9
       1
       6
       7
       7
       7
       3
       2
       3
       3
       2
       3
       3
       5
       3
       5
       3
       6
       2
       7
       4
       4
       7
       5
       1
       7
       4
       4
       5
       6
       8
       4
       5
       4
       4
       6
       4
       4
       6
       3
       8
       4
       7
       4
      10
       3
       3
       3
       2
       5
       4
       3
       3
       8
       5
       3
       3
       4
       2
       6
       8
       4
       3
       4
       7
       3
       4
       2
       4
       3
       4
       3
       4
       6
       7
       4
       3
       3
       7
       6
       5
       7
       1
       4
       3
       7
       5
       3
       1
       3
       3
       3
       5
       4
       6
       2
       4
       5
       5
       4
       5
       3
       3
      12
       6
       7
       4
       3
       2
       2
       5
       1
       7
       1
       7
       3
       1
       3
       4
       3
      10
       4
       7
       5
       6
       6
       6
       4
       5
       3
       4
       7
       3
       3
       1
       4
       7
       4
       3
       4
       4
       2
       4
       3
       3
       1
       7
       6
       8
       6
       6
       4
       4
       1
       8
      10
       5
       2
       7
       4
       4
       2
       3
       5
       9
       6
       3
       6
       4
       8
       4
       7
      10
       7
       1
       4
       5
       6
       4
       3
       3
       5
       7
       7
       2
       7
       1
       2
       6
       2
       3
       5
       1
       2
       5
       2
       4
       4
       5
       4
       5
       1
       4
       6
       1
       6
       3
       7
       4
       2
       8
       5
       3
       3
       3
       5
       3
       3
       4
       5
       1
       4
       1
       7
       6
       3
       6
       7
       7
       3
       3
       7
       3
       2
       6
       1
       6
       2
       4
       2
       1
       5
       2
       7
       4
       6
       2
       4
       4
       6
       2
       4
       4
       3
       9
       2
       3
      10
       6
       7
       3
       3
       5
       5
       4
       4
       3
       4
       2
       7
       4
       1
       2
       6
       6
       2
       4
       7
       4
       5
       5
       6
       4
       8
       4
       2
       6
       8
       7
       1
       5
       5
       5
       4
       6
       6
       3
       4
       2
       5
       1
       4
       3
       1
       1
       4
       2
       3
       3
       3
       4
       6
       7
       3
       4
       5
       4
       4
       3
       5
       2
       5
       6
       3
       5
       3
       3
       7
       5
       4
       3
      10
       1
       2
       6
       5
       5
       7
       4
       0
       4
       1
       4
       4
       5
       3
       5
       2
       5
       4
       4
       9
       3
       3
       7
       5
       3
       7
       9
       8
       4
       5
       3
       9
       1
       6
       5
      11
       3
       6
       4
       5
       6
       2
       6
       4
       6
       4
       3
       6
       8
       3
       7
       2
       5
       5
       5
       8
       7
       6
       5
       7
       3
       3
       4
       6
       5
       5
       6
       4
       6
       4
       6
       3
       3
       2
       5
       5
       2
       4
       5
       6
       3
       4
       2
       9
       4
       3
       1
       7
       9
       5
       0
       5
       7
       5
       2
       7
       4
       5
       0
       3
       5
       4
       5
       8
       4
       3
       4
       2
       7
       4
       2
       6
       3
       5
       3
       4
       5
       7
       4
       6
       8
       5
       4
       2
       4
       4
       2
       6
       3
       1
       8
       5
       4
       3
       6
       6
       6
       4
       5
       5
       3
       2
      11
       7
       5
       3
       4
       3
       5
       0
       2
       5
       3
       4
       1
       4
       2
       1
       3
       3
       2
       7
       6
       6
       4
       3
       5
       6
       3
       5
       2
       8
       5
       4
       4
       7
       3
       4
       7
       7
       3
       2
       6
       2
       5
       4
       3
       3
       3
       3
       7
       5
       0
       3
       4
       3
       5
       7
       2
       8
       4
       3
       3
       5
       2
       1
       4
       4
       3
       7
       6
       4
       4
       8
       1
       7
      11
       7
      13
       6
       4
       2
       6
       5
       1
       6
       6
       6
       8
       1
       5
       6
       8
       5
       9
       2
       7
       1
       6
       8
       8
       4
       8
       5
       4
       4
       4
       4
       5
       7
       4
       3
       3
       4
       2
       2
       4
       5
      12
       4
       5
       3
       3
       4
       5
       4
       7
       5
       4
       6
       8
       7
       4
       6
       5
       3
       7
       4
       2
       7
       6
       6
       3
       9
       6
       8
       8
       6
       5
       8
       5
       4
       7
       3
       6
       2
       5
       6
       6
       3
       4
       4
       9
       2
       4
       8
       4
       3
       4
       7
       6
       4
       5
       5
       7
       7
       5
       5
       5
       7
       5
       4
       7
       3
       3
       3
       8
       7
       9
       5
       5
       8
       2
       3
       5
       5
       3
       5
       5
       7
       3
       1
       3
       3
      10
       7
       4
       4
       5
       9
       5
       4
       4
       4
       5
       5
       5
       8
       3
       9
       4
       5
       4
       7
       1
       4
       2
       5
       0
       5
       6
       2
       3
       4
       3
       6
       5
      10
       4
       3
       4
       4
       5
       9
       4
       4
       3
       5
       7
       2
       2
       6
       4
       3
       4
       6
       5
       6
       5
       4
      10
       7
       5
       7
       2
       3
       1
       6
       7
       7
       7
       8
       9
       6
       4
       3
       3
       3
       3
       4
       9
       4
       6
       0
       4
       5
       3
       4
       7
       4
       6
       5
       3
       2
       5
       2
       5
       4
       9
       2
       5
       3
       5
       3
       3
       3
       5
       3
       5
       2
       7
       2
       3
       2
       2
       3
       5
       3
       5
       3
       6
       2
       6
       4
       6
       6
       3
       8
       3
       5
       0
       3
      11
       4
       9
       3
       7
       6
       9
       6
       8
       6
       7
       5
       6
       7
       7
       3
       3
       3
       4
       7
      10
       7
       7
       9
       5
       6
       6
       6
       9
       6
       4
       7
       5
       4
       4
       9
       6
       5
       7
       3
       3
       7
      11
       4
       7
       7
       5
       9
       8
       3
       5
       5
      11
       7
       6
      10
      10
       7
       7
       9
       8
       5
       9
       8
       2
       5
       1
       4
       6
       9
       8
       9
      11
       7
       5
       7
       7
      15
       9
       7
       7
       3
      12
       4
       6
       4
       5
       7
       8
      10
      11
       8
       6
       6
       8
       6
       4
       6
       4
      10
       3
       4
       9
       3
       5
       3
       6
       7
       4
       3
       7
       3
       8
       6
       6
       3
       2
       4
       4
       5
       4
       4
       4
      11
       8
       5
       6
       5
       5
       4
       3
       3
       6
       8
       7
       5
       8
       3
       7
       4
       3
       4
       5
       2
       6
       8
       4
       5
       5
       4
       7
       4
       2
       0
       0
       0
       0
       0
       0
       0
       0
       0
       0
       0
       0
       0
       0
       0
       0
       0
       0
       0
       0
       0
       0
       0
       0
       0
       0
       0
       0
       0
       0
       0
       0
       0
       0
       0
       0
       0
       0
       0
       0
       0
       0
       0
       0
       0
       0
       0
       0
       0
       0
       0
       0
       0
       0
       0
       0
       0
       0
       0
       0
       0
       0
       0
       0
       0
       0
       0
       0
       0
       0
       0
       0
       0
       0
       0
       0
       0
       0
       0
       0
       0
       0
       0
$ROI:
1
712 830
$PRESETS:
None
0
0
$ENER_FIT:
-23.656767 2.297974
$MCA_CAL:
3
-2.365677E+001 2.297974E+000 2.836717E-005 keV
$SHAPE_CAL:
3
0.000000E+000 0.000000E+000 0.000000E+000
