$SPEC_ID:
Sample004
$SPEC_REM:
DET# 1
DETDESC# DESKTOP-I499GD2 Easy-MCA-2k SN 18191655
AP# Maestro Version 7.01
$DATE_MEA:
03/01/2024 10:04:18
$MEAS_TIM:
120 121
$DATA:
0 2047
       0
       0
       0
       1
       1
       9
      28
      30
    1542
     261
     278
     287
     246
     308
     253
     279
     311
     266
     298
     263
     291
     312
     303
     286
     302
     316
     301
     342
     340
     379
     408
     415
     487
     487
     480
     448
     367
     388
     403
     456
     474
     501
     476
     490
     481
     514
     591
     534
     577
     629
     668
     712
     664
     706
     766
     719
     742
     840
     779
     840
     954
    1089
    1275
    1434
    1573
    1661
    1476
    1402
    1078
     888
     836
     731
     670
     646
     662
     689
     643
     689
     655
     631
     645
     685
     646
     629
     661
     653
     654
     695
     660
     666
     660
     676
     720
     670
     627
     640
     623
     634
     601
     619
     610
     666
     653
     583
     601
     645
     616
     631
     572
     566
     579
     596
     564
     568
     564
     526
     573
     571
     517
     578
     539
     514
     496
     468
     435
     486
     509
     476
     458
     450
     482
     458
     490
     447
     431
     407
     474
     446
     428
     463
     417
     418
     399
     395
     398
     395
     395
     393
     395
     365
     376
     404
     380
     361
     370
     352
     372
     393
     368
     358
     365
     318
     354
     388
     314
     331
     343
     357
     337
     312
     317
     319
     316
     321
     274
     324
     318
     305
     293
     303
     292
     282
     292
     247
     323
     269
     288
     300
     283
     252
     279
     308
     259
     295
     272
     282
     255
     285
     246
     241
     275
     250
     267
     289
     254
     269
     277
     236
     240
     274
     261
     279
     299
     293
     320
     315
     332
     358
     405
     432
     475
     475
     558
     558
     583
     579
     654
     671
     660
     709
     676
     640
     678
     628
     581
     572
     514
     490
     425
     408
     387
     324
     303
     251
     253
     259
     233
     223
     197
     187
     172
     196
     182
     184
     169
     174
     194
     195
     169
     192
     144
     181
     154
     161
     184
     173
     176
     185
     171
     201
     176
     168
     164
     184
     186
     175
     176
     170
     164
     169
     167
     165
     175
     176
     161
     190
     159
     172
     168
     163
     167
     159
     147
     182
     185
     158
     158
     150
     150
     164
     163
     148
     172
     156
     165
     170
     148
     156
     148
     184
     167
     139
     152
     143
     158
     145
     147
     148
     155
     173
     142
     164
     179
     134
     160
     170
     171
     171
     139
     175
     147
     178
     175
     174
     156
     146
     148
     152
     181
     141
     140
     148
     155
     135
     172
     151
     134
     179
     143
     143
     140
     138
     150
     122
     143
     179
     147
     127
     148
     141
     155
     124
     138
     156
     154
     132
     147
     155
     129
     143
     156
     133
     129
     151
     147
     121
     126
     133
     126
     119
     129
     149
     134
     126
     130
     128
     132
     120
     141
     143
     111
     124
     123
     118
     119
     114
     158
     131
     119
     128
     141
     129
     123
     124
     131
     125
     144
     113
     136
     146
     122
     131
     120
     141
     110
     109
     106
     136
     116
     151
     114
     134
     133
     131
     136
     119
     118
     114
     118
     112
     113
     112
     138
     138
     132
     107
     118
     122
     132
     117
     122
     134
     136
     114
     126
     119
     115
     130
     125
     132
     122
     118
     110
     123
     120
     126
     122
     129
     110
     101
     122
     125
     137
     117
     111
     114
     123
     123
     128
     111
     114
     124
     105
     108
     128
      99
     122
      99
     113
     109
     133
     139
     136
     115
     140
     132
     115
     120
     150
     131
     116
     120
     121
     109
     124
     155
     109
     121
     132
     132
     110
     130
     109
     118
     124
     116
     131
     113
     126
     118
     125
     131
     111
     128
     132
     123
     120
     126
     121
     121
     121
     131
     115
     124
     103
     131
     126
     118
     110
     128
     109
     128
     117
     129
     140
     119
     131
     113
     127
     114
     120
     106
     146
     142
     133
     131
     120
     137
     140
     144
     149
     134
     157
     137
     170
     151
     152
     174
     143
     156
     119
     156
     150
     128
     147
     147
     160
     137
     138
     130
     131
     142
     126
     126
     121
     120
     134
     138
     130
     128
     120
     117
     125
     106
     147
     135
     137
     114
     135
      97
     126
     107
     124
     135
     141
     119
     123
     137
     128
     130
     143
     108
     120
     148
     143
     121
     124
     131
     127
     114
     115
     149
     134
     126
     119
     141
     134
     132
     129
     142
     129
     149
     133
     121
     137
     121
     146
     132
     138
     102
     139
     164
     152
     124
     137
     133
     157
     142
     134
     135
     180
     146
     135
     141
     155
     143
     143
     155
     153
     123
     120
     115
     125
     144
     149
     132
     123
     108
     124
     126
      93
     116
     125
      91
     109
     109
     100
      84
     113
      95
     118
      84
      97
      94
      92
      92
      77
      78
      83
      71
      85
      80
      85
      71
      78
      55
      81
      73
      69
      64
      55
      75
      63
      61
      69
      64
      74
      55
      57
      72
      67
      61
      50
      72
      53
      53
      56
      52
      58
      68
      63
      62
      51
      55
      47
      54
      48
      60
      80
      50
      67
      64
      54
      67
      64
      66
      56
      66
      83
      76
      68
      97
      76
      93
     101
      96
     102
     101
     121
     133
     132
     156
     164
     187
     187
     210
     220
     240
     230
     272
     297
     315
     313
     337
     378
     375
     397
     392
     398
     424
     446
     389
     444
     441
     433
     450
     485
     445
     420
     458
     441
     410
     382
     416
     384
     382
     345
     306
     288
     349
     306
     249
     247
     220
     217
     207
     180
     175
     159
     139
     125
     119
     104
      92
      95
      90
     109
      87
      78
      63
      68
      61
      60
      48
      52
      73
      48
      52
      43
      41
      40
      42
      34
      47
      28
      42
      32
      30
      42
      42
      38
      20
      41
      51
      30
      40
      40
      42
      37
      38
      40
      36
      38
      34
      37
      28
      36
      30
      25
      25
      36
      32
      44
      33
      31
      25
      43
      35
      40
      33
      35
      34
      41
      52
      32
      31
      32
      34
      24
      34
      32
      34
      43
      37
      30
      48
      31
      42
      36
      41
      50
      35
      28
      47
      27
      29
      39
      42
      30
      32
      34
      31
      32
      37
      38
      29
      41
      29
      37
      28
      38
      28
      33
      22
      44
      30
      30
      32
      28
      28
      37
      36
      29
      30
      38
      28
      32
      33
      29
      27
      30
      31
      31
      26
      31
      20
      23
      35
      27
      27
      32
      29
      32
      34
      19
      36
      26
      31
      35
      21
      34
      32
      20
      33
      23
      28
      27
      28
      35
      27
      24
      27
      25
      28
      38
      37
      30
      27
      31
      25
      35
      23
      36
      30
      25
      23
      31
      36
      27
      38
      27
      32
      40
      25
      30
      34
      35
      29
      41
      28
      34
      26
      41
      31
      29
      32
      34
      43
      42
      37
      22
      29
      36
      34
      34
      28
      34
      25
      36
      41
      30
      41
      45
      45
      29
      32
      33
      40
      36
      46
      36
      42
      32
      35
      28
      38
      32
      35
      25
      46
      34
      31
      29
      32
      33
      35
      23
      40
      25
      28
      25
      26
      39
      28
      21
      32
      42
      29
      38
      33
      26
      35
      23
      23
      29
      32
      30
      28
      28
      35
      34
      26
      23
      27
      31
      28
      21
      31
      26
      23
      30
      24
      30
      23
      38
      34
      28
      30
      30
      28
      31
      28
      32
      23
      28
      26
      41
      30
      27
      29
      34
      29
      27
      23
      24
      30
      24
      25
      38
      30
      36
      30
      40
      29
      34
      20
      28
      32
      32
      22
      26
      29
      36
      18
      42
      27
      22
      23
      25
      32
      25
      29
      27
      31
      34
      23
      33
      33
      18
      28
      30
      16
      30
      38
      26
      35
      22
      24
      20
      26
      31
      30
      29
      24
      25
      25
      30
      30
      30
      34
      22
      22
      35
      23
      31
      26
      31
      27
      23
      30
      27
      24
      19
      33
      28
      28
      23
      28
      31
      28
      28
      33
      22
      17
      24
      22
      22
      19
      22
      28
      25
      29
      25
      28
      22
      29
      22
      15
      26
      28
      14
      24
      31
      39
      24
      35
      24
      20
      32
      37
      30
      37
      24
      31
      28
      31
      24
      43
      27
      24
      39
      26
      34
      37
      28
      33
      27
      26
      39
      35
      31
      57
      25
      40
      36
      28
      35
      42
      41
      34
      29
      33
      30
      48
      37
      24
      46
      35
      28
      30
      35
      30
      36
      31
      30
      34
      36
      25
      29
      28
      30
      16
      40
      25
      26
      24
      26
      31
      27
      26
      31
      31
      30
      21
      30
      23
      18
      29
      22
      26
      20
      24
      25
      19
      29
      19
      22
      21
      25
      23
      20
      27
      37
      21
      21
      34
      25
      23
      25
      24
      25
      19
      17
      21
      29
      16
      20
      22
      27
      20
      24
      24
      23
      21
      19
      24
      17
      28
      22
      23
      23
      34
      27
      28
      26
      24
      26
      24
      25
      37
      32
      20
      19
      27
      33
      25
      20
      28
      28
      27
      32
      34
      19
      24
      29
      27
      34
      23
      29
      27
      25
      22
      25
      31
      32
      33
      26
      27
      33
      25
      17
      19
      21
      29
      29
      16
      23
      23
      21
      22
      30
      30
      25
      25
      16
      25
      24
      23
      22
      29
      21
      22
      21
      14
      20
      24
      15
      21
      23
      29
      21
      21
      19
      24
      20
      25
      25
      23
      17
      22
      23
      37
      28
      24
      21
      20
      29
      22
      17
      17
      15
      19
      26
      26
      30
      16
      24
      30
      28
      20
      27
      23
      28
      27
      17
      22
      36
      20
      28
      26
      27
      26
      21
      31
      23
      19
      32
      31
      23
      26
      24
      17
      12
      31
      17
      25
      27
      23
      15
      29
      26
      29
      26
      13
      27
      10
      33
      23
      25
      18
      23
      22
      34
      14
      23
      20
      11
      27
      24
      28
      25
      30
      38
      18
      21
      27
      25
      27
      20
      20
      24
      19
      20
      24
      34
      23
      26
      22
      19
      20
      23
      23
      24
      26
      27
      19
      20
      26
      26
      30
      28
      35
      22
      26
      29
      28
      29
      37
      27
      25
      14
      20
      24
      21
      23
      19
      30
      25
      28
      36
      24
      23
      23
      25
      25
      23
      21
      28
      23
      24
      25
      32
      34
      27
      24
      20
      26
      27
      21
      25
      28
      35
      29
      20
      32
      32
      20
      25
      30
      22
      26
      23
      26
      35
      29
      22
      22
      26
      23
      24
      23
      26
      20
      39
      22
      22
      29
      28
      31
      31
      22
      23
      27
      23
      35
      25
      24
      24
      19
      22
      18
      26
      23
      28
      25
      23
      24
      25
      23
      21
      27
      17
      24
      32
      37
      25
      18
      22
      38
      28
      26
      26
      32
      15
      40
      17
      16
      32
      24
      33
      27
      19
      41
      25
      21
      25
      31
      30
      29
      25
      20
      21
      31
      20
      17
      34
      31
      28
      29
      21
      34
      18
      22
      34
      24
      26
      25
      37
      31
      25
      26
      26
      30
      22
      25
      27
      27
      24
      25
      39
      25
      27
      29
      32
      31
      22
      35
      24
      25
      19
      24
      21
      20
      26
      24
      30
      36
      21
      29
      23
      28
      33
      20
      21
      25
      33
      26
      25
      25
      25
      24
      26
      34
      26
      24
      22
      21
      39
      23
      26
      25
      32
      31
      25
      28
      27
      41
      19
      25
      28
      32
      26
      25
      27
      25
      36
      38
      36
      29
      31
      25
      35
      37
      31
      26
      29
      21
      32
      34
      18
      31
      25
      34
      24
      34
      27
      31
      25
      30
      25
      28
      30
      26
      19
      31
      35
      25
      38
      35
      24
      26
      31
      42
      33
      30
      22
      33
      32
      35
      45
      24
      31
      34
      24
      26
      27
      30
      32
      29
      35
      30
      32
      28
      30
      36
      35
      35
      32
      27
      19
      32
      27
      32
      27
      22
      32
      27
      38
      27
      32
      33
      30
      28
      33
      24
      26
      33
      32
      34
      36
      23
      34
      29
      31
      32
      30
      36
      33
      27
      28
      28
      29
      37
      31
      28
      44
      38
      40
      36
      42
      26
      40
      28
      39
      38
      40
      30
      46
      37
      29
      37
      39
      34
      27
      30
      30
      31
      26
      28
      18
      44
      32
      20
      34
      40
      35
      32
      27
      27
      28
      30
      34
      21
      27
      25
      28
      31
      34
      33
      34
      28
      27
      24
      28
      24
      31
      23
      21
      22
      23
      26
      22
      37
      23
      22
      28
      28
      32
      25
      27
      25
      26
      28
      33
      37
      27
      31
      33
      33
      20
      32
      26
      31
      31
      32
      27
      28
      30
      38
      28
      26
      25
      30
      22
      24
      26
      31
      31
      19
      28
      28
      24
      23
      21
      22
      32
      32
      26
      29
      24
      23
      29
      40
      33
      23
      22
      23
      22
      18
      33
      36
      26
      24
      20
      26
      28
      38
      40
      32
      33
      27
      32
      31
      24
      28
      20
      36
      27
      26
      29
      31
      24
      31
      19
      29
      25
      33
      24
      26
      25
      28
      27
      23
      28
      26
      29
      30
      23
      30
      27
      29
      24
      24
      26
      29
      22
      39
      31
      27
      22
      32
      33
      35
      21
      29
      36
      16
      21
      31
      33
      22
      27
      37
      25
      31
      29
      23
      31
      25
      27
      25
      25
      23
      14
       1
       0
       0
       1
       1
       0
       0
       0
       0
       0
       1
       0
       0
       0
       0
       0
       0
       0
       0
       0
       0
       1
       0
       0
       0
       0
       0
       0
       0
       0
       0
       0
       0
       0
       0
       0
       0
       0
       0
       0
       0
       0
       0
       0
       0
       0
       0
       0
       0
       0
       0
       0
       0
       0
       0
       0
       0
       0
       0
       0
       0
       0
       0
       0
       0
       0
       0
       0
       0
       0
       0
       0
       0
       0
       0
       0
       0
       0
       0
       0
       0
       0
       0
       0
$ROI:
1
712 830
$PRESETS:
Live Time
120
0
$ENER_FIT:
-23.656767 2.297974
$MCA_CAL:
3
-2.365677E+001 2.297974E+000 2.836717E-005 keV
$SHAPE_CAL:
3
0.000000E+000 0.000000E+000 0.000000E+000
