$SPEC_ID:
Sample032
$SPEC_REM:
DET# 1
DETDESC# DESKTOP-I499GD2 Easy-MCA-2k SN 18191655
AP# Maestro Version 7.01
$DATE_MEA:
03/01/2024 11:00:48
$MEAS_TIM:
120 120
$DATA:
0 2047
       0
       0
       0
       0
       1
       1
       1
       2
      67
      59
      48
      45
      48
      53
      69
      66
      59
      58
      60
      69
      51
      69
      62
      73
      72
      61
      88
      87
      87
     105
     103
      90
     132
     144
     137
     118
      92
      86
      95
     102
      90
     108
     121
     119
     131
     141
     141
     169
     167
     198
     234
     222
     261
     268
     265
     235
     229
     220
     249
     245
     308
     329
     381
     529
     513
     548
     452
     397
     308
     243
     198
     193
     195
     172
     183
     172
     163
     203
     161
     194
     188
     194
     190
     186
     153
     186
     152
     184
     203
     198
     179
     205
     185
     206
     190
     204
     173
     164
     153
     166
     153
     125
     137
     149
     172
     137
     154
     120
     163
     157
     120
     144
     162
     136
     127
     111
     137
     125
     137
     109
     111
     129
     127
     105
     107
     116
     104
      93
      90
     114
     135
     116
     113
     104
     109
      99
     101
      81
     100
      99
      95
     109
      86
      82
      92
      92
      86
     100
      82
      77
      64
      78
      88
      66
      81
      58
      82
      78
      81
      86
      70
      93
      61
      59
      67
      69
      67
      73
      75
      76
      52
      63
      56
      55
      54
      56
      69
      61
      63
      60
      52
      64
      67
      46
      65
      57
      56
      48
      54
      42
      58
      53
      41
      66
      48
      53
      50
      49
      48
      46
      42
      51
      56
      47
      48
      49
      48
      60
      44
      42
      43
      45
      54
      62
      63
      58
      69
      69
      74
      91
      78
      93
      66
     103
     103
      99
     116
      98
     116
     131
     107
     114
     110
      92
      88
      96
      96
      85
      65
      69
      59
      57
      43
      43
      47
      51
      42
      31
      26
      33
      36
      37
      35
      40
      22
      36
      28
      42
      35
      35
      25
      24
      43
      33
      31
      35
      34
      35
      30
      32
      43
      39
      28
      38
      31
      36
      33
      25
      27
      30
      33
      23
      30
      26
      39
      29
      33
      31
      37
      29
      25
      34
      33
      15
      27
      21
      34
      31
      26
      20
      26
      22
      20
      16
      34
      37
      26
      27
      27
      34
      30
      24
      20
      33
      33
      27
      19
      46
      35
      23
      33
      28
      28
      22
      24
      26
      26
      29
      25
      22
      30
      18
      21
      35
      26
      36
      30
      22
      29
      17
      19
      27
      34
      25
      22
      17
      19
      24
      30
      29
      39
      26
      33
      26
      30
      28
      20
      43
      26
      25
      25
      26
      26
      28
      23
      20
      44
      33
      28
      37
      26
      27
      19
      24
      21
      24
      22
      22
      24
      28
      26
      23
      27
      21
      22
      23
      27
      29
      18
      15
      15
      18
      20
      28
      21
      18
      22
      31
      14
      12
      21
      13
      19
      22
      21
      30
      21
      16
      21
       9
      28
      19
      17
      27
      25
      23
      22
      14
      18
      18
      18
      16
      17
      21
      23
      21
      18
      14
      24
      18
      20
      18
      20
      24
      14
      24
      10
      15
      12
      21
      11
      19
      20
      15
      16
      14
      22
      10
      12
      14
      17
      10
      15
      18
      10
      13
      20
      24
      25
      21
      18
      18
      19
       8
      20
      23
      19
      22
      15
      16
      15
      11
      26
      19
      25
      26
      28
      24
      15
      26
      22
      27
      35
      32
      34
      29
      25
      28
      27
      21
      23
      27
      26
      25
      27
      22
      31
      22
      35
      24
      20
      23
      16
      22
      21
      23
      14
      17
      25
      21
      19
      15
      19
      19
      11
      19
      14
      27
      12
      16
      13
      11
      11
      16
      19
      19
       8
      17
      17
      17
      13
      17
      15
      19
      14
      16
       6
      21
      15
      16
      23
      17
      19
      28
      21
      22
      16
      25
      16
      13
      21
      22
      10
      16
      20
      24
      23
      22
      15
      16
      14
      17
      17
      10
      19
      21
      16
      12
      11
      16
      17
      17
       9
      13
      14
      14
      14
      19
      15
      20
      16
      21
      19
      18
      18
      19
      17
      10
      12
      22
      17
      17
      14
       9
      13
      11
      12
      12
      15
      10
      16
      12
      15
      16
      21
       9
      20
      22
      20
      17
      20
      22
      24
      19
      13
      13
      16
      21
      22
      15
      22
      25
      25
      19
      17
      16
      14
      12
      18
      22
      24
      17
      16
      17
      24
      26
      17
      26
      19
      23
      19
      23
      17
      13
       7
      14
      18
      22
      16
      16
      19
      13
      22
      13
      16
      20
      10
      22
      12
      12
      18
      11
      12
      13
      10
       9
      14
      11
      14
      12
      11
      13
      10
       6
      13
      10
       8
      16
      10
       5
      13
       8
      14
       6
       4
       2
       5
       8
       6
       7
       9
      10
       8
      11
       5
       5
       8
       5
       9
       4
       6
       6
       9
       7
       9
       7
       7
       7
       5
       3
       7
       6
       9
       8
       4
      10
       5
       6
       6
       7
       4
       6
       9
       8
       4
       8
      10
      10
       6
       6
      12
      10
      12
       9
      12
      15
      13
      13
      20
      18
      21
      18
      23
      15
      18
      28
      22
      39
      36
      34
      35
      35
      35
      40
      53
      47
      49
      59
      48
      53
      60
      47
      53
      47
      50
      51
      52
      54
      41
      48
      43
      33
      47
      31
      50
      38
      47
      35
      29
      39
      20
      28
      22
      16
      27
      13
      17
      21
      20
      14
      16
      16
      13
      11
      11
      13
       8
      12
       6
       3
       7
       3
       7
       5
       2
       4
       4
       3
       5
       4
       5
       7
       5
       4
       3
       5
       7
       5
       2
       5
       7
       6
       4
       1
       3
       7
       1
       5
       3
       5
       3
       1
       5
       5
       2
       1
       6
       6
       3
       5
       3
       3
       3
       2
       6
       6
       4
       4
       4
       8
       2
       7
       5
       5
       3
       4
       3
       3
       4
       6
       3
       3
       6
       4
       4
       5
       6
       7
       5
       4
       6
       6
       3
       4
      10
       8
       4
       3
       7
       7
       1
       2
       2
      11
       5
       5
      10
       6
       2
       2
       6
       4
       4
       3
       4
       4
       3
       4
       5
       6
       7
       4
       4
       1
       1
       7
       4
       5
       5
       7
       6
       4
       4
       3
       1
       7
       7
       1
       4
       1
       5
       6
       4
       5
       7
       2
       5
       4
       4
       3
       4
       4
       3
       5
       2
       4
       5
       5
       2
       4
       2
       5
       6
       3
       4
       5
       6
       4
       1
       4
      11
       6
       3
       4
       3
       4
       7
       2
       7
       0
       5
       4
       5
       8
       6
       8
       3
       3
       2
       5
       6
       5
       6
       7
       6
       3
       5
       4
       8
       7
       6
       2
       3
       4
       4
       6
       3
       4
       8
       2
       5
       8
       5
       3
       6
       5
       4
       4
       2
       4
       5
      10
       4
       2
       3
       1
       5
       7
       5
       4
       2
       5
       3
       5
       4
       3
       2
       4
       3
       4
       5
       2
       4
       4
       2
       6
       4
       2
       3
       3
       5
       4
       6
       7
       5
       2
       3
       3
       3
       1
       2
       2
       6
       2
       2
       5
       0
       1
       4
       7
       6
       3
       4
       1
       6
       2
       4
       4
       6
       6
       3
       5
       3
       4
       3
       5
       2
       2
       5
       3
       4
       4
       6
       3
       4
       5
       6
       3
       5
       2
       2
       2
       7
       4
       2
       3
       6
       3
       6
       4
       1
       7
       2
       5
       6
       6
       5
       7
       7
       4
       1
       6
       2
       5
       7
       5
       2
       4
       5
       3
       9
       5
       3
       4
       0
       3
       3
       6
       7
       5
       4
       1
       4
       5
       5
       4
       2
       3
       3
       2
       3
       4
       2
       6
       7
       4
       1
       5
       4
       4
       3
       1
       2
       5
       0
       5
       4
       2
       3
       3
       3
       3
       4
       4
       4
       1
       3
       4
       1
       4
       5
       4
       3
       1
       2
       3
       5
       4
       3
       2
       1
       5
       4
       2
       3
       4
       2
       6
       5
       4
       4
       2
       4
       5
       1
       5
       4
       4
       4
       1
       8
       5
       4
       3
       6
       3
       5
       2
       1
       3
       0
       1
       6
       2
       7
       3
       3
       9
       8
       5
       3
       6
       2
       3
       2
       2
       3
       0
       1
       3
       3
       2
       7
       6
       6
       3
       4
       1
       4
       3
       6
       3
       4
       3
       4
       1
       3
       5
       3
       4
       3
       3
       4
       4
       1
       4
       3
       4
       4
       4
       2
       2
       1
       5
       1
       4
       4
       5
       4
       0
       5
       6
       2
       4
       4
       3
       4
       2
       0
       3
       2
       4
       6
       1
       4
       3
       7
       6
       4
       5
       4
       7
       3
       3
       4
       4
       1
       4
       4
       1
       1
       1
       5
       1
       3
       2
       6
       2
       0
       7
       2
       4
       1
       2
       1
       3
       5
       4
       4
       4
       2
       3
       5
       1
       4
       3
       4
       2
       6
       5
       2
       2
       5
       4
       6
       3
       4
       4
       2
       2
       1
       3
       5
       1
       1
       1
       5
       1
       1
       2
       2
       8
       2
       1
       2
       1
       4
       5
       3
       4
       3
       8
       4
       5
       3
       2
       2
       4
       0
       4
       2
       2
       1
       3
       5
       3
       4
       1
       3
       6
       3
       3
       3
       4
       6
       1
       3
       0
       7
       4
       8
       0
       3
       6
       2
       3
       4
       1
       3
       5
       2
       0
       5
       5
       4
       1
       1
       4
       3
       4
       5
       2
       6
       5
       2
       1
       2
       6
       1
       2
       2
       4
       2
       4
       5
       8
       2
       0
       1
       2
       2
       2
       2
       1
       5
       7
       1
       5
       3
       3
       4
       1
       2
       5
       1
       0
       1
       6
       2
       5
       3
       0
       3
       1
       5
       4
       5
       4
       0
       7
       4
       2
       2
       3
       4
       3
       2
       2
       3
       5
       2
       5
       0
       3
       4
       3
       5
       4
       3
       3
       2
       2
       4
       2
       6
       4
       2
       5
       5
       2
       4
       2
       3
       4
       0
       1
       4
       6
       5
       2
       1
       5
       2
       0
       2
       4
       2
       4
       0
       3
       3
       2
       4
       4
       2
       2
       3
       2
       2
       7
       4
       3
       5
       0
       3
       5
       6
       4
       1
       2
       2
       3
       8
       5
       1
       8
       6
       1
       2
       0
       8
       3
       3
       2
       1
       5
       4
       1
       1
       4
       2
       6
       5
       3
       2
       3
       3
       4
       4
       2
       0
       3
       4
       5
       3
       2
       7
       3
       3
       3
       3
       2
       3
       2
       2
       3
       2
       7
       4
       5
       4
       6
       6
       1
       4
       5
       4
       0
       7
       3
       1
       1
       3
       3
       1
       2
       1
       1
       5
       4
       6
       6
       2
       4
       4
       4
       1
       5
       3
       1
       4
       3
       3
       2
       3
       4
       2
       4
       3
       2
       3
      10
       0
       4
       2
       3
       1
       6
       1
       2
       4
       2
       3
       1
       4
       4
       4
       4
       3
       3
       5
       4
       3
       3
       3
       1
       8
       3
       5
       3
       2
       1
       3
       4
       0
       3
       1
       6
       0
       1
       8
       6
       1
       1
       2
       4
       5
       4
       5
       0
       7
       8
       1
       3
       3
       4
       8
       5
       3
       8
       2
       2
       7
       5
       2
       2
       6
       3
       3
       4
       5
       3
       7
       2
       9
       5
       5
       3
       6
       2
       3
       2
       3
       7
       6
      11
       5
       4
       7
       4
       5
       3
       3
       1
       5
       6
       1
       4
       3
       1
       5
       2
       4
       3
       6
       5
       5
       7
       7
       6
       2
       6
       4
       4
       3
       5
       3
       5
       4
       3
       5
       2
       2
       3
       1
       2
       4
       5
      10
       3
       2
       2
       4
       1
       1
       2
       4
       3
       4
       3
       3
       6
       5
       5
       4
       5
       0
       6
       7
       1
       2
       4
       8
       3
       3
       2
       2
       4
       7
       1
       3
       3
       3
       3
       9
       6
       2
       4
       1
       6
       3
       3
       3
       8
       1
       3
       7
       6
       4
       3
       4
       4
       3
       5
       3
       5
       5
       4
       1
       5
       4
       3
       5
       3
       0
       4
       6
       4
       0
      13
       3
       6
       3
       6
       7
       3
       5
       3
       1
       4
       3
       2
       5
       2
       3
       2
       1
       2
       3
       3
       3
       2
       2
       3
       2
       3
       3
       4
       5
       3
       2
       4
       4
       5
       4
       1
       3
       5
       6
       2
       3
       2
       2
       4
       4
       1
       1
       3
       5
       7
       5
       5
       0
       2
       5
       3
       2
       1
       0
       4
       5
       3
       1
       2
       3
       3
       3
       3
       3
       5
       3
       7
       9
       2
       3
       3
       3
       3
       2
       6
       2
       3
       4
       2
       7
       3
       4
       5
       5
       4
       4
       4
       4
       3
       7
       4
       4
       4
       0
       5
       1
       3
       1
       5
       2
       2
       5
       4
       2
       3
       5
       1
       6
       3
       7
       2
       3
       3
       0
       4
       4
       5
       4
       2
       2
       7
       3
       6
      11
       4
       2
       3
       4
       1
       2
       3
       7
       6
       3
       5
       6
       6
       8
       1
       2
       3
       4
       1
       6
       4
       2
       4
       1
       3
       0
       0
       0
       0
       0
       0
       0
       0
       0
       0
       0
       0
       0
       0
       0
       0
       0
       0
       0
       0
       0
       0
       0
       0
       0
       0
       0
       0
       0
       0
       0
       0
       0
       0
       0
       0
       0
       0
       0
       0
       0
       0
       0
       0
       0
       0
       0
       0
       0
       0
       0
       0
       0
       0
       0
       0
       0
       0
       0
       0
       0
       0
       0
       0
       0
       0
       0
       0
       0
       0
       0
       0
       0
       0
       0
       0
       0
       0
       0
       0
       0
       0
       0
       0
$ROI:
1
712 830
$PRESETS:
Live Time
120
0
$ENER_FIT:
-23.656767 2.297974
$MCA_CAL:
3
-2.365677E+001 2.297974E+000 2.836717E-005 keV
$SHAPE_CAL:
3
0.000000E+000 0.000000E+000 0.000000E+000
