$SPEC_ID:
Sample020
$SPEC_REM:
DET# 1
DETDESC# DESKTOP-I499GD2 Easy-MCA-2k SN 18191655
AP# Maestro Version 7.01
$DATE_MEA:
03/01/2024 10:36:39
$MEAS_TIM:
120 120
$DATA:
0 2047
       0
       0
       0
       0
       1
       0
       2
       5
     135
      71
      70
      63
      69
      67
      75
      89
      86
      87
      90
      73
      66
      81
      75
      83
      88
     106
      99
     100
     122
     144
     128
     147
     177
     190
     180
     156
     120
     113
     121
     128
     117
     160
     146
     149
     164
     183
     215
     216
     218
     225
     262
     267
     330
     328
     308
     317
     281
     298
     316
     314
     333
     448
     580
     629
     693
     651
     618
     477
     396
     298
     271
     246
     238
     215
     246
     230
     230
     247
     233
     261
     212
     241
     239
     234
     224
     212
     234
     239
     243
     242
     251
     257
     195
     257
     197
     192
     207
     190
     175
     200
     231
     194
     147
     201
     191
     184
     194
     181
     161
     200
     161
     189
     176
     196
     170
     162
     163
     134
     163
     189
     143
     154
     176
     167
     146
     150
     145
     140
     146
     142
     141
     134
     146
     137
     146
     123
     156
     137
     143
     116
     156
     133
     116
     121
     126
     128
     123
     127
     103
     113
     116
     109
     100
     111
     113
     118
     103
      95
     110
      93
      89
      90
     110
     106
      92
     110
      83
      87
      77
      85
      94
      85
     104
      82
      89
      78
      84
      90
      97
      69
      81
      75
      81
      84
      70
      78
      72
      63
      83
      88
      73
      70
      75
      66
      70
      83
      72
      65
      66
      78
      56
      57
      67
      64
      68
      73
      72
      70
      82
      71
      80
      68
      73
      82
      60
      67
     106
      94
     104
      91
     113
     105
     123
     143
     132
     147
     150
     143
     149
     168
     164
     172
     127
     157
     141
     121
     137
     119
      96
      96
      95
      73
      75
      53
      74
      57
      45
      54
      51
      58
      53
      53
      45
      66
      48
      52
      51
      61
      66
      40
      59
      45
      46
      51
      40
      49
      45
      51
      56
      37
      48
      49
      47
      49
      50
      41
      38
      50
      46
      46
      33
      48
      46
      33
      43
      47
      45
      56
      49
      43
      41
      47
      44
      39
      42
      29
      47
      29
      48
      32
      36
      34
      35
      44
      40
      46
      38
      41
      42
      34
      41
      39
      41
      46
      32
      46
      34
      38
      40
      44
      31
      46
      27
      40
      33
      44
      38
      37
      39
      38
      51
      40
      48
      43
      48
      43
      28
      32
      49
      33
      27
      31
      26
      34
      36
      32
      43
      22
      36
      38
      37
      36
      30
      42
      33
      39
      31
      38
      39
      37
      31
      39
      45
      47
      29
      29
      36
      38
      30
      27
      40
      30
      37
      36
      34
      34
      38
      38
      29
      34
      31
      32
      33
      45
      29
      35
      31
      30
      26
      24
      27
      29
      37
      33
      31
      31
      27
      34
      29
      23
      43
      24
      30
      30
      34
      33
      21
      33
      28
      31
      31
      40
      21
      23
      26
      30
      27
      33
      35
      28
      23
      26
      25
      32
      32
      28
      22
      25
      30
      34
      22
      30
      24
      21
      27
      24
      28
      23
      31
      26
      22
      25
      18
      31
      34
      22
      25
      22
      26
      27
      27
      22
      22
      22
      26
      24
      20
      29
      32
      34
      25
      29
      20
      34
      30
      38
      25
      29
      26
      28
      28
      33
      28
      34
      31
      30
      22
      30
      44
      33
      30
      28
      48
      31
      23
      33
      31
      34
      40
      39
      28
      35
      38
      28
      35
      22
      30
      37
      29
      31
      28
      44
      23
      34
      36
      32
      26
      25
      27
      24
      29
      23
      28
      26
      31
      30
      33
      29
      28
      25
      21
      19
      20
      19
      23
      22
      28
      22
      20
      23
      24
      24
      30
      27
      28
      32
      43
      27
      24
      27
      35
      32
      29
      26
      34
      24
      24
      39
      22
      26
      19
      29
      34
      18
      28
      30
      35
      22
      26
      30
      26
      22
      26
      37
      27
      28
      30
      30
      21
      21
      29
      25
      31
      29
      32
      22
      27
      20
      34
      28
      34
      30
      21
      25
      20
      27
      25
      14
      15
      20
      25
      20
      18
      32
      30
      28
      26
      20
      30
      20
      34
      35
      24
      29
      23
      21
      22
      27
      27
      27
      32
      35
      26
      30
      26
      36
      26
      28
      24
      19
      32
      31
      21
      45
      30
      31
      36
      34
      32
      33
      37
      43
      27
      34
      24
      38
      26
      35
      36
      30
      41
      25
      40
      27
      35
      29
      34
      29
      34
      33
      21
      25
      28
      22
      30
      36
      24
      19
      19
      28
      39
      15
      19
      20
      18
      13
      21
      24
      14
      19
      15
      14
      14
      18
      18
      19
      17
       8
       8
      12
      13
      17
      17
      12
      18
      13
      12
      15
      18
      14
      13
       9
      16
      14
       8
       8
      15
      18
      10
      12
      11
       8
       7
      11
       6
      15
      11
      10
      11
      10
      11
       6
      13
      15
      10
      20
      12
      14
      18
      17
      16
      13
       7
      10
      13
       6
      15
      20
      11
      11
      17
      13
      16
      23
      25
      28
      28
      25
      23
      39
      35
      36
      35
      43
      42
      51
      52
      44
      47
      50
      59
      78
      76
      66
      78
      77
      79
      70
      97
      76
      92
      85
      83
      88
      87
      86
      89
      88
      84
      88
      74
      77
      85
      92
      72
      74
      47
      73
      59
      52
      55
      45
      34
      39
      40
      34
      31
      39
      26
      25
      23
      16
      20
      14
      20
      13
      15
      21
      13
      15
       9
      11
       9
       8
      11
      18
       8
       9
       8
       5
      11
       9
      11
      10
       7
       8
      11
       9
      14
       4
       8
       9
       9
       6
       3
       8
       4
       4
       6
       7
       4
       9
       4
       2
      16
       5
       8
       6
       6
       9
       5
       3
       6
       7
       4
      11
       7
       6
      11
       4
       4
       7
       9
       9
       7
       7
       6
      11
       9
       5
       3
       8
      11
      10
       7
       7
       4
       6
      11
       8
      10
       8
       7
       5
       7
       5
       8
       9
       5
       4
       4
       7
      10
       8
       4
       5
       3
       4
      12
       5
       3
       5
      10
       7
       1
       5
      11
       8
       3
      10
      10
       5
      10
      16
       7
      10
       6
       8
       9
       7
       7
       4
       5
       8
       7
       4
       8
       8
      10
       5
       4
       6
       4
       6
       6
       4
      10
       9
       4
       7
       6
       9
      13
       4
       8
       3
       8
      11
       7
       6
       7
      10
      13
       7
       4
       5
       7
       5
       4
       7
       9
       6
       6
       5
      12
       7
       8
       6
       8
       4
       6
       6
       1
       3
       6
      10
       5
       2
       7
       4
       5
       4
      10
       8
       7
       2
      11
       9
       6
       7
       7
       5
       3
      10
       6
      10
       8
      12
       6
       8
       4
       5
      10
       5
       7
       9
       9
       8
      11
       5
       4
       6
       9
      11
       5
       9
       3
      13
       7
      10
       4
       6
       2
       4
       4
      11
       6
       7
       2
      10
       9
       6
       5
       3
      10
       6
       7
       3
       7
       3
       4
       7
       6
       9
       4
       7
       7
       8
       5
       6
       8
       4
       8
       6
       4
      10
       3
       7
       7
       9
       7
       7
       3
       7
       7
       2
       5
       8
       6
       2
       5
       4
       4
       7
       6
       4
       6
       5
       7
      10
       4
       1
       4
       3
       4
       2
       4
       3
       7
       3
       2
       5
       2
       4
       6
       7
       6
       8
       6
       4
       9
       6
       6
       6
       5
       2
       8
       5
       3
       6
       9
       5
      13
       2
       9
       4
       8
       3
       8
       4
       1
       4
       5
       7
       2
       7
       7
       4
       4
       5
       3
       4
       5
       5
       6
       9
       7
       4
       9
       3
      11
       7
       6
       7
       7
       6
       4
       2
       4
       6
       4
       7
      10
      10
       6
       9
       5
       7
       4
       3
       3
       4
       5
       3
       4
       4
       4
       4
       7
       3
       7
       7
       5
       4
       3
       7
       5
       8
       5
      10
       8
       7
       6
       6
       5
       4
       5
      10
       3
       5
       6
       5
       6
       5
       8
       5
       9
       4
       5
       9
       8
       3
       4
      11
      10
       7
       4
       9
       5
       7
      11
       4
       9
       0
      11
       9
       8
       8
       3
      11
       7
       3
       4
       3
       2
       2
       9
       7
      15
       5
      12
      11
       4
       3
       9
       6
       6
       9
       6
       9
       5
       7
       4
       7
       7
       5
       5
       3
       4
       6
       4
       7
       7
       4
       6
       3
       6
       4
       4
       5
       2
       5
       3
       4
       8
       4
       8
       6
      10
       7
       3
       4
       4
      10
       5
       8
       4
       7
       7
       2
       3
       7
       7
       3
       4
       8
       9
       8
       2
       2
       4
       6
       5
       5
       4
       5
       2
       6
       2
       4
       5
       2
       4
       6
       5
       6
       4
       8
       6
       3
       4
       8
       9
       4
       7
       6
      10
       6
      10
       5
       6
       6
       7
       1
       6
       4
       2
       9
       6
       2
       7
       5
      12
       3
       1
       2
       4
      12
       3
       5
       3
       1
       8
       5
       8
       4
       8
       5
       4
       6
       4
       9
       2
      10
       1
       5
       3
       4
       4
       6
       3
      10
       3
       6
       4
       7
       9
       2
       2
       9
       2
       5
       2
       8
       3
       3
       3
       4
       2
       1
       6
       6
       4
       3
       4
       5
       6
       0
       6
       5
       5
       4
       2
       5
       4
       8
       4
       5
       1
       4
       2
       5
       2
       3
       3
       1
       6
       3
       4
       3
       7
       7
       3
       3
       6
       4
       2
       3
       4
       6
      10
       5
       7
       6
       1
       3
       3
       5
       4
       4
       7
       6
       5
       4
       4
       7
       5
      12
       3
      11
       5
       4
       7
       7
       5
       6
       6
       2
       4
       2
       6
       3
       5
       8
       4
       5
       8
       5
       5
       4
       2
       8
       2
       3
       2
       5
       8
       5
       5
       2
       6
       4
       3
       5
       6
       6
       4
       6
       8
       5
       4
       4
       4
       4
       7
       6
       3
       7
       4
       5
       7
       2
       5
       4
       6
       7
       5
       5
       6
       5
       2
       7
       4
       6
       1
      11
       5
       2
       8
       3
       8
       2
       7
       2
       5
       5
       8
       3
       5
       6
       7
       1
       4
       5
       7
       4
       4
       5
       2
       9
       5
       7
       2
       2
       8
       3
       5
       7
       6
       8
       8
       9
       7
       6
       9
       6
       2
       8
       1
       7
       7
       5
       5
       7
       7
       7
       4
      10
       5
       5
      10
       6
       4
       7
       5
       4
       4
       7
       4
       5
      12
       5
       7
       4
       4
       6
       8
       3
       6
       4
       8
       3
       3
       5
       6
       6
      11
       7
       3
       5
       6
       3
       6
       2
       3
       7
       3
       3
       6
       2
       8
       5
      12
       3
      11
       2
       5
       5
       6
       6
       9
       5
       5
       4
       6
       2
       8
       2
       5
       6
       6
       4
       7
       3
       5
       6
       7
       3
       2
       6
       6
       4
       8
       5
       6
       5
       9
       5
      10
       3
       8
       4
       6
       6
       5
       6
       4
       4
       5
       4
       2
       8
       6
       3
       9
       6
       5
       7
       6
       5
       4
      11
       5
       3
       7
      13
       6
       7
       4
       4
       6
       6
       9
       9
       4
       5
       8
       8
       6
       5
       8
       5
       4
       7
       9
       4
       3
       6
      11
       4
       7
       6
       3
       7
       4
       4
       4
       3
       7
      11
       5
       5
       6
      10
       5
       5
       3
       3
       5
       2
       9
       6
       5
      13
      11
       7
       5
       3
      12
       5
       6
       9
       5
       7
       7
       5
       9
       7
       7
       4
       8
       5
       3
       3
       4
      13
       4
      12
       8
      13
       6
       4
       6
       4
       4
       6
       6
      11
       6
       9
       6
       5
       6
      12
       9
       7
       6
       5
       4
       3
       9
       9
       8
       7
      11
       7
       4
       8
       6
       2
       5
       4
       7
      11
       4
      12
       2
       3
       7
      11
       6
       4
       8
       5
       5
       8
       5
       2
      10
       9
       8
       8
       7
       4
      11
       4
       2
       8
      10
       7
       6
       5
       5
       3
       4
       5
      10
       7
       5
       8
       4
       9
       2
       6
       7
       8
       6
      10
       5
       5
       9
       3
       2
       6
       6
       5
       6
       6
       9
       4
       3
       5
       8
       6
       4
       7
       4
       5
       5
       7
       5
       8
       4
       5
       6
       7
       0
       5
      10
       8
       3
       5
       6
       3
       4
       5
      10
       6
       4
       4
       5
      11
       7
       4
       6
      10
       3
       8
       3
       9
       4
       4
       7
       9
       7
       3
       4
       7
      11
      11
       7
       3
       4
       8
       5
       4
       7
       8
       8
       1
       9
       1
       8
       4
      11
       4
       4
       4
       5
      10
       2
       8
       3
       8
       7
       8
       5
       4
       8
       2
       7
       4
       7
       4
       3
       6
       8
       5
       9
       5
       3
       4
       7
       7
       3
       5
       2
       9
       5
       6
       5
       6
       3
       9
       4
       2
       5
       8
       6
       6
       4
       6
       9
       5
       7
       2
       4
       4
       6
       4
       4
       9
       7
       3
       5
       5
       3
       6
       7
       4
       3
      11
       7
       6
       7
       8
       6
       6
       8
       3
       8
       7
       5
       1
       0
       0
       0
       0
       0
       0
       0
       0
       0
       0
       0
       0
       0
       0
       0
       0
       0
       0
       0
       0
       0
       0
       0
       0
       0
       0
       0
       0
       0
       0
       0
       0
       0
       0
       0
       0
       0
       0
       0
       0
       0
       0
       0
       0
       0
       0
       0
       0
       0
       0
       0
       0
       0
       0
       0
       0
       0
       0
       0
       0
       0
       0
       0
       0
       0
       0
       0
       0
       0
       0
       0
       0
       0
       0
       0
       0
       0
       0
       0
       0
       0
       0
       0
       0
$ROI:
1
712 830
$PRESETS:
Live Time
120
0
$ENER_FIT:
-23.656767 2.297974
$MCA_CAL:
3
-2.365677E+001 2.297974E+000 2.836717E-005 keV
$SHAPE_CAL:
3
0.000000E+000 0.000000E+000 0.000000E+000
