$SPEC_ID:
Sample019
$SPEC_REM:
DET# 1
DETDESC# DESKTOP-I499GD2 Easy-MCA-2k SN 18191655
AP# Maestro Version 7.01
$DATE_MEA:
03/01/2024 10:34:39
$MEAS_TIM:
120 120
$DATA:
0 2047
       0
       0
       0
       0
       1
       0
       0
       6
     130
      68
      75
      67
      83
      66
      82
      91
      83
      96
      95
      83
      89
      78
     101
      89
      92
      98
      85
     116
     136
     128
     146
     136
     138
     144
     182
     141
     112
     119
     133
     116
     113
     165
     173
     159
     168
     194
     199
     224
     268
     248
     278
     281
     310
     328
     300
     322
     307
     320
     315
     337
     366
     445
     547
     670
     707
     772
     698
     504
     431
     324
     281
     250
     261
     259
     246
     249
     224
     253
     226
     232
     247
     267
     241
     221
     207
     228
     245
     222
     246
     233
     244
     226
     223
     264
     237
     231
     227
     207
     170
     211
     214
     206
     210
     196
     192
     199
     202
     186
     196
     197
     202
     193
     177
     173
     170
     162
     169
     171
     167
     145
     180
     155
     150
     147
     166
     140
     160
     163
     175
     145
     140
     129
     141
     138
     125
     121
     158
     127
     133
     146
     131
     138
     141
     112
     121
     114
     108
     112
     119
     106
     128
     103
      96
     110
     106
      84
      96
     121
     104
      95
     106
      94
      95
      97
      96
     101
      81
      90
      95
      96
      98
      89
      90
      93
      65
      72
      84
      83
      72
      82
     108
      88
      84
      72
      90
      73
      70
      86
      71
      83
      94
      83
      84
      77
      84
      70
      76
      80
      78
      81
      70
      68
      82
      67
      69
      66
      82
      56
      88
      82
      66
      85
      65
      84
      86
      88
     109
      92
     117
     124
     113
     129
     132
     143
     139
     165
     176
     174
     172
     170
     154
     164
     193
     166
     136
     132
     133
     114
     102
      96
      99
      72
      66
      46
      82
      67
      46
      50
      55
      62
      43
      45
      49
      40
      42
      43
      45
      51
      46
      51
      46
      41
      48
      52
      57
      48
      45
      47
      50
      58
      51
      39
      47
      53
      44
      63
      44
      46
      49
      48
      40
      54
      46
      58
      53
      41
      32
      48
      41
      43
      49
      50
      41
      47
      43
      44
      45
      35
      48
      43
      36
      50
      39
      42
      49
      34
      41
      37
      40
      43
      35
      35
      30
      39
      22
      38
      49
      42
      37
      40
      40
      45
      34
      35
      42
      59
      43
      40
      43
      28
      39
      38
      35
      46
      35
      40
      42
      32
      34
      26
      44
      37
      37
      37
      39
      43
      50
      38
      32
      36
      39
      44
      40
      36
      44
      32
      34
      39
      49
      34
      33
      34
      40
      44
      40
      29
      28
      42
      35
      36
      42
      39
      32
      36
      39
      52
      34
      34
      36
      30
      34
      27
      36
      31
      38
      29
      37
      28
      32
      32
      32
      37
      30
      30
      31
      36
      34
      34
      33
      35
      26
      36
      29
      31
      34
      33
      35
      32
      30
      30
      31
      32
      32
      27
      26
      36
      25
      32
      32
      28
      37
      26
      29
      28
      38
      29
      30
      33
      26
      27
      22
      33
      29
      38
      23
      31
      35
      32
      30
      21
      36
      28
      26
      33
      29
      35
      36
      21
      31
      23
      33
      19
      35
      25
      30
      18
      25
      38
      35
      23
      28
      36
      30
      18
      23
      33
      33
      31
      21
      28
      33
      31
      33
      25
      45
      33
      41
      31
      23
      41
      42
      35
      30
      46
      31
      30
      38
      39
      50
      33
      44
      36
      22
      39
      37
      31
      35
      30
      27
      48
      27
      25
      34
      22
      27
      28
      35
      20
      23
      32
      25
      31
      27
      30
      31
      33
      32
      30
      22
      21
      30
      34
      25
      33
      26
      28
      24
      26
      32
      33
      36
      25
      23
      27
      34
      28
      29
      26
      28
      32
      21
      28
      27
      22
      31
      25
      37
      34
      28
      37
      32
      32
      33
      41
      36
      35
      23
      41
      26
      40
      33
      26
      37
      27
      36
      33
      27
      34
      24
      24
      25
      27
      21
      14
      28
      28
      33
      34
      28
      29
      27
      26
      30
      31
      24
      21
      28
      29
      29
      35
      30
      27
      30
      36
      25
      22
      31
      32
      32
      29
      30
      23
      31
      30
      29
      35
      31
      24
      19
      30
      27
      44
      35
      36
      28
      21
      27
      28
      37
      35
      33
      34
      30
      30
      30
      16
      28
      50
      29
      38
      41
      35
      35
      36
      33
      39
      29
      34
      29
      33
      33
      37
      29
      26
      50
      28
      29
      28
      38
      32
      31
      30
      24
      26
      33
      12
      27
      29
      21
      25
      33
      23
      15
      23
      15
      24
      23
      22
      12
      14
      22
      18
      22
      22
      23
      18
       7
      13
      22
      13
      15
      20
      12
      13
      19
       7
      20
      17
       9
      16
      18
      10
       9
      10
      14
      16
      17
      15
      11
      12
      23
       9
      11
      12
       6
      15
      10
      15
      15
      14
      13
       6
      10
      19
       6
      13
      17
      13
       8
       7
      11
      10
      16
      13
      17
      11
      18
      16
      18
      20
      15
      18
      15
      19
      25
      22
      20
      19
      31
      36
      40
      34
      39
      38
      55
      62
      54
      51
      64
      60
      55
      81
      70
      72
      83
      88
      82
      90
      94
      74
      97
      82
      84
      94
      91
      84
      92
      83
      93
      92
      98
      89
      82
      76
      66
      80
      70
      49
      57
      64
      52
      45
      44
      46
      35
      30
      36
      43
      30
      31
      14
      31
      19
      21
      12
      13
      17
      19
      16
      12
      16
      21
       5
       9
      13
      12
       7
      13
      11
      11
      11
       8
       8
       9
      10
       5
       2
       7
      10
       6
      11
      12
       8
       9
       8
      11
       5
       8
       4
       8
       8
      12
       2
       5
      11
       9
      11
       6
       7
      14
       6
       4
      11
       8
      10
      13
       9
       9
       6
      11
       6
       9
      11
      10
      10
       9
      11
       4
       5
       5
       8
       5
       9
      11
       6
       9
      12
       8
      10
       7
       1
       1
      10
       8
       9
       5
       5
      11
      12
       8
       6
       8
       9
      10
       9
       7
      11
       4
       9
      10
       9
      11
       4
       6
       8
       5
      12
       4
       5
       4
       8
       6
      11
       7
       1
      11
      10
       8
       7
       2
       4
       7
       5
      10
      15
       5
       5
       3
      10
       5
       7
       2
       5
       9
       5
       6
       3
       4
       6
       7
       3
       2
       5
       3
       8
       7
       6
      10
       7
       7
      10
      11
      13
      13
       6
       5
      10
       8
       8
       8
       9
       5
       4
       7
       9
       6
       4
       8
       8
      11
       3
       7
       7
       7
       8
       5
       8
       8
       5
      10
       9
      10
       9
       3
       5
       6
       9
       3
      12
       4
       4
       8
       5
       1
       3
      11
       8
       7
       4
      11
       5
      11
      10
      13
       9
       4
       9
       5
       9
       4
       6
       8
       5
       6
      12
      10
       6
       8
       7
       5
       7
       5
       9
       9
       4
       7
       4
       8
       8
       3
       8
       9
       4
      15
      10
       4
       4
       5
       3
       3
       7
      10
       6
       4
       5
       6
       8
       7
       6
       5
       7
       8
       5
       5
       6
       5
       5
       6
       9
       3
       3
       9
       7
      11
       3
      11
       6
       7
       4
       6
       8
       3
       8
       7
      10
       4
       6
       6
       4
      10
       4
       6
       7
       4
       4
       5
       6
       3
       6
       6
       7
      11
       8
       5
       6
       8
      10
      10
      10
       3
       7
       5
       7
       9
       6
       8
       7
       9
       5
       8
       8
       4
       7
       6
       2
       6
       5
       7
       3
       4
       5
       7
       8
       7
       8
      11
       3
       6
       5
       5
       4
       5
       8
       7
       2
       2
      10
       7
      12
       7
       6
       9
       4
       5
       6
       8
       4
      15
       7
      10
       4
       7
       6
       5
       4
       4
       8
       1
       7
       6
       6
       5
       5
       7
       7
       2
       7
       7
       3
       5
       7
       9
       3
       3
       8
       0
      10
       7
       3
       5
       3
       9
       6
       9
       4
       7
       6
       9
       8
       4
       4
       5
       5
      10
      11
       4
       7
       9
      10
       7
      10
       8
       6
       6
      10
       6
       7
       8
       9
       6
       7
       4
       7
       5
       8
      10
       9
       9
      11
       9
       8
       6
       4
      16
       7
       8
       6
       8
       8
       4
       8
       5
       9
       3
       8
       7
       7
       8
       3
       8
       7
       6
       5
       7
       3
       5
       4
       5
       6
      12
       7
       6
       7
       5
       6
       9
       6
       5
       7
      10
       5
       6
      10
       5
       7
       5
       5
       5
       4
       4
       3
       5
       6
       5
       7
       4
       6
       7
       7
       6
       5
       5
       7
       4
       8
       4
       6
       2
       5
       7
       2
       5
       3
       9
       5
       3
       3
       4
       9
       7
       6
       2
       7
       7
       7
       7
       6
      12
       3
       5
      10
       6
       7
       9
       8
       6
       6
       7
      13
       3
       1
       5
       5
       9
       4
       8
       6
       4
       9
       5
       3
       4
       8
       2
       6
       2
       6
       9
       3
       7
       5
       7
       4
       1
       7
      11
       7
      11
       3
       7
       8
       1
      12
      13
       8
       6
       2
       2
       5
       3
       3
       6
       6
       2
       4
       9
      10
       6
       3
       4
       4
       9
       3
       6
       3
       4
       9
       7
       3
       2
      12
       5
       3
       3
       4
       2
       6
       2
       8
       5
       6
       5
       6
       2
       2
       3
       7
       5
       1
       5
       5
       6
       3
       5
       7
       4
       3
       5
       2
       6
       6
       7
       5
       3
       4
       6
       5
       3
       7
       5
       5
       3
       4
       5
       4
       7
       8
       7
       8
       4
       3
       3
       6
      16
       8
       8
       5
       4
       7
       4
       7
       8
       7
       7
       7
       5
       4
       6
       6
       8
       2
       9
       6
       5
       7
       7
       1
       5
       5
       2
       4
       9
       6
       4
       6
      11
       4
       5
       3
       1
       6
       4
       5
       3
       3
       4
       4
       9
       5
       4
       3
       6
       5
       7
       4
       8
       2
      11
       4
       3
       5
       4
       2
       7
       8
       4
       9
       9
       7
       4
       1
       8
       6
       4
       8
       6
       4
       3
       5
       5
       6
       9
       5
       6
       5
       5
       4
       6
      12
       3
       7
       4
       7
       6
       6
       4
       7
       3
       6
      10
       4
       3
       3
       2
       3
       7
       6
       4
       6
       6
       4
       6
       4
       5
       8
       9
       7
      10
       8
       8
       2
       4
       2
       7
       6
       6
       3
       5
       1
       2
       2
       6
       6
       7
       7
       7
       5
       2
       3
       6
       6
       5
      14
      10
      10
       9
       7
       8
       7
       7
       7
       4
       2
       6
       4
       5
       5
       6
       3
       8
       6
       8
       8
       6
       6
       6
      10
       9
       5
       7
       6
       8
       9
       1
       8
       4
       9
       4
       1
       9
       4
      10
       6
       7
       3
       3
       6
       6
       8
       6
       6
       4
       4
       4
       5
       3
       2
       5
       6
       4
       4
       4
       5
       7
       9
       9
       7
       3
      10
       7
       4
       3
       5
       6
       5
       3
       7
       8
       4
       5
       8
       5
       9
       6
       7
       8
       6
      10
       4
       6
       4
       3
       5
       3
       6
       4
       6
       6
       5
       6
       7
       9
       7
       6
      10
       9
       6
       6
       5
       6
       6
       1
      10
       3
      11
       7
       9
       2
       4
       7
       5
       7
      10
       4
       8
       3
       9
       8
       9
       7
       4
       9
       0
       6
       8
       8
       6
       4
       6
       4
      12
       6
       5
       3
       6
       3
       6
      10
       6
      11
       7
       7
       8
       5
       1
       9
       7
       9
       3
       8
       5
       6
      10
       8
       6
       8
       3
       6
       9
      10
       9
       8
       4
       5
       4
       4
       2
       5
       5
       3
       5
       9
       5
       4
       6
       6
       7
       9
      10
       6
       7
      10
       4
       9
       7
       8
       6
       8
       8
       7
      11
       8
       6
       7
       8
       7
       8
       8
       6
       8
       4
       7
       4
       5
       7
       7
       9
      11
       7
      10
       2
      11
       4
       9
       5
       7
      10
       7
       8
       3
       3
       8
       7
      10
       9
       7
       7
       7
       6
       6
       5
       7
       5
       2
       5
       8
       7
       4
       4
       6
       5
       9
       5
       4
       9
       7
       7
       3
       6
       8
       9
       4
       4
       3
       7
       6
       7
       7
       9
      10
       9
       5
       3
       9
       4
       7
       7
       2
       7
       4
       7
      13
       9
       2
       4
       8
       2
       8
       7
       6
       6
       6
       2
       3
       6
       5
       6
       8
      10
       8
       2
       4
       6
       6
       5
       3
       7
      10
       6
      12
       8
       9
       8
       5
       6
      10
       2
       2
      10
       8
       6
      11
       5
       4
       7
       4
       3
       6
       4
       9
       5
       8
       4
       6
      11
       8
       9
       4
       4
       3
       8
       5
       8
       3
      12
      11
       7
       4
       9
       2
       4
       8
       6
      10
       0
       6
       6
       6
       4
      10
       8
       7
       6
       5
       7
       5
       9
       4
       5
       4
       3
       6
       6
       7
       4
      10
       2
       3
       8
       6
       4
       4
       8
       7
       8
      11
       6
       6
       4
       7
      11
       2
       7
      11
       2
       5
       6
       8
       5
       5
      10
       4
       5
       5
       0
       0
       0
       0
       0
       0
       0
       0
       0
       0
       0
       0
       0
       0
       0
       0
       0
       0
       0
       0
       0
       0
       0
       0
       0
       0
       0
       0
       0
       0
       0
       0
       0
       0
       0
       0
       0
       0
       0
       0
       0
       0
       0
       0
       0
       0
       0
       0
       0
       0
       0
       0
       0
       0
       0
       0
       0
       0
       0
       0
       0
       0
       0
       0
       0
       0
       0
       0
       0
       0
       0
       0
       0
       0
       0
       0
       0
       0
       0
       0
       0
       0
       0
       0
$ROI:
1
712 830
$PRESETS:
Live Time
120
0
$ENER_FIT:
-23.656767 2.297974
$MCA_CAL:
3
-2.365677E+001 2.297974E+000 2.836717E-005 keV
$SHAPE_CAL:
3
0.000000E+000 0.000000E+000 0.000000E+000
