$SPEC_ID:
Sample014
$SPEC_REM:
DET# 1
DETDESC# DESKTOP-I499GD2 Easy-MCA-2k SN 18191655
AP# Maestro Version 7.01
$DATE_MEA:
03/01/2024 10:24:34
$MEAS_TIM:
120 120
$DATA:
0 2047
       0
       0
       0
       0
       0
       0
       1
       1
     196
      89
      78
     100
      84
      77
     100
     106
     116
     108
     120
     128
     113
      98
     109
     114
     122
      99
     100
     143
     162
     172
     194
     179
     200
     251
     222
     193
     142
     138
     156
     183
     163
     163
     197
     215
     212
     242
     216
     239
     264
     280
     326
     335
     360
     379
     388
     372
     350
     346
     366
     359
     427
     576
     633
     817
     849
     963
     847
     651
     477
     390
     325
     318
     340
     283
     299
     281
     276
     265
     289
     252
     269
     291
     267
     271
     301
     292
     287
     303
     266
     334
     272
     315
     300
     304
     269
     280
     249
     264
     234
     236
     263
     215
     251
     250
     236
     245
     257
     230
     239
     242
     243
     245
     239
     246
     226
     203
     194
     221
     207
     201
     191
     205
     192
     199
     166
     172
     178
     188
     180
     185
     165
     204
     189
     186
     160
     177
     165
     162
     174
     146
     164
     174
     170
     140
     140
     140
     159
     159
     156
     125
     151
     154
     144
     136
     137
     154
     144
     146
     129
     139
     129
     133
     148
     122
     136
     118
     110
     116
     131
     121
     114
     107
     108
     110
      76
      99
     123
      92
     105
     109
     105
      86
     106
      93
     109
     100
     108
     105
      99
     106
     108
     105
      95
      98
     117
      96
      92
      92
     109
      79
      90
      75
     109
      96
      86
      94
      71
      90
      92
      99
     114
     111
     109
      81
     130
     117
     117
     122
     139
     163
     154
     177
     170
     172
     201
     226
     210
     209
     219
     219
     235
     250
     178
     218
     202
     185
     145
     151
     151
     122
     123
     106
      93
      95
      95
      74
      71
      77
      57
      73
      73
      66
      65
      83
      69
      66
      57
      52
      63
      59
      55
      63
      56
      58
      51
      67
      69
      71
      56
      67
      81
      64
      63
      48
      73
      51
      57
      65
      69
      57
      71
      49
      55
      59
      57
      50
      66
      52
      64
      49
      57
      60
      50
      55
      61
      50
      50
      56
      36
      68
      58
      44
      49
      51
      37
      65
      56
      57
      50
      59
      44
      49
      55
      46
      59
      69
      71
      44
      54
      61
      41
      45
      43
      53
      53
      54
      52
      54
      42
      58
      51
      47
      37
      54
      55
      55
      48
      40
      37
      47
      54
      57
      55
      45
      50
      61
      47
      54
      47
      35
      50
      42
      42
      51
      67
      43
      46
      53
      50
      56
      45
      58
      44
      58
      45
      46
      70
      47
      57
      47
      45
      49
      48
      47
      54
      49
      46
      58
      41
      54
      43
      43
      37
      45
      52
      40
      45
      39
      49
      53
      38
      49
      29
      44
      38
      40
      37
      39
      41
      30
      30
      37
      44
      41
      41
      50
      33
      37
      39
      34
      45
      56
      47
      35
      37
      37
      39
      47
      42
      45
      33
      44
      46
      42
      38
      44
      35
      43
      45
      38
      40
      51
      37
      35
      37
      38
      33
      43
      44
      35
      35
      46
      46
      45
      37
      44
      31
      41
      34
      52
      42
      38
      31
      40
      44
      30
      35
      38
      35
      46
      44
      40
      40
      36
      34
      42
      34
      47
      46
      47
      35
      37
      38
      52
      40
      50
      41
      43
      33
      47
      52
      51
      42
      44
      43
      50
      48
      54
      39
      34
      49
      34
      38
      50
      41
      53
      55
      45
      42
      39
      40
      43
      43
      36
      39
      36
      37
      42
      36
      45
      40
      37
      39
      38
      33
      38
      34
      34
      31
      44
      40
      42
      37
      33
      38
      42
      48
      48
      45
      34
      35
      40
      33
      39
      42
      32
      41
      36
      37
      42
      35
      45
      47
      52
      40
      52
      41
      40
      36
      34
      44
      50
      32
      52
      39
      49
      39
      43
      45
      36
      63
      56
      50
      43
      44
      43
      36
      41
      34
      44
      50
      42
      29
      37
      47
      37
      32
      36
      41
      45
      47
      43
      37
      46
      36
      44
      46
      41
      33
      32
      52
      34
      45
      34
      31
      34
      51
      36
      33
      32
      46
      37
      42
      29
      39
      34
      33
      35
      44
      29
      44
      48
      38
      44
      33
      34
      43
      45
      42
      47
      40
      35
      43
      49
      55
      50
      42
      43
      50
      43
      47
      46
      49
      34
      53
      43
      41
      46
      42
      52
      45
      52
      41
      49
      43
      45
      59
      41
      51
      40
      37
      37
      35
      51
      33
      39
      43
      37
      35
      34
      38
      33
      41
      27
      33
      41
      41
      41
      18
      30
      28
      34
      28
      22
      20
      27
      22
      27
      24
      31
      24
      20
      15
      16
      27
      19
      18
      17
      23
      21
      16
      22
      17
      21
      24
      14
      19
      11
      14
      16
      23
      14
      21
      11
      17
      25
      11
      18
      20
      14
      12
      19
      13
      18
      13
      15
      25
      20
      17
      20
      10
      24
      20
      17
      23
      17
      20
      22
      18
      16
      20
      34
      33
      38
      29
      31
      26
      35
      38
      37
      53
      52
      56
      32
      57
      71
      70
      65
      99
      80
      91
     106
      99
     128
     124
     119
      93
     122
     138
     134
     123
     138
     160
     125
     128
     133
     142
     135
     135
     132
     119
     119
     107
      99
      94
     110
      96
      98
      89
      64
      70
      90
      70
      72
      51
      47
      52
      50
      44
      38
      35
      28
      38
      30
      32
      25
      18
       8
      19
      21
      12
      22
      26
      16
      15
      21
      16
      12
      20
      11
      15
      14
      11
      18
       5
      10
      18
      11
      11
      11
      11
       6
       8
      11
       5
      12
      10
      10
       7
      10
      12
       8
      13
      13
      12
       9
       6
      11
       5
       8
       7
      12
      12
      18
       8
      15
       9
      13
      11
      10
      12
       7
       9
      15
      11
       8
      11
      10
       9
      15
       8
       9
      10
       7
      12
      12
      12
      12
      12
      11
      11
      12
      11
       7
      14
       8
       8
      11
       4
       7
       9
      12
      12
      11
       8
      10
       4
       9
      13
      14
      10
      10
       5
       7
      17
       8
      11
       6
      11
      11
       9
       6
       8
      10
       5
      12
      13
       7
      19
      12
      11
      11
       7
      11
       6
      14
       8
       8
       8
       8
       5
       9
       6
       5
      13
      10
      10
       7
       3
      11
       6
      10
      12
       7
      10
      16
       9
      10
       8
       7
       7
       6
      11
      12
      13
      10
      10
       8
       4
      12
       7
      15
      12
      14
      10
       9
      12
       5
       2
       6
       4
       9
       9
       9
      10
       7
       8
       9
      12
      13
       5
       7
       9
      13
      12
       8
       5
      11
       8
      15
       8
       7
       3
      14
      13
      11
      17
      11
       7
      12
       7
      19
       6
       9
       9
      20
      10
       7
      15
       8
      11
      11
       7
      16
      10
      15
       9
      18
       6
      18
      11
      11
       9
       6
       7
       9
      12
      13
       6
       3
       6
       9
       7
      10
       8
      11
       8
       7
       6
       5
      12
       6
       8
      12
       9
       6
       9
       5
       7
      10
       8
      10
      13
       8
       7
      12
       7
       6
      11
      12
      10
       8
       4
      13
      10
      15
       4
      13
       8
      16
       9
       8
      12
       9
       9
      11
       8
       6
       7
       6
       8
       8
      13
       8
      10
      10
       7
       8
      13
       6
      12
      11
       8
       6
       7
       8
       6
       8
       9
       9
       5
       8
      11
      10
       8
       9
       8
       7
      10
       8
      10
       8
       9
       1
       6
       4
      12
       6
       8
       9
      11
      12
      10
       7
      11
      10
       8
       2
       8
      13
      12
      13
       9
       8
       7
       8
      14
       7
      12
       5
       5
      10
       8
       8
       7
      13
       4
       7
       9
       7
       5
       5
       7
       5
       5
       9
      10
       5
       8
       5
       8
       7
       7
      11
      11
       5
       7
       8
       3
      11
       6
       7
      11
       5
       6
       7
       9
       9
       5
      10
      11
       8
       8
      11
       3
       6
       7
      11
       3
       7
      12
       9
      10
      10
       5
       9
      17
      10
      13
      15
      11
      12
       9
       8
       8
      12
      11
      13
      13
       7
       7
      10
      15
      13
      12
      10
      11
      10
      10
      11
      14
      15
      11
      11
      12
       9
       6
       6
       6
      13
       7
       8
       7
       8
       9
       8
       7
       7
       9
      12
       5
      14
      11
      11
      13
       9
       9
       4
      10
      14
      10
       5
      12
       9
       3
       6
      13
       5
      10
       8
       7
       3
      11
       7
       6
       6
       6
       4
      11
       7
      13
       4
       5
       4
       4
      11
      11
       6
       8
       3
       9
       8
       5
       8
       6
      10
       6
      11
       6
       7
       9
       4
       3
       5
       5
       8
       6
       5
       6
       6
      10
       6
       7
      10
       8
       7
       7
      16
       8
       7
      11
       5
      10
       7
       4
      13
       5
      12
       5
       7
      10
      14
       9
       5
       9
       9
      12
       8
      10
       8
      11
      12
       8
       8
       5
       7
       4
      11
       7
      12
       9
       8
       9
       4
       7
       6
       8
       4
       9
       3
      16
       2
       5
      12
       7
       9
       7
       7
       8
       5
       8
       6
       7
       7
       7
       7
       6
       5
       5
       7
       3
       7
       9
      10
       7
       4
      11
       9
       3
      13
      13
       4
      11
       6
       6
       6
       8
       6
       2
       5
       5
       8
       6
       5
       8
       4
       7
       8
       5
       9
       9
       9
       7
       5
      10
      10
       7
       5
       7
       1
       2
       7
       3
       6
       7
       9
       7
       7
       5
       8
       5
       3
       9
       7
       7
       9
       5
       5
       4
       8
      12
       9
       7
       8
       3
       9
       4
       8
       7
       9
       5
       8
       4
       6
      16
       5
       7
       5
       6
       6
       5
      10
       4
       5
       6
      10
       7
       9
       7
       7
       8
      10
       7
       7
       8
       6
       7
      13
       3
       9
       5
       9
       8
       8
       4
      10
       5
       9
       7
      10
       4
       6
       6
       9
       9
       9
       8
       9
       8
       4
       7
       8
      10
       8
      14
      12
       6
       9
       9
       8
       4
       7
      10
       4
       4
       6
       8
      11
      10
       4
       9
      10
      10
       5
       1
       5
       6
       7
       6
      10
       8
      10
       7
      14
       6
       6
       5
       4
       4
       9
      11
      11
       6
      10
       7
       8
       5
       8
       5
      11
      14
       4
       4
      13
       7
       9
       9
      14
       8
       6
       9
      11
       8
       5
       7
      13
       7
      11
       6
       6
      12
       5
      13
       5
       9
      14
       8
      11
       8
      12
       7
       8
      10
       6
       8
      13
      11
       5
      15
      16
       6
       7
       7
       5
      10
      10
       4
      15
       8
       3
       8
       6
       4
      12
       4
       9
       6
       8
       5
      10
      11
       3
      14
       3
       6
       3
      13
       4
       9
       4
       5
       6
       3
       7
      10
       7
       8
       7
       6
      10
       7
       9
       5
       9
       7
       6
       7
      15
      10
       6
       6
       3
       6
       5
       7
       7
       8
       6
       4
       7
       4
       6
      11
      15
       5
      13
      12
       8
      11
       6
       4
       7
       5
       5
       8
      10
       6
       6
       7
      14
      10
      10
       2
       9
       7
      10
       8
       6
      10
       9
       6
       5
       7
      12
       8
       9
       6
       9
      11
      12
       7
      11
      10
      10
      14
       7
      14
       8
       9
      10
       8
       8
       8
       7
       8
       4
      14
      14
       8
       5
       9
       9
      12
       7
       6
       8
      13
       2
      10
      16
       8
      11
       7
       8
       8
      10
       3
       8
       9
      15
      10
       9
       5
       6
       8
       5
      10
       9
       8
      10
      18
       9
       9
      11
       4
       7
       9
       9
      10
      11
       7
       8
       5
      10
       5
      13
      10
       8
       8
      14
      10
       6
      18
       8
      16
       6
      12
      10
      10
       8
      11
       8
      12
       8
      11
      12
      12
       6
       9
       7
       8
       3
      11
      11
       8
       5
      12
      11
       6
      11
      14
       3
       6
      11
       9
      16
       8
       6
      11
      12
       6
      12
       8
      11
       6
      10
       6
      10
      11
      15
       7
      14
       8
      11
      11
      12
      13
      13
      12
      19
      10
       7
      11
      10
       4
       8
      10
       9
      12
      11
       9
       5
       7
      12
       7
       7
      12
       5
       7
      10
       9
       8
       9
       6
      13
       8
       8
      11
       7
      15
       4
       8
      11
      12
       5
       5
      13
      11
       6
       8
       8
      10
       7
       6
       6
      11
       6
      10
       8
      12
       6
      11
      12
       8
      15
       8
       7
       7
       7
      14
      12
       5
       3
      14
       9
      10
      15
       8
       5
       9
      14
       9
      13
       7
       8
      10
      12
       7
       7
       8
       8
      10
       6
      12
       3
       7
       5
      11
       9
      12
      10
       7
       7
       9
       8
       7
       6
      15
       6
       7
       4
      17
       9
       8
      10
      13
       7
       5
      11
       6
       9
       5
       9
      15
       9
      11
       7
       8
      10
       9
       5
       4
      10
       2
       6
       8
       9
       7
      13
      11
       8
      11
       9
      12
      12
      11
      17
       4
       6
       9
      13
       3
       8
      10
       6
       5
       9
       9
      12
      10
      13
       4
       5
       8
       6
       7
       8
       6
      11
      14
       7
       6
       9
       5
       0
       0
       0
       0
       0
       0
       0
       0
       0
       0
       0
       0
       0
       0
       0
       0
       0
       0
       0
       0
       0
       0
       0
       0
       0
       0
       0
       0
       0
       0
       0
       0
       0
       0
       0
       0
       0
       0
       0
       0
       0
       0
       0
       0
       0
       0
       0
       0
       0
       0
       0
       0
       0
       0
       0
       0
       0
       0
       0
       0
       0
       0
       0
       0
       0
       0
       0
       0
       0
       0
       0
       0
       0
       0
       0
       0
       0
       0
       0
       0
       0
       0
       0
       0
$ROI:
1
712 830
$PRESETS:
Live Time
120
0
$ENER_FIT:
-23.656767 2.297974
$MCA_CAL:
3
-2.365677E+001 2.297974E+000 2.836717E-005 keV
$SHAPE_CAL:
3
0.000000E+000 0.000000E+000 0.000000E+000
