$SPEC_ID:
Sample027
$SPEC_REM:
DET# 1
DETDESC# DESKTOP-I499GD2 Easy-MCA-2k SN 18191655
AP# Maestro Version 7.01
$DATE_MEA:
03/01/2024 10:50:44
$MEAS_TIM:
120 120
$DATA:
0 2047
       0
       0
       0
       0
       0
       0
       0
       3
     103
      59
      61
      57
      69
      57
      69
      68
      67
      61
      90
      78
      70
      58
      82
      65
      68
      91
      74
      87
     117
     141
     125
     120
     134
     169
     167
     111
      90
      95
     124
      97
     105
     110
     152
     151
     149
     172
     163
     191
     202
     207
     221
     249
     250
     285
     278
     263
     240
     254
     234
     285
     273
     393
     431
     579
     648
     583
     567
     461
     325
     291
     209
     228
     206
     208
     212
     204
     204
     182
     219
     205
     208
     216
     212
     218
     183
     196
     216
     198
     202
     197
     223
     210
     197
     219
     193
     208
     198
     177
     196
     194
     179
     162
     168
     173
     166
     185
     175
     167
     176
     172
     150
     159
     156
     149
     152
     152
     136
     141
     172
     161
     132
     154
     124
     131
     146
     132
     121
     120
     124
     139
     111
     128
     103
      87
     136
     104
     132
     115
     134
     125
     107
     108
     116
      95
      89
     131
     109
     106
     100
      89
     120
      95
      96
      94
     102
      83
      90
      84
      94
     101
     100
      78
      78
      90
      81
      75
      87
      97
      66
      68
      80
      75
      69
      61
      81
      77
      73
      67
      78
      73
      57
      57
      60
      63
      70
      61
      67
      66
      57
      54
      56
      65
      68
      54
      71
      58
      60
      64
      60
      61
      65
      49
      45
      52
      67
      59
      62
      65
      65
      77
      48
      68
      68
      71
      71
      69
      75
      64
      84
     112
     102
     116
     108
     132
     122
     135
     138
     112
     128
     137
     124
     122
     146
     134
     120
      94
     110
      99
      97
      70
      60
      74
      58
      51
      45
      42
      52
      58
      47
      38
      44
      38
      44
      49
      37
      39
      55
      39
      54
      49
      37
      48
      48
      40
      43
      43
      53
      39
      40
      46
      30
      42
      39
      49
      48
      41
      40
      44
      40
      49
      36
      41
      28
      37
      35
      30
      39
      37
      41
      38
      39
      39
      44
      36
      42
      35
      40
      26
      30
      42
      33
      37
      33
      41
      37
      32
      38
      27
      31
      32
      34
      28
      40
      26
      26
      24
      32
      36
      33
      28
      27
      30
      31
      35
      41
      39
      46
      31
      30
      32
      33
      44
      39
      25
      25
      38
      36
      35
      25
      36
      31
      38
      25
      34
      38
      40
      26
      29
      25
      26
      38
      33
      42
      38
      40
      34
      41
      36
      30
      23
      28
      28
      44
      35
      26
      34
      31
      29
      35
      38
      34
      29
      31
      25
      30
      29
      37
      23
      26
      31
      27
      26
      32
      31
      30
      32
      32
      26
      33
      34
      18
      37
      25
      20
      38
      23
      28
      32
      27
      31
      21
      27
      21
      23
      25
      22
      25
      36
      31
      20
      19
      27
      21
      20
      31
      22
      22
      21
      18
      32
      30
      18
      27
      27
      19
      27
      30
      22
      29
      21
      28
      20
      23
      20
      28
      36
      30
      19
      23
      28
      27
      22
      19
      21
      22
      20
      22
      28
      23
      21
      35
      18
      18
      21
      28
      15
      20
      24
      17
      20
      24
      18
      20
      19
      28
      28
      28
      31
      20
      18
      19
      33
      25
      27
      24
      28
      27
      33
      28
      39
      36
      36
      33
      28
      23
      33
      38
      27
      20
      31
      23
      33
      29
      28
      32
      20
      31
      24
      19
      22
      32
      30
      18
      29
      22
      29
      16
      18
      26
      23
      28
      19
      20
      19
      22
      24
      13
      21
      23
      18
      22
      23
      27
      25
      29
      27
      17
      25
      14
      28
      19
      19
      25
      25
      18
      28
      22
      22
      16
      11
      26
      25
      28
      23
      29
      18
      21
      23
      25
      23
      33
      20
      29
      24
      26
      26
      19
      33
      24
      27
      23
      22
      22
      29
      26
      22
      22
      28
      23
      27
      23
      18
      19
      25
      18
      19
      14
      19
      20
      23
      33
      28
      11
      26
      16
      23
      22
      23
      20
      18
      13
      19
      22
      19
      18
      23
      18
      14
      17
      23
      26
      19
      23
      20
      18
      19
      21
      26
      28
      29
      13
      14
      19
      29
      39
      21
      24
      21
      31
      19
      26
      27
      23
      24
      26
      21
      26
      26
      28
      29
      31
      21
      22
      20
      22
      34
      22
      33
      23
      30
      26
      24
      26
      24
      25
      19
      25
      29
      31
      29
      28
      23
      19
      21
      22
      21
      21
      20
      21
      18
      16
      22
      18
      21
      18
      16
      14
      12
      17
      27
      13
      16
      11
      18
      10
      14
      10
      12
      10
      19
      16
      16
      15
      11
      11
      12
      13
      13
      12
      15
       8
      14
      11
       6
      13
       9
       6
      12
      15
      14
      10
       9
       8
      11
       6
      10
      11
      10
       9
      10
      10
       9
      13
       3
      12
       5
      13
      10
      10
      11
      11
       8
       7
       8
       4
       7
       8
       7
       5
       8
      10
      14
      18
      13
      22
      20
      13
      23
      19
      18
      27
      25
      37
      37
      33
      37
      42
      47
      54
      46
      50
      49
      56
      58
      59
      58
      66
      61
      77
      66
      76
      83
      59
      72
      78
      84
      62
      80
      78
      62
      59
      67
      62
      53
      43
      52
      35
      41
      52
      36
      34
      30
      28
      51
      38
      24
      28
      17
      18
      18
      21
      15
      17
      20
      13
      14
      11
      10
      12
       7
       9
       9
       9
      13
       8
      10
       6
      13
       9
       7
      14
       7
       5
       8
      10
       5
       8
       6
       8
       4
       6
       2
       6
      11
       5
       9
       9
       5
       7
       3
       7
       5
       3
       4
       4
       9
       6
       3
       5
       6
      11
       6
       4
       7
       6
       5
       1
       4
       6
      13
       8
       7
       6
       8
       7
       4
       6
       4
       8
       8
       6
       6
       3
       8
       2
       9
       4
      11
       4
       4
       3
       4
       3
       7
       9
       8
       4
       5
       7
       5
       3
       8
       5
       3
       6
       4
       2
       4
       6
       6
       7
       9
       7
       3
       4
       6
       3
       7
       6
       7
       6
       9
       5
       5
       5
       6
       7
       9
       7
       4
       5
       4
       2
       7
       4
      12
       8
       8
       5
       5
       4
       8
       6
       2
       4
       5
       6
       5
       1
       6
       4
       5
       6
       2
      10
       1
       9
       7
       5
       6
      10
       9
       2
       3
       4
       4
       5
      10
       3
       4
       2
       4
       8
       8
       7
       8
       1
       5
       0
       4
       5
       1
       4
       6
       7
       4
       6
       3
       4
       5
       9
       8
       8
       5
       7
       1
       4
       8
       8
       6
       7
       6
       7
       9
       5
       8
       5
       5
       3
      12
       6
       4
       8
       4
       3
       9
      14
       4
       5
       1
       3
       3
       3
       4
       6
       7
       8
       4
       3
       8
       5
       5
       4
       7
       3
       5
       4
       5
       3
       3
       5
       5
       3
       9
       3
       4
       4
       7
       6
      12
       4
       7
       7
       3
       4
       5
       3
       7
       4
       3
       6
       3
       5
       8
       2
       2
       3
       6
       3
       2
       6
       6
       2
       6
       5
       6
       2
       5
       2
       3
       4
       3
       4
       9
       3
       2
       3
       5
       2
       5
       5
       1
       3
       3
      10
       3
       4
      13
       3
       4
       3
       7
       2
       7
       6
       2
       5
       5
       8
       7
       6
       6
      11
       4
       4
       6
       2
       5
       4
       4
       3
       6
       7
       5
       9
       2
       3
       3
       7
       9
       5
       6
       8
       4
       2
       6
       1
       7
       1
       6
      10
       5
       3
       5
       5
       4
       8
       5
       6
       3
       4
       2
       5
       5
       3
       3
       3
       4
       6
       1
       8
       6
       2
       4
       2
       4
       6
       6
       4
       3
       4
       3
       3
       4
       5
       5
       7
       2
       5
       6
       1
       4
       4
       4
       6
       1
       4
       7
       9
       4
       7
       7
       6
       4
       6
       4
       9
       5
       2
       7
       2
       4
       5
       5
       7
       1
      10
       2
       7
       6
       4
       5
       8
       7
       2
       4
       6
       6
       6
       6
      12
       3
       8
       5
       7
       7
      10
       5
       5
       5
       2
       4
       4
       5
       7
       7
       1
       7
       6
       2
       3
       5
       7
       5
       6
       3
       8
       3
       9
       6
       6
       4
       1
       4
       6
       2
       6
       6
       6
       4
       3
       2
       5
       6
       3
       0
       2
       9
       2
       3
       3
       4
       2
       4
       3
       6
       6
       3
       2
       4
       4
       0
       2
       6
       3
       2
       7
       2
       2
       8
       4
       4
       0
       5
       6
       4
       3
       1
       2
       6
       6
       6
       3
       7
       6
       7
       7
       5
       2
       4
       5
       5
       8
       5
       9
       7
       2
       8
       5
       6
       5
       4
       5
       2
       9
       5
       5
       3
       1
       7
       5
       2
       5
       2
       4
       3
       6
       6
       0
       2
       2
       3
       3
       5
       2
       4
       8
       5
       1
       6
       1
       2
       8
       6
       2
       5
       4
       6
       4
       4
       2
       4
       0
       4
       4
       2
       3
       3
       4
       3
       4
       4
       9
       4
       4
       3
       6
       3
       2
       3
       3
       4
       4
       8
       8
       4
       3
       4
       4
       5
       2
       4
       6
       4
       2
       5
       3
       7
       2
       1
       5
       5
       2
       2
       5
       3
       2
       3
       3
       2
       3
       4
       4
       0
       3
       2
       2
       5
       5
       5
       2
       3
       4
      10
       3
       3
       3
       6
       4
       3
       6
       3
       9
       6
       5
       8
       5
       3
       6
       6
       4
       4
       2
       2
       3
       3
       5
       4
       4
       3
       2
       3
       2
       4
       7
       5
       6
       3
       2
       3
       6
       6
       3
       4
       3
       4
       5
       6
       8
       3
       3
       3
       5
       3
       5
       1
       7
       4
       5
       3
       4
       6
       5
       5
       1
       4
       5
      10
       1
       7
       6
       4
       5
       4
       6
       6
       9
       3
       5
       4
       3
       6
       5
       4
       4
       6
       4
       5
       2
       7
       7
       4
       3
       6
       6
       5
       6
       4
       4
       5
       6
       5
       6
       3
       0
       6
       2
       4
       3
       4
       3
       5
       1
       4
       8
       3
       5
       5
       7
       6
       3
       5
       3
       5
       7
       1
       5
       6
       3
       6
       7
       4
       3
       3
       8
       7
       6
       3
       4
       4
       3
       5
       6
       4
       6
       4
       5
       4
       0
       6
       3
       5
       5
       3
      11
       5
       7
       4
       5
       4
       3
       4
       3
       3
       6
       5
       7
       7
       4
       5
       5
       6
       2
       5
       7
       6
       2
       2
       6
       8
       3
       2
       8
       8
       4
       3
       4
       2
       2
       2
       3
       4
       9
       1
       3
       5
       5
       2
       2
       6
       4
       5
       2
       6
       2
       2
       3
       5
       3
       3
       4
       2
       7
       5
       4
       6
       4
       3
       4
       6
       2
       1
       6
       7
       2
       6
       9
       8
       6
       2
       4
       4
       4
       7
       8
       4
       1
       8
       5
       3
       3
       9
       5
       4
       7
       4
       3
       7
       5
       3
       5
       7
       4
       1
       5
       4
       1
       2
       1
       2
       4
       6
       7
       5
       4
       4
       7
       5
       4
       9
       9
       6
       4
       6
       7
       3
       5
       7
       7
       4
       5
       7
       4
       4
       4
       6
       6
       4
       3
       3
       3
       7
       8
       2
       2
       4
       5
       6
       4
       4
       6
       4
       5
      11
       4
       6
       4
       7
       5
       6
       3
       3
       9
       3
       6
       6
       5
       3
       5
       2
       7
      11
       2
       4
       4
       4
       9
       3
       4
       4
       7
       5
       5
       7
       9
       5
       7
       4
       0
       3
       4
       4
       2
       4
       6
       9
       1
       5
      10
       7
       2
       3
       3
       7
       7
       6
       2
       5
       9
       6
       4
       5
       4
       6
       8
       6
       5
       5
       9
       6
       1
       6
       4
       8
       3
       4
       3
       5
       6
       6
       4
       4
       3
       4
       3
       4
       5
       8
       4
       3
      10
       4
       5
       8
       2
       2
       1
       3
       5
       2
       8
       5
       8
       5
       9
      11
       3
       8
       6
       3
       4
       6
       9
       4
       3
       5
       8
       6
       9
       7
       3
       3
       6
       4
       4
       2
       7
       2
       6
       5
       4
       5
       5
       2
       7
       8
       3
       4
       3
       4
       7
       5
       4
       7
       2
       6
       6
       5
       3
       3
       9
       2
       2
       5
       7
       3
      10
       3
       1
       6
       3
       4
       2
       4
       4
       2
       2
       4
       5
       6
       9
       6
       3
       6
       3
       5
       4
       4
       6
       4
       6
       5
       4
       7
       6
       8
       6
       4
       3
       3
       0
      10
       5
       8
       5
       3
       6
       0
       3
       7
       4
       7
       2
       2
       6
       8
       6
       4
       5
       5
       2
       4
       5
       5
       8
       3
       3
       8
       5
       3
       7
       6
       9
       3
       4
       5
       8
       5
       2
       5
       8
       2
       2
       4
       3
       4
       6
       3
       2
       1
       2
       5
       5
       3
       7
       4
       2
       1
       9
       7
       6
       4
       5
       4
       5
       5
       6
       3
       5
       4
       4
       1
       3
       5
       1
       0
       0
       0
       0
       0
       0
       0
       0
       0
       0
       0
       0
       0
       0
       0
       0
       0
       0
       0
       0
       0
       0
       0
       0
       0
       0
       0
       0
       0
       0
       0
       0
       0
       0
       0
       0
       0
       0
       0
       0
       0
       0
       0
       0
       0
       0
       0
       0
       0
       0
       0
       0
       0
       0
       0
       0
       0
       0
       0
       0
       0
       0
       0
       0
       0
       0
       0
       0
       0
       0
       0
       0
       0
       0
       0
       0
       0
       0
       0
       0
       0
       0
       0
$ROI:
1
712 830
$PRESETS:
Live Time
120
0
$ENER_FIT:
-23.656767 2.297974
$MCA_CAL:
3
-2.365677E+001 2.297974E+000 2.836717E-005 keV
$SHAPE_CAL:
3
0.000000E+000 0.000000E+000 0.000000E+000
