$SPEC_ID:
Sample023
$SPEC_REM:
DET# 1
DETDESC# DESKTOP-I499GD2 Easy-MCA-2k SN 18191655
AP# Maestro Version 7.01
$DATE_MEA:
03/01/2024 10:42:42
$MEAS_TIM:
120 120
$DATA:
0 2047
       0
       0
       0
       0
       0
       0
       2
       0
     106
      53
      65
      70
      64
      58
      80
      71
      74
      75
      77
      56
      66
      72
      77
      75
      78
      96
      80
      82
      96
     122
     134
     123
     158
     155
     139
     115
     100
      95
     109
     104
     140
     137
     145
     142
     153
     163
     174
     193
     189
     230
     238
     262
     304
     292
     286
     307
     276
     250
     279
     307
     320
     403
     480
     578
     674
     663
     552
     479
     372
     260
     251
     237
     226
     230
     218
     216
     221
     217
     206
     205
     203
     258
     224
     224
     235
     213
     231
     205
     237
     232
     233
     219
     231
     227
     219
     192
     182
     178
     187
     170
     186
     167
     195
     158
     174
     184
     191
     197
     168
     172
     145
     179
     171
     157
     159
     143
     157
     170
     148
     138
     159
     138
     133
     136
     134
     136
     115
     112
     119
     115
     118
     119
     138
     126
     141
     111
     115
     113
     105
     128
     117
     134
     107
     111
      97
     118
     104
     111
      97
     105
      86
     105
      88
     113
     101
     102
      87
     102
      84
      99
      83
      82
      89
      97
      80
     102
      78
      79
      67
      71
      91
      67
      70
      76
      72
      74
      82
      80
      75
      72
      81
      81
      78
      71
      77
      65
      79
      64
      64
      83
      68
      58
      63
      76
      48
      50
      64
      57
      63
      64
      78
      69
      53
      90
      70
      48
      55
      55
      59
      59
      68
      61
      55
      87
      78
      80
      81
      88
      94
     109
     101
     134
     102
     105
     141
     109
     137
     164
     138
     133
     161
     143
     117
     124
     119
     103
     105
     103
      94
      87
      85
      78
      67
      47
      61
      57
      51
      40
      55
      38
      45
      45
      38
      30
      42
      38
      42
      36
      32
      41
      54
      55
      37
      29
      30
      47
      43
      33
      31
      54
      32
      39
      44
      38
      37
      57
      46
      45
      43
      37
      52
      45
      34
      49
      38
      41
      37
      30
      40
      36
      37
      44
      31
      27
      44
      45
      35
      26
      32
      31
      29
      37
      39
      29
      38
      37
      39
      31
      33
      35
      24
      36
      34
      33
      30
      37
      47
      34
      37
      39
      31
      33
      34
      42
      35
      34
      40
      30
      42
      36
      36
      46
      39
      35
      36
      26
      30
      22
      33
      38
      31
      30
      45
      41
      37
      25
      37
      31
      29
      38
      35
      38
      36
      38
      50
      39
      35
      28
      46
      30
      33
      38
      36
      35
      34
      32
      24
      23
      33
      25
      30
      34
      32
      35
      28
      26
      32
      26
      29
      28
      31
      29
      35
      23
      32
      33
      30
      25
      25
      27
      35
      22
      31
      29
      34
      23
      21
      23
      43
      24
      24
      27
      28
      22
      34
      25
      18
      27
      32
      31
      29
      19
      20
      23
      21
      27
      22
      28
      21
      28
      26
      26
      29
      26
      28
      20
      33
      38
      28
      18
      28
      29
      28
      21
      29
      15
      28
      29
      22
      21
      21
      30
      20
      17
      28
      20
      15
      22
      33
      22
      24
      25
      23
      22
      19
      30
      19
      19
      26
      28
      22
      22
      35
      30
      27
      21
      18
      32
      22
      27
      16
      32
      20
      29
      33
      32
      22
      35
      42
      37
      31
      31
      28
      30
      28
      29
      43
      43
      44
      37
      41
      35
      29
      35
      36
      30
      24
      36
      31
      32
      18
      32
      28
      18
      30
      11
      23
      22
      27
      24
      27
      20
      29
      25
      29
      24
      16
      22
      20
      26
      20
      25
      29
      27
      23
      21
      19
      37
      21
      25
      23
      26
      16
      20
      27
      43
      19
      29
      19
      25
      28
      16
      22
      24
      27
      32
      28
      32
      23
      23
      27
      32
      31
      17
      30
      28
      26
      35
      24
      31
      28
      30
      26
      30
      21
      18
      22
      17
      18
      22
      23
      23
      27
      21
      28
      14
      18
      18
      16
      21
      23
      27
      20
      21
      20
      29
      30
      27
      26
      19
      26
      29
      22
      34
      14
      13
      26
      24
      21
      28
      27
      37
      28
      24
      22
      24
      25
      24
      24
      19
      24
      29
      23
      19
      24
      22
      20
      23
      24
      25
      27
      24
      24
      23
      34
      21
      35
      25
      23
      30
      27
      37
      23
      24
      29
      21
      23
      24
      33
      29
      25
      32
      20
      30
      21
      22
      22
      25
      20
      21
      24
      33
      23
      19
      20
      28
      22
      21
      25
      21
      26
      18
      17
      14
      19
      20
      13
      15
      16
      13
       9
      17
      12
      17
      14
       7
      10
      17
      17
       5
      11
      12
      12
      15
       8
       9
      13
       7
      11
      12
      12
      13
       8
       9
      16
      12
      11
      11
      12
      16
       9
       9
      18
      16
      14
       6
      10
       8
       4
       9
      12
       8
       7
      12
       8
      10
      21
       9
       5
      13
       8
       4
      13
      13
      13
      10
       9
      13
      13
      23
      19
      17
      16
      16
      16
      26
      19
      23
      22
      23
      39
      25
      27
      25
      35
      33
      50
      51
      58
      48
      62
      68
      73
      60
      47
      70
      64
      83
      62
      66
      83
      95
      76
      87
      57
      75
      66
      75
      68
      75
      70
      48
      71
      67
      52
      62
      54
      53
      60
      41
      48
      36
      33
      32
      36
      29
      21
      29
      22
      24
      18
      24
      25
       9
      19
      15
       8
      11
      17
      10
       6
       5
       9
      11
      14
      11
       8
       6
       6
       5
      11
       8
       2
       6
       6
       6
       8
      11
       2
       2
       6
       6
       6
       4
       7
       3
       6
       5
       5
       9
       5
       9
       5
       5
      12
       7
       8
       4
       7
       6
       5
       8
       8
      10
       5
       6
      10
       3
      10
       6
       5
       3
       3
       9
       4
       5
       5
       4
       9
       7
       5
       7
       6
       5
       6
       4
       8
       3
       6
       8
       6
       5
       5
      11
       9
       5
       8
       2
       3
       1
       8
       9
       7
      11
       5
      11
       5
      11
       8
      12
       7
       5
       5
       5
       3
       4
       6
      11
       6
      10
       6
       9
       5
       3
       8
       5
      11
       5
      11
       8
       8
       8
       4
       4
       4
       5
      10
       6
       6
       7
       7
       6
       4
       5
       5
       1
       4
       4
       3
       9
       7
       3
       4
       5
       6
       2
       6
       6
       7
       4
       6
       4
       7
       7
      10
       2
       3
       3
       8
      13
       5
       4
       8
      11
       7
       5
       7
       9
       7
      13
       4
       4
       6
       5
       4
       4
      10
       6
       6
       8
       6
       2
       3
       7
       7
       4
       7
       9
      11
      10
       9
       9
       6
      14
       4
       9
       3
       2
       6
       7
       6
       8
      10
       7
       6
       3
       6
       5
       6
       5
       2
       5
       5
       7
       4
       6
       5
       7
       6
       5
       9
       5
       6
       3
       7
       5
       6
       2
       5
       7
       8
       2
       8
       6
       6
      10
       9
       3
       5
       2
       6
       6
       5
       2
       6
       3
       4
       2
       5
       5
       3
       5
       4
       8
       7
       4
       3
       3
       8
       5
       3
       7
       6
       9
       7
       6
       8
       6
       4
       6
       2
       4
       3
       2
       5
       9
       5
       4
       2
       4
       3
       6
       2
       7
       3
       4
       3
       6
       5
       5
      13
       4
      12
       6
       7
       2
       7
       7
       4
       2
       3
       0
       6
       3
       6
       5
       8
       8
       2
       7
      11
      11
       4
       4
      12
       3
       6
       9
       7
       4
       4
       3
       5
       7
       5
       3
       8
       6
       8
       5
       2
       9
       6
       5
      10
       0
       2
       4
       8
       5
       5
       6
       2
       5
       7
       5
       3
       6
       3
       5
       4
       7
       4
       6
       3
       9
       1
       3
       3
       4
       5
       7
       3
       6
       6
       4
       2
       4
       6
       8
       1
       2
       3
       3
       5
       4
      11
       4
       5
       8
       4
       7
       2
       5
       6
      10
       3
      16
       3
       3
       5
       3
       7
       6
       5
       4
       8
       8
       7
       5
       5
       2
       7
       5
       2
       6
      13
       2
       6
       5
       4
       4
       2
       9
       7
       7
       6
       3
       6
      11
      11
       6
       4
       5
       8
      11
       0
       6
       6
       7
       4
       9
       9
       8
       4
       8
       2
       8
       3
       5
      12
       6
       6
       7
       7
       5
       7
       3
       7
       6
       6
       6
       5
       6
       3
       5
       2
       2
       3
       5
       5
       2
       3
       1
       1
       3
       5
       3
       3
       4
       3
       6
       8
       2
       0
       3
       7
       6
       3
       4
       2
       4
       6
       4
       5
       6
       5
       5
       2
       4
       7
       7
       7
       6
       5
       5
       2
       4
       0
       2
       1
       6
       4
       7
       4
       3
       2
       6
       4
       2
       4
       4
       5
       6
       5
       4
       7
       4
       8
       6
       4
       3
       3
       6
       4
       1
       5
       3
       5
       1
       6
       7
       2
       4
       4
       5
       3
       4
       0
       3
       5
       4
       4
       5
       4
       9
       5
       4
       7
       4
       1
       3
       6
       7
       4
       3
       4
       1
       9
       4
       5
       6
       3
       4
       3
       6
       3
       3
       4
       2
       6
       9
       2
       3
       7
       5
       9
       4
       9
       0
       6
       2
       6
       3
       9
       3
       3
       3
       4
       3
       4
       3
       6
       4
       6
       5
       4
       5
      10
       3
       6
       7
       7
       2
       1
       4
       3
       5
       4
       7
       5
       3
       8
       5
       3
       1
       5
       7
       8
       5
       4
       6
       6
       8
       3
       2
       3
       5
       6
       4
       6
       5
       7
       2
       8
       4
       2
       5
       3
       0
       0
       4
       4
       2
       4
       2
       4
       6
       3
       5
       3
       3
       4
       4
       3
       4
       4
       7
       3
       3
       4
       8
       5
       5
       3
       3
       5
       3
       5
       5
       5
       8
       5
       7
       7
       6
       3
       4
       5
       5
       6
       4
       4
       4
       3
       3
       7
       5
       7
       4
       4
       3
       6
       6
       5
       5
       2
       7
       2
       6
       5
       3
       7
       3
       5
       4
       5
       6
       3
       1
       7
       5
       8
       7
       7
       1
       7
       5
       2
       5
       5
       4
       3
       8
       6
       7
       5
       5
       6
       0
       5
       5
       2
       3
       5
       3
       5
       5
       9
       4
       5
       4
       3
       3
       6
       6
       3
       4
       5
       4
       5
       3
       6
       5
       5
       5
       5
       0
       8
       9
       5
       2
       5
       5
       9
       5
       2
       6
       2
       5
       7
       9
       5
       9
       3
       8
       9
       2
       4
       6
       3
       6
       7
       7
       3
      10
       2
       6
       6
       6
       7
       7
       7
       3
       4
       1
       7
       8
       7
       5
       6
       8
       6
       6
       6
       6
       7
       6
       6
       7
       5
       4
       4
       4
       5
       8
       5
       3
       5
       7
       3
       7
       1
       5
       4
       3
       6
       3
       8
       3
       7
       4
       7
       4
       3
       4
       2
       5
       8
       5
       5
       3
       8
       7
       5
       5
       7
       2
       8
       4
       7
       5
       4
       6
       6
       1
       7
       2
       1
       4
       3
       7
       3
       4
       4
       6
       4
       7
       2
       6
       3
       3
       6
       4
      10
       5
       4
       3
       3
       7
       5
       8
       7
       3
       9
       6
       3
       9
       6
       5
       7
      10
       2
       4
       5
       5
       7
       7
       4
       5
       4
       2
       3
       3
       4
       6
       3
       7
       4
       1
       3
       3
       1
       5
       9
       8
       9
       2
       2
       6
       9
       7
       8
       7
       1
       3
       6
       6
       5
       8
       9
       1
       7
       8
       7
       4
       8
       7
       2
       6
       5
       6
      10
       5
       7
       6
       4
       6
       7
       8
       8
       4
       8
       6
       4
       5
       2
       3
       5
       5
       8
       6
       5
       6
       8
       4
      11
       3
       4
       5
      11
       6
       4
       3
       9
       7
       6
       2
       7
       5
       4
       2
       7
       5
       6
       3
       5
       5
       4
       7
       8
       6
       6
       7
       4
       8
       6
       4
       6
       8
       6
       5
       5
       8
       5
      10
       6
       5
       8
       9
       3
       5
       7
       5
       6
       2
       4
       6
       4
       1
       4
       8
       4
       3
       6
       7
       5
       5
       5
       2
       1
      11
       4
       6
       2
       4
       2
       7
       3
       6
       8
       9
       2
       6
       8
       4
       3
       6
       6
       5
       3
       5
       4
       7
       5
       6
       3
       4
       5
       5
       4
       5
       4
       3
       8
       3
       6
       6
       6
       7
       7
       4
       7
       3
       4
      10
       3
       3
       7
       4
       5
       5
       7
       1
       3
       6
       7
       6
       3
      10
       6
       5
       4
       4
       9
       7
       4
       4
       5
       7
       9
      11
       7
       9
       8
       4
       7
       5
       5
       3
       2
       4
       1
       5
       4
       8
       6
       3
       5
       5
       9
       2
       3
       7
       5
       3
       7
      13
       2
       7
       4
       7
       9
       6
       8
       6
       2
       8
       0
       4
       5
       5
       1
       3
       3
      10
       4
       4
       4
       8
       7
       7
       5
       3
       5
       5
       6
       3
       9
       9
       3
       7
       5
       6
      11
       6
       4
       6
       5
       6
       7
       2
       5
       4
       1
       0
       0
       0
       0
       0
       0
       0
       0
       0
       0
       0
       0
       0
       0
       0
       0
       0
       0
       0
       0
       0
       0
       0
       0
       0
       0
       0
       0
       0
       0
       0
       0
       0
       0
       0
       0
       0
       0
       0
       0
       0
       0
       0
       0
       0
       0
       0
       0
       0
       0
       0
       0
       0
       0
       0
       0
       0
       0
       0
       0
       0
       0
       0
       0
       0
       0
       0
       0
       0
       0
       0
       0
       0
       0
       0
       0
       0
       0
       0
       0
       0
       0
       0
$ROI:
1
712 830
$PRESETS:
Live Time
120
0
$ENER_FIT:
-23.656767 2.297974
$MCA_CAL:
3
-2.365677E+001 2.297974E+000 2.836717E-005 keV
$SHAPE_CAL:
3
0.000000E+000 0.000000E+000 0.000000E+000
