$SPEC_ID:
Sample010
$SPEC_REM:
DET# 1
DETDESC# DESKTOP-I499GD2 Easy-MCA-2k SN 18191655
AP# Maestro Version 7.01
$DATE_MEA:
03/01/2024 10:16:30
$MEAS_TIM:
120 121
$DATA:
0 2047
       0
       0
       0
       0
       1
       1
       5
      13
     465
     161
     153
     175
     150
     171
     176
     186
     195
     178
     175
     176
     195
     190
     191
     165
     192
     179
     208
     211
     223
     236
     262
     270
     282
     318
     293
     263
     238
     255
     260
     281
     294
     286
     306
     297
     358
     361
     352
     401
     441
     447
     421
     477
     532
     536
     509
     503
     498
     515
     522
     559
     629
     708
     944
    1044
    1151
    1185
    1034
     859
     696
     528
     522
     442
     420
     478
     465
     434
     426
     445
     409
     454
     427
     453
     418
     454
     433
     439
     421
     439
     428
     444
     426
     411
     395
     466
     422
     415
     407
     394
     382
     433
     388
     404
     395
     377
     379
     407
     384
     368
     353
     351
     359
     328
     374
     356
     344
     411
     369
     346
     330
     365
     349
     375
     314
     327
     346
     333
     324
     314
     294
     307
     310
     303
     280
     319
     325
     294
     283
     268
     246
     268
     271
     250
     250
     306
     272
     272
     279
     254
     279
     257
     238
     232
     234
     239
     228
     273
     242
     200
     205
     226
     219
     199
     204
     211
     215
     203
     224
     208
     195
     191
     206
     202
     176
     211
     190
     219
     195
     185
     170
     179
     194
     191
     182
     172
     174
     190
     178
     165
     202
     197
     176
     171
     162
     180
     159
     160
     180
     164
     168
     177
     153
     165
     159
     196
     142
     179
     159
     198
     169
     176
     164
     178
     175
     169
     201
     194
     223
     218
     252
     253
     282
     301
     296
     374
     413
     367
     397
     389
     396
     450
     454
     415
     404
     403
     359
     344
     330
     286
     251
     263
     226
     212
     183
     172
     148
     136
     159
     127
     118
     134
     113
     102
     106
     105
     120
     116
     102
      98
     105
     107
     124
     132
     106
     116
     104
      98
      95
     118
     111
     106
      87
     107
     127
     112
      98
     104
     115
      92
      91
     105
      97
     108
     116
     108
      92
      93
     113
      79
     104
     112
     109
     113
     102
      95
      95
      83
      89
     112
      89
      97
     115
      87
     109
     104
     107
     105
      91
      99
      99
      99
     108
      99
     111
     111
     103
      96
     104
     101
      79
      91
      98
     103
      92
      94
      89
      96
      77
      94
     102
     102
      96
      86
      88
      92
      99
     102
     102
      99
      83
      88
      77
      93
      91
      96
     100
      97
      82
      94
      89
      86
      84
      72
      90
      85
      68
      88
      89
      81
      83
      87
      81
      67
      84
      88
      92
      83
      84
      85
     100
      85
      82
      70
      89
      73
      93
      79
      77
      84
      87
      88
      80
      73
      83
      70
      81
      78
      62
      75
      62
      81
      68
      80
      92
      70
      75
      76
      77
      88
      78
      73
      64
      82
      74
      64
      78
      62
      58
      75
      65
      69
      82
      68
      75
      88
      73
      82
      84
      71
      74
      69
      77
      66
      63
      65
      83
      61
      55
      65
      68
      73
      70
      73
      75
      69
      74
      77
      66
      71
      64
      67
      79
      64
      49
      70
      56
      80
      88
      57
      68
      87
      87
      68
      61
      76
      63
      79
      69
      55
     103
      72
      59
      73
      89
      63
      77
      75
      64
      61
      81
      86
      67
      69
      74
      73
      84
      86
      87
      66
      61
      68
      77
      73
      72
      76
      88
      91
      85
      84
      79
      86
      82
      81
      68
      71
      90
      71
      84
      77
      74
      69
      76
      71
      57
      65
      73
      92
      59
      47
      72
      67
      71
      76
      56
      65
      91
      61
      74
      84
      51
      71
      66
      69
      74
      75
      72
      66
      62
      77
      91
      73
      77
      59
      69
      78
      93
      69
      76
      61
      73
      78
      93
      67
      80
      79
      77
      85
      66
      68
      80
      99
      80
      77
      69
      90
      75
      78
      84
      84
      91
      89
      81
      81
      97
      70
     104
      87
      97
      73
      88
      80
      63
      78
      76
      92
      76
      77
      79
      84
      62
      89
      77
      70
      66
      65
      88
      72
      80
      94
      82
      79
      73
      68
      81
      76
      77
      72
      67
      91
      64
      86
      70
      86
      80
      81
      77
      88
      79
      77
      69
      74
      80
      83
      78
      65
      89
      74
      79
      97
      82
      85
      71
      88
      90
      81
      76
      92
      77
      82
      91
      91
      98
      97
      79
      94
      87
      92
      77
      88
      86
      79
      78
      93
      97
      81
      69
      90
      85
      97
      93
      82
      84
      78
      72
      70
      66
      71
      78
      75
      73
      76
      74
      80
      66
      62
      70
      49
      54
      63
      55
      53
      57
      50
      63
      41
      50
      54
      42
      49
      32
      59
      40
      29
      51
      52
      32
      37
      54
      35
      24
      33
      43
      32
      33
      36
      28
      35
      30
      38
      36
      48
      29
      44
      31
      29
      29
      33
      39
      40
      29
      39
      35
      34
      30
      37
      32
      39
      30
      31
      41
      25
      36
      36
      38
      47
      40
      31
      39
      33
      45
      48
      51
      47
      67
      38
      60
      66
      79
      78
      69
      80
      95
     121
     103
     119
     147
     135
     130
     172
     164
     178
     183
     195
     213
     207
     223
     207
     253
     241
     238
     256
     278
     239
     241
     277
     288
     283
     248
     239
     255
     276
     290
     224
     248
     216
     196
     186
     209
     184
     178
     166
     172
     147
     141
     116
     124
     110
      94
     108
      82
      72
      79
      58
      74
      51
      49
      48
      45
      47
      52
      28
      36
      31
      29
      29
      19
      33
      31
      32
      35
      25
      33
      24
      21
      28
      33
      25
      18
      32
      16
      24
      16
      23
      16
      28
      15
      20
      23
      24
      18
      25
      21
      23
      21
      22
      18
      30
      26
      16
      15
      19
      23
      19
      19
      26
       8
      22
      28
      18
      22
      22
      21
      22
      20
      19
      18
      23
      17
      32
      16
      21
      18
      33
      13
      32
      22
      26
      31
      14
      34
      27
      19
      22
      18
      29
      19
      18
      15
      25
      26
      25
      21
      17
      10
      18
      15
      19
      27
      17
      21
      13
      16
      21
      17
      24
      21
      15
      21
      36
      22
      19
      30
      24
      12
      19
      18
      20
      16
      11
      12
      15
      19
      17
      17
      21
      14
      15
       7
      22
      13
      25
      19
      17
      24
      21
      18
      16
      23
       5
      14
      25
      18
      19
      16
      21
      18
      20
      15
      21
      15
      16
      17
      20
      25
      22
      22
      14
       9
      22
      23
      20
      17
      14
      22
      23
      25
      29
      17
      15
      21
      25
      16
      15
      16
      12
      21
      13
      20
      18
      18
      14
      19
      18
      14
      17
      20
      23
      20
      20
      24
      10
      17
      28
      15
      20
      18
      23
      22
      20
      15
      18
      32
      24
      17
      19
      14
      26
      24
      25
      26
      23
      26
      29
      21
      21
      27
      16
      22
      18
      23
      15
      25
      23
      18
      21
      16
      12
      12
      20
      24
      22
      19
      13
      18
      24
      19
      18
      16
      16
      14
      21
      18
      15
      18
      18
      16
      18
       9
      14
      12
      19
      22
      20
      19
      26
      15
      18
      18
      16
      19
      12
      18
      18
      11
      18
      13
      11
      22
      15
      15
      13
      23
      20
      15
      21
      16
      19
      22
      19
      26
      22
      15
       8
      15
      18
      17
      22
      19
      20
      15
      19
      24
      16
      13
      18
      12
      18
      15
      17
      20
      11
       9
      20
      20
      13
      15
      24
      15
      14
      16
      15
      18
      18
      20
      18
      16
      15
      17
      18
      16
       8
      11
      10
      21
      19
      15
      13
      21
      17
      14
      15
      27
      16
      14
      15
      17
      19
      18
      16
      13
      10
      19
      23
      12
      20
      19
      23
      11
      21
      21
      14
      13
      14
      16
      14
      12
      15
      11
      19
      12
      14
      11
      17
      11
      10
      11
      13
      15
      16
      21
      13
      23
      17
      23
      10
      19
      15
      13
      16
      17
      13
      16
      14
      21
      15
      10
      19
      17
      21
      14
      17
      21
      19
      11
      13
      16
      26
      19
      20
      21
      22
      18
      16
      14
      13
      21
      11
      22
      22
      24
      25
      15
      21
      20
      26
      20
      25
      20
      26
      15
      24
      19
      11
      19
      24
      19
      22
      26
      17
      22
      15
       7
      11
      20
      22
      19
      21
      28
      13
      14
      13
      31
      19
      18
      17
      22
      19
      17
      18
      14
      13
      17
      13
      16
      14
      13
      13
      15
      13
      14
      24
       9
      14
      17
      10
       9
      12
      15
      16
      12
       8
       8
      14
       9
      23
      13
      10
      12
      19
      13
      12
      13
      10
      15
      22
       9
       8
      17
      19
      14
      13
      10
      15
      15
      15
      11
      10
      14
      18
      15
      11
      15
      16
      15
      16
      16
      16
      12
      18
      11
       8
       9
      15
      16
      10
      17
      21
      17
      12
      15
      13
      15
      15
      18
      13
       9
      17
      15
      14
      22
      14
      24
      19
      16
      17
      18
      14
      10
      15
       7
      19
      14
      20
      14
      15
      13
      17
      22
      16
      13
      14
      22
      12
      12
       8
      16
      13
      12
      18
      20
      13
      21
      10
      20
      17
       8
      14
       8
      14
      16
      20
      16
       7
      12
      11
      13
      11
      12
      12
      20
       9
      13
      14
      13
      13
      14
      12
      12
      15
      16
      12
      12
      11
      17
      14
      11
      14
      19
      16
      13
      12
      10
      12
      15
      14
      14
      10
       8
       6
      15
      18
      22
       9
      19
      10
      14
      14
      15
       9
      15
      12
      15
      19
       9
      13
      16
      12
      16
      12
      17
      22
      14
      18
      16
      15
      20
      20
       9
      14
      15
      11
      18
      14
      11
      14
      20
      10
      19
      12
      11
      16
      11
      14
      15
      15
       8
      12
      17
      15
      15
      14
      15
      18
      16
      16
      12
      14
      17
      15
      13
      17
      14
      13
      12
       9
       9
      12
      12
      13
      15
      13
      20
      16
      16
      10
      15
      17
       9
      16
      11
      11
      17
      19
      16
      21
      13
      16
      12
      15
      15
      13
      10
       9
      23
      19
      24
       8
      21
      14
      16
      11
      12
      15
      13
      11
      16
      15
      10
      26
      16
      12
      20
      15
      23
      17
      24
      18
      12
      17
      14
      16
      15
      11
      17
      21
      12
      13
      12
      20
      18
      13
      16
      17
      15
      11
      18
      18
      13
      19
      15
      23
      24
      15
      18
      15
      20
      19
      22
      14
      17
      17
      17
      15
      18
      14
      13
      20
       9
      14
      17
      16
      13
      18
      17
      15
      17
      23
      18
      21
      21
      18
      13
       8
      11
      21
      17
      15
      24
      20
      23
      22
      21
      15
      15
      19
      17
      18
      17
      13
      14
      23
      21
      20
      14
      23
      11
      18
      22
      21
      11
      20
      12
      19
       9
      13
      17
      11
      14
      16
      15
      20
      15
      14
      14
      14
      11
      19
      11
      11
      13
       9
      14
      16
      10
      13
      16
      16
      12
      26
      13
      15
      10
      14
      10
      11
      23
      21
      14
      20
      21
      14
      14
      16
      17
      14
      15
      13
      22
      14
      18
      13
      13
      19
      19
      13
      12
      12
      23
      11
      15
      25
      11
      23
      20
      22
      19
      21
      12
      14
      12
      18
      25
      20
      12
      26
      12
      24
      11
      24
      26
      20
      19
      16
      21
      15
      26
      20
      22
      19
      23
      19
      20
      16
      20
      24
      25
      11
      13
      16
      20
      19
      23
      20
      17
      18
      15
      14
      19
      14
      14
      29
      22
      18
      16
      21
      13
      16
      24
       9
      20
      15
      20
      13
      21
      25
       7
      18
      19
      26
      14
      15
      21
      17
      17
      16
      18
      19
      17
      17
      20
      11
      14
      22
      21
      17
      26
      16
      24
      23
      18
      17
      18
      15
      24
      22
      17
      19
      14
      23
      20
      15
      18
      14
      17
      20
      14
      18
      23
      20
      14
      17
      22
      22
      18
      17
      19
      16
      15
      15
      16
      17
      25
      23
      15
      30
      18
      18
      14
      18
      22
      21
      22
      14
      18
      24
      22
      23
      16
      11
      16
      17
      16
      12
      21
      15
      13
      13
      21
      20
       7
      19
      20
      15
      23
      19
      13
      20
      21
      17
      14
      12
      21
      21
      11
      17
      15
      18
      20
      15
      13
      17
      16
      21
      19
      14
      15
      15
      15
      21
      23
      17
      17
      18
      17
      14
      13
      15
      12
      20
      13
      12
      20
      12
      14
      17
      14
      10
      13
      18
      15
      14
      27
      12
      16
      19
      12
      15
      15
      17
      17
      15
      10
      13
      18
      22
      20
      11
      15
      24
      17
      13
      14
       8
      20
      15
      21
      13
      12
      21
      15
      19
      19
      14
      27
      17
      20
      20
      13
      10
      23
      15
      12
      16
      16
      12
      16
      21
      25
      11
      26
      14
      19
      22
       7
      17
      14
      21
      13
      22
      16
      20
      14
      16
      21
      18
      17
      15
      18
      21
      25
      12
      21
      11
      17
      17
      14
      26
      23
      21
      23
      17
      14
      18
      13
      13
      13
      19
      16
      14
      18
      15
      12
      16
      17
      17
      11
      19
      15
      18
      23
      25
      16
      21
      17
       9
       0
       0
       0
       0
       0
       0
       0
       0
       0
       0
       0
       0
       0
       0
       0
       0
       0
       0
       0
       0
       0
       0
       0
       0
       0
       0
       0
       0
       0
       0
       0
       0
       0
       0
       0
       0
       0
       0
       0
       0
       0
       0
       0
       0
       0
       0
       0
       0
       0
       0
       0
       0
       0
       0
       0
       0
       0
       0
       0
       0
       0
       0
       0
       0
       0
       0
       0
       0
       0
       0
       0
       0
       0
       0
       0
       0
       0
       0
       0
       0
       0
       0
       0
       0
$ROI:
1
712 830
$PRESETS:
Live Time
120
0
$ENER_FIT:
-23.656767 2.297974
$MCA_CAL:
3
-2.365677E+001 2.297974E+000 2.836717E-005 keV
$SHAPE_CAL:
3
0.000000E+000 0.000000E+000 0.000000E+000
