$SPEC_ID:
Sample029
$SPEC_REM:
DET# 1
DETDESC# DESKTOP-I499GD2 Easy-MCA-2k SN 18191655
AP# Maestro Version 7.01
$DATE_MEA:
03/01/2024 10:54:46
$MEAS_TIM:
120 120
$DATA:
0 2047
       0
       0
       0
       0
       0
       0
       2
       2
      70
      53
      57
      61
      59
      55
      57
      56
      76
      71
      66
      63
      79
      71
      57
      72
      71
      77
      96
      88
     110
     113
     127
     101
     132
     133
     136
     120
      83
     113
     110
     112
     118
     118
     117
     150
     160
     166
     176
     189
     157
     208
     232
     253
     250
     255
     268
     246
     259
     227
     239
     293
     315
     341
     436
     531
     567
     590
     515
     432
     337
     274
     225
     197
     204
     211
     193
     200
     192
     204
     209
     219
     199
     192
     195
     196
     179
     200
     205
     199
     181
     201
     213
     210
     217
     206
     191
     222
     182
     150
     164
     151
     149
     209
     176
     153
     167
     170
     150
     160
     165
     172
     145
     145
     148
     127
     157
     145
     169
     147
     129
     147
     139
     145
     121
     121
     125
     108
     129
      99
     125
     133
     110
     120
     116
     109
      99
     110
     125
      85
     109
     105
     105
      97
     103
     111
      85
      93
      93
      98
      86
      76
     101
     106
     102
      85
      81
      94
      84
      80
      80
      84
      82
      82
      77
      79
      75
      68
      64
      79
      67
      67
      59
      67
      69
      81
      63
      68
      66
      65
      65
      61
      64
      53
      62
      45
      57
      54
      60
      58
      72
      57
      48
      55
      52
      66
      49
      69
      69
      48
      55
      55
      50
      54
      52
      58
      44
      49
      60
      44
      66
      53
      39
      46
      61
      59
      72
      69
      70
      74
      97
      91
      77
     105
     122
     116
     116
     119
     114
     115
     124
     117
     117
     137
     101
     103
     116
     107
      98
      74
      82
      84
      47
      76
      63
      41
      54
      49
      35
      34
      42
      46
      40
      35
      42
      43
      31
      34
      42
      39
      25
      28
      38
      38
      41
      41
      40
      46
      40
      39
      44
      35
      34
      36
      31
      35
      40
      25
      42
      32
      22
      32
      34
      36
      35
      35
      47
      28
      33
      37
      29
      22
      27
      24
      31
      28
      29
      33
      34
      44
      33
      31
      32
      35
      30
      29
      42
      25
      22
      27
      29
      32
      34
      31
      25
      22
      33
      35
      32
      28
      25
      33
      34
      30
      28
      17
      30
      34
      23
      23
      25
      29
      25
      30
      29
      28
      29
      20
      21
      29
      34
      29
      27
      29
      29
      25
      23
      37
      28
      35
      30
      24
      24
      28
      23
      34
      29
      30
      21
      27
      35
      30
      28
      28
      34
      24
      36
      30
      35
      27
      21
      33
      35
      35
      15
      31
      33
      27
      32
      23
      31
      23
      19
      23
      28
      28
      18
      24
      23
      26
      27
      21
      35
      14
      21
      25
      12
      22
      16
      19
      19
      27
      22
      28
      34
      20
      28
      32
      18
      26
      15
      24
      17
      26
      24
      16
      24
      22
      19
      23
      28
      20
      26
      23
      23
      18
      20
      26
      20
      17
      21
      18
      21
      29
      25
      21
      14
      25
      28
      24
      22
      10
      14
      18
      16
      21
      22
      29
      20
      22
      20
      15
      13
      25
      24
      18
      20
      19
      19
      17
      27
      27
      28
      21
      21
      21
      31
      21
      18
      23
      24
      20
      17
      28
      20
      21
      28
      22
      26
      28
      21
      23
      30
      26
      31
      27
      32
      28
      34
      39
      25
      20
      28
      27
      23
      26
      19
      25
      22
      26
      23
      28
      24
      15
      32
      29
      11
      19
      24
      27
      20
      19
      14
      18
      18
      16
      21
      22
      21
      20
      20
      18
      17
      21
      18
      15
      20
      27
      19
      33
      15
      24
      16
      22
      16
      21
      14
      19
      15
      27
      19
      17
      17
      16
      15
      21
      20
      25
      15
      23
      23
      29
      29
      23
      27
      30
      17
      15
      14
      20
      23
      30
      20
      15
      25
      17
      16
      14
      16
      17
      21
      21
      14
      21
      19
      22
      17
      14
      16
      17
      16
      23
      14
      14
      16
      16
      11
      18
      19
      19
      26
      14
      15
      15
      20
      12
      23
      25
      23
      18
      16
      15
      21
      10
      15
      20
      22
      18
      18
      17
      25
      15
      14
      29
      18
      24
      20
      12
      24
      19
      12
      19
      27
      27
      25
      19
      19
      21
      25
      30
      19
      26
      23
      25
      20
      18
      27
      23
      25
      22
      25
      21
      19
      17
      24
      23
      22
      16
      20
      20
      19
      14
      16
      21
      15
      15
      16
      15
      20
      24
      20
      13
      15
      19
       9
      17
      11
      23
      11
      12
      21
      19
      16
      14
       7
      17
       5
      10
      18
      11
      17
       6
       6
       9
      13
      15
       9
      13
      14
       8
      11
      16
       5
       6
      17
      15
       9
       7
       5
       7
      10
       3
       6
      10
       6
       8
       7
       5
      13
      10
       7
       8
      10
      15
       5
       3
       6
      11
      12
      13
       8
       9
       7
       9
       8
       9
       9
       9
       5
      10
       8
      13
      13
       6
       5
      19
      21
      13
      18
      18
      23
      29
      18
      25
      31
      24
      35
      30
      40
      37
      32
      44
      37
      42
      48
      46
      53
      54
      55
      62
      60
      66
      44
      40
      61
      62
      62
      52
      41
      46
      47
      52
      54
      51
      39
      40
      35
      44
      34
      41
      42
      22
      33
      33
      29
      30
      29
      29
      24
      23
      16
      26
       9
      13
      17
      10
      16
      12
       9
       6
      12
       8
       9
      11
      10
      11
      10
       6
      10
      11
       3
       9
       6
       4
       5
       4
       5
       6
       6
       4
       3
       5
       5
       2
       6
       6
       6
       3
       5
       6
       9
       3
      10
       8
       6
       3
       5
       2
       4
       6
      12
       7
       2
       6
       3
       4
       7
       6
       2
       6
       7
       0
       2
       8
       3
       6
       4
       4
       5
       7
       7
       4
       7
       1
       3
       3
       9
       6
       2
       7
      12
       4
       3
       5
       7
       1
       0
      10
      11
       2
       5
       5
       6
       5
       3
       9
       3
       7
       4
       2
       8
       2
       9
       4
       1
       7
       4
       6
       3
       7
       5
       5
       7
       6
       6
       6
       3
       4
       8
       4
       7
       5
       6
       4
       3
       6
       9
       8
       4
       3
       3
       3
       5
       5
       4
       3
       7
       7
       2
       5
       5
      10
       4
       6
       8
      10
      11
       5
       1
       4
       6
       3
       5
       5
       3
       5
       4
       2
       4
       7
       4
       1
       2
       7
       5
       3
       7
       6
       4
       6
       2
       3
       6
       3
       5
       5
       8
       3
       2
       3
       8
       6
       4
       5
       5
       8
       4
       3
       5
       7
       9
       5
       3
       3
       5
       4
       5
       4
       9
       3
       2
       7
       2
       3
       9
       9
       7
       3
       5
       7
       4
       8
       2
       4
       5
       6
       4
       5
       5
       4
       4
       4
       6
       5
       2
       3
       5
       5
       4
      10
       5
       2
       8
       3
       5
       4
       4
       4
       7
       3
       6
       1
       6
       3
       3
       4
       7
       4
       3
       4
       3
       5
      10
       2
       3
       5
       6
       7
       2
       9
       4
       5
       2
       5
       2
       5
       3
       4
       1
       3
       5
       4
       2
       5
       2
       5
       4
       4
       6
       4
       5
       5
       6
       3
       6
       7
       5
       6
       7
       6
       6
       2
       5
       4
       2
       3
       6
       0
       8
       5
       6
       2
       3
      11
       6
       4
       4
       5
       3
      10
       4
       5
       2
       8
       6
       4
       8
       2
       9
       4
       7
       5
       7
       6
       7
       3
       4
       4
       7
       6
       2
       3
       6
       4
       3
       6
       3
       4
       2
       1
       5
       6
       4
       4
       2
       7
       7
       5
       3
       6
       5
       2
       4
       5
       6
       3
       3
       2
       2
       3
       6
       7
       4
       3
       4
       5
       2
       2
       3
       3
       1
      11
       1
       5
       2
       0
       5
       4
       4
       5
       3
       3
       7
       6
       4
       0
       4
       5
       2
       6
       2
       6
       2
       1
       4
       7
       4
       4
       5
       7
       5
       4
       1
       5
       3
       7
       2
       3
       4
       8
       2
       2
       7
      11
       4
       4
       2
       2
       2
       2
       5
       3
       7
       4
       3
       8
       9
       5
       5
       4
       2
       5
       2
       9
       4
       4
       5
       3
       6
       4
       4
       4
       4
       2
       0
       5
       3
       2
       1
       6
       4
       6
       1
       6
       3
       2
       1
       6
       6
       6
       4
       6
       2
       2
       4
       6
       2
       0
       3
       2
       9
       1
       2
       3
       2
       7
       5
       7
       3
       3
       3
       4
       2
       3
       5
       1
       1
       3
       8
       3
       6
       7
       5
       5
       4
       4
       4
       3
       5
       6
       3
       2
       3
       5
       2
       6
       6
       6
       3
       2
       5
       3
       1
       2
       4
       4
       3
       4
       1
       2
       5
       6
       1
       4
       7
       1
      11
       3
       5
       5
       7
       1
       5
       6
       4
       1
       2
       9
       3
       3
       2
       5
       6
       4
       8
       1
       1
       2
       6
       2
       2
       2
       4
       3
       3
       4
       2
       3
       1
       3
       5
       4
       1
       1
       1
       5
       3
       1
       2
       2
       5
       4
       3
       6
       5
       5
       2
       3
       5
       3
       5
       5
       6
       3
       4
       5
       1
       5
       4
       2
       3
       3
       2
       5
       6
       3
       4
       3
       6
       3
       2
       3
       4
       4
       8
       2
       4
       2
       6
       3
       5
       3
       4
       3
       1
       5
       2
       3
       4
       2
       0
       6
       5
       3
       4
       3
       5
       3
       3
       5
       4
       3
       1
       4
       5
       2
       2
       2
       2
       3
       2
       1
       3
       3
       5
       5
       1
       6
       1
       3
       2
       1
       5
       5
       1
       3
       3
       1
       3
       6
       2
       4
       1
       1
       4
       3
       1
       4
       3
       0
       5
       4
       2
       2
       2
       2
       6
       3
       3
       5
       2
       1
       2
       4
       4
       1
       4
       2
       2
       3
       4
       5
       5
       3
       2
       4
       6
       2
       3
       3
       4
       9
       3
       3
       0
       7
       0
       2
       3
       1
       3
       3
       7
       3
       4
       3
       2
       2
       4
       4
       4
       4
       5
       4
       0
       5
       2
       5
       3
       5
       2
       7
       4
       5
       5
       7
       4
       4
       2
       5
       4
       5
       1
       5
       2
       2
       6
       3
       3
       4
       3
       5
       7
       4
       1
       3
       5
       9
       4
       2
       4
       4
       4
       5
       4
       6
       6
       5
       2
       1
       5
       3
       2
       3
       4
       6
       3
       5
       1
       1
       5
       6
       1
       2
       6
       3
       4
       1
       4
       8
       0
       3
       5
       5
       4
       4
       3
       4
       2
       7
       5
       1
       5
       5
       2
       2
       3
       2
       5
       4
       3
       7
       4
       3
       6
       4
       4
       5
       5
       2
       3
       0
       3
       4
       5
       2
       6
       4
       7
       3
       4
       2
       2
       2
       3
       4
       1
       6
       3
       2
       4
       5
       6
       1
       4
       2
       2
       5
       4
       4
       4
       6
       3
       3
       4
       4
       8
       5
       1
       3
       6
       4
       2
       4
       6
       2
       4
       2
       4
       5
       3
       4
       5
       3
       5
       3
       2
       4
       7
       3
       4
       1
       4
       5
       5
       3
      10
       6
       7
       4
       4
       4
       5
       4
       3
       5
       5
       2
       8
       4
       2
      10
       2
       4
       5
       4
       7
       4
       5
       6
       7
       3
       1
       5
       2
       4
       5
       3
       4
       3
       0
       9
       4
       3
       2
       6
       9
       5
       5
       7
      10
       4
       3
       6
       3
       4
       6
       3
       2
       7
       1
       6
       7
       7
       8
       2
       4
       3
       5
       4
       1
       8
       3
       6
       2
       2
       4
       5
       2
       6
       3
       1
       3
       1
       5
       7
       8
       2
       3
       5
       2
       6
       4
       2
       9
       4
       5
       1
       2
       7
       2
       4
       4
       5
       3
       7
       5
       9
       3
       4
       4
       6
       6
       5
       7
       1
       6
       4
       5
       3
       5
      10
       4
       4
       5
       4
       3
       4
       2
       3
       2
       3
       7
       8
       5
       3
       2
       6
       1
       2
       5
       4
       2
       2
       3
       1
       5
       4
       4
       7
       7
       2
       5
       9
       7
       4
       1
       2
       5
       1
       2
       2
       5
       6
       3
       5
       3
       4
       1
       3
       5
       3
       2
       9
       5
       3
       6
       5
       5
       3
       4
       5
       3
       5
       7
       4
       2
       2
       5
       3
       3
       2
       2
       4
       7
       4
       2
       1
       5
       8
       1
       5
       3
       2
       5
       4
       1
       3
       4
       4
       2
       7
       4
       5
       5
       2
       4
       3
       4
       2
       1
       4
       7
       5
       4
       3
       4
       1
       9
       3
       6
       5
       3
       4
       4
       5
       6
       1
       5
       4
       1
       1
       6
       1
       6
       6
       0
       1
       7
       6
       3
       3
       8
       7
       3
       2
       3
       6
       7
       3
       3
       2
       2
       4
       5
       4
       3
       3
       6
       6
       4
       5
       2
       3
       6
       2
       3
       4
       6
       4
       2
       3
       5
       7
       3
       2
       4
       1
       4
       5
       8
       4
       4
       3
       6
       2
       0
       0
       0
       0
       0
       0
       0
       0
       0
       0
       0
       0
       0
       0
       0
       0
       0
       0
       0
       0
       0
       0
       0
       0
       0
       0
       0
       0
       0
       0
       0
       0
       0
       0
       0
       0
       0
       0
       0
       0
       0
       0
       0
       0
       0
       0
       0
       0
       0
       0
       0
       0
       0
       0
       0
       0
       0
       0
       0
       0
       0
       0
       0
       0
       0
       0
       0
       0
       0
       0
       0
       0
       0
       0
       0
       0
       0
       0
       0
       0
       0
       0
       0
       0
$ROI:
1
712 830
$PRESETS:
Live Time
120
0
$ENER_FIT:
-23.656767 2.297974
$MCA_CAL:
3
-2.365677E+001 2.297974E+000 2.836717E-005 keV
$SHAPE_CAL:
3
0.000000E+000 0.000000E+000 0.000000E+000
