$SPEC_ID:
Sample033
$SPEC_REM:
DET# 1
DETDESC# DESKTOP-I499GD2 Easy-MCA-2k SN 18191655
AP# Maestro Version 7.01
$DATE_MEA:
03/01/2024 11:02:48
$MEAS_TIM:
120 120
$DATA:
0 2047
       0
       0
       0
       0
       0
       0
       0
       0
      88
      65
      56
      48
      55
      68
      68
      64
      60
      70
      64
      74
      58
      65
      69
      91
      69
      68
      57
      60
      97
     120
     106
     115
     118
     156
     142
     124
      98
      91
     102
     120
     117
     123
     123
     118
     163
     150
     151
     160
     170
     191
     220
     240
     277
     280
     306
     275
     237
     251
     221
     245
     279
     343
     430
     482
     575
     565
     481
     394
     358
     267
     213
     230
     242
     162
     197
     186
     189
     191
     189
     212
     198
     183
     207
     169
     186
     184
     182
     185
     220
     207
     224
     180
     204
     168
     177
     219
     181
     172
     167
     175
     153
     160
     161
     155
     180
     162
     147
     144
     147
     155
     161
     154
     177
     147
     163
     129
     139
     125
     134
     126
     107
     122
     138
     119
     132
     120
     110
     127
     132
     107
     115
      95
      91
      95
     117
     110
     127
     105
      99
      97
      87
      78
     110
     109
     105
     106
      80
      74
      83
      88
      79
      90
      92
      92
     104
      75
      85
      74
      79
      95
      90
     100
      90
      90
      72
      76
      82
      78
      72
      72
      68
      71
      75
      61
      66
      65
      60
      56
      49
      59
      70
      58
      53
      50
      68
      71
      54
      63
      59
      47
      52
      49
      60
      57
      63
      61
      53
      59
      63
      51
      43
      55
      52
      52
      50
      48
      61
      69
      52
      62
      61
      57
      74
      58
      99
      56
      75
      86
      76
      85
     102
      94
     108
     102
      99
     119
     104
     121
     125
     131
     118
     106
     113
     127
      87
     107
      81
      73
      71
      63
      71
      64
      56
      39
      53
      38
      30
      51
      49
      48
      40
      34
      33
      46
      45
      41
      35
      37
      38
      40
      38
      42
      43
      44
      31
      44
      31
      39
      45
      31
      43
      38
      40
      52
      37
      35
      38
      34
      38
      35
      35
      26
      39
      35
      32
      32
      26
      27
      32
      29
      33
      34
      23
      25
      33
      22
      30
      35
      28
      25
      23
      39
      24
      27
      39
      30
      32
      23
      31
      27
      31
      20
      26
      17
      37
      31
      31
      36
      26
      34
      26
      26
      25
      22
      34
      29
      27
      34
      28
      19
      29
      32
      28
      29
      21
      33
      24
      29
      30
      29
      29
      28
      31
      36
      28
      20
      22
      27
      28
      23
      25
      28
      33
      15
      34
      25
      26
      35
      37
      28
      21
      32
      18
      35
      26
      31
      32
      24
      27
      38
      27
      39
      25
      32
      32
      26
      24
      23
      21
      21
      27
      37
      24
      25
      26
      28
      19
      21
      23
      27
      23
      25
      17
      25
      17
      11
      20
      29
      21
      27
      14
      27
      22
      26
       9
      18
      19
      18
      17
      21
      16
      19
      23
      19
      18
      21
      23
      19
      22
      18
      27
      26
      14
      28
      26
      23
      26
      23
      18
      15
      10
      21
      18
      20
      25
      22
      20
       6
      22
      19
      23
      14
      14
      16
      15
      20
      18
      20
      24
      18
      22
      18
      14
      17
      26
      19
      19
      29
      16
      20
      20
      17
      15
      28
      30
      24
      28
      12
      24
      28
      13
      30
      25
      28
      29
      20
      20
      20
      30
      28
      32
      26
      29
      28
      24
      22
      33
      29
      35
      28
      29
      31
      34
      25
      32
      27
      25
      23
      28
      23
      23
      25
      18
      21
      18
      21
      12
      21
      18
      29
      21
      20
      14
      10
      27
      21
      25
      16
      20
      22
      17
      15
      20
      21
      22
      13
      24
      21
      16
      23
      21
      14
      19
      18
      15
      12
      12
      23
      20
      20
      23
      21
      12
      16
      19
      18
      16
      22
      22
      20
      21
      25
      13
      24
      17
      23
      22
      26
      21
      17
      28
      26
      16
      24
      16
      12
      26
      20
      21
      23
      18
      25
      21
      17
      21
      22
      13
      15
      13
      20
      17
      20
      18
      11
      16
      24
      22
      20
      14
      16
      15
      13
      18
      12
      15
      21
      15
      12
      20
      14
      19
      24
      18
      15
      19
      26
      20
      23
      14
      22
      15
      22
      20
      22
      26
      22
      25
      23
      30
      23
      21
      21
      20
      22
      18
      24
      26
      30
      15
      32
      15
      30
      13
      19
      20
      30
      29
      28
      23
      24
      14
      26
      23
      22
      23
      18
      24
      18
      16
      16
      18
      19
      27
      21
      17
      12
      21
      17
      26
      13
      14
      17
      22
      14
       8
       9
      18
       9
      12
      15
      10
      12
      17
      13
      10
      11
      18
      14
      10
       9
       9
       8
      12
      13
      10
       7
      13
       7
       9
       6
       7
      11
       4
      15
      10
      10
      11
       9
       8
      11
       6
      14
       7
      16
       2
       9
       9
       5
      16
      11
       7
       7
      14
       4
       7
      10
      11
      15
       8
       7
       7
       7
       6
       9
       9
      10
       8
      14
       7
       8
      13
      13
      12
      13
       8
      10
      14
      19
      15
      15
      23
      24
      24
      24
      29
      46
      35
      46
      34
      39
      46
      45
      40
      71
      46
      51
      48
      44
      51
      55
      51
      71
      65
      44
      67
      64
      58
      48
      52
      57
      47
      44
      49
      46
      37
      40
      45
      36
      38
      32
      37
      21
      32
      36
      27
      20
      14
      20
      17
      21
      19
      16
       9
      16
      10
      16
       9
       8
       9
       6
       7
       9
       9
       8
       4
       7
       7
      13
       8
       3
       6
       6
       4
       5
       3
       7
       8
       5
       9
       3
       6
       4
       3
      10
       5
       5
       5
       4
       3
       5
       6
       6
       7
       8
       9
       7
       9
       5
       2
       5
       5
       8
       5
       6
       7
       8
       5
       7
       3
       6
       6
       6
       4
       1
       9
       2
       8
       9
       2
       3
       5
       4
       3
       7
      10
       7
       8
       4
       3
       8
       3
       7
       3
       5
      11
       0
       2
       5
       6
       7
       4
       6
       7
       3
       6
       6
       3
       5
       5
       6
       8
       4
       2
       7
       7
       9
       6
       2
       4
       5
       5
       3
       3
       5
       2
       6
       2
       3
       7
       5
       4
       3
       3
       6
       2
       5
       5
       9
       5
       7
       4
       3
       4
       4
       3
       7
       9
       4
       4
       5
       3
       3
       5
       6
       8
       4
       2
       7
       4
       4
       5
       5
       9
       3
       3
       6
       2
       6
       4
       5
       3
       8
       4
       8
       6
       2
       3
       6
       3
       4
       1
       2
       8
       5
       2
       2
      11
       5
       5
       4
       6
       8
       9
       3
      11
       7
       5
       5
       8
       6
       5
       6
       1
       4
       4
       2
       2
       4
      11
       7
       3
       2
       1
       5
       3
       5
       2
       3
       3
       6
       5
       5
       3
       7
       2
       4
       4
       3
       2
       9
       3
      12
       3
       5
       4
       2
       3
       3
       4
       5
       4
       6
       5
       8
       6
       1
       6
       4
       1
       5
       7
       9
       5
       5
      10
       5
       4
       1
       4
       3
       9
       6
       2
       4
       3
       2
       3
       4
       6
       3
       6
       4
       8
       2
      10
       5
       3
       1
       4
       4
       5
       3
       3
       2
       5
       4
       4
       5
       4
       5
       3
       4
       4
       5
       6
       4
       4
       1
       1
       4
       5
       6
       6
       6
       2
       2
       8
       5
       4
       2
       6
       4
       4
       3
       9
       3
       4
       3
       4
       7
       3
       0
       3
       5
       7
       5
       2
       3
       4
       6
       4
       4
       2
       5
       1
       7
       9
       3
       3
       3
       5
       3
       3
       5
       3
       1
       2
       4
       7
       2
       2
       3
       6
       2
       8
       4
       4
       4
       2
       3
       4
       1
       6
       4
       2
       9
       1
       4
       6
       5
       2
       2
       5
       2
       3
       3
       5
       6
       4
       9
       1
       5
       4
       4
       7
       4
       3
       2
       4
       1
       4
       3
       3
       7
       9
       6
       3
       0
       3
       8
       7
       4
       6
       7
       6
       2
       6
       8
       7
       5
       3
       4
       3
       4
       8
       8
       5
       5
       3
       5
       4
       2
       3
       3
       4
       4
       3
       2
       4
       5
       6
       6
       4
       4
       5
       3
       1
       5
       4
       2
       5
       5
       4
       7
       4
       4
       4
       2
       5
       5
       4
       3
       5
       3
       1
       4
       5
       2
       5
       5
       6
       1
       8
       6
       2
       2
       3
       7
       3
       1
       2
       4
       4
       1
       0
       4
       6
       5
       4
       3
       0
       3
       6
       4
       1
       3
       1
       5
       2
       4
       2
       2
       5
       6
       4
       2
       5
       2
       2
       6
       3
       2
       2
       7
       4
       3
       3
       4
       4
       4
       2
       2
       4
       1
       2
       3
       1
       6
       5
       1
       4
       6
       5
       2
       2
       7
       4
       2
       3
       1
       4
       3
       6
       4
       7
       3
       5
       4
       0
       5
       4
       5
       4
       4
       4
       5
       5
       2
       5
       3
       4
       6
       6
       5
       3
       2
       3
       6
       4
       4
       3
       4
       2
       3
       5
       3
       3
       2
       3
       5
       4
       2
       3
       4
       6
       2
       2
       2
       4
       2
       4
       2
       2
       5
       3
       1
       5
       2
       6
       1
       5
       7
       4
       5
       3
       3
       2
       0
       5
       1
       1
       2
       3
       6
       1
       3
       5
       5
       9
       2
       1
       3
       6
       5
       3
       4
       4
       1
       0
       7
       5
       0
       1
       4
       5
       5
       3
       5
       2
       5
       5
       3
       6
       3
       2
       6
       2
       6
       2
       4
       7
       1
       4
       3
       3
       2
       5
       2
       6
       2
       2
       7
       5
       4
       5
       6
       2
       2
       5
       2
       2
       2
       5
       1
       5
       2
       2
       2
       6
       4
       5
       4
       4
       4
       5
       6
       4
       0
       7
       2
       5
       5
       5
       5
       3
       3
       3
       4
       3
       3
       5
       4
       2
       6
       2
       7
       3
       7
       3
       3
       3
       3
       3
       4
       6
       3
       4
       1
       4
       4
       5
       7
       0
       6
       7
       1
       6
       5
       3
       1
       2
       2
       6
       2
       0
       2
       1
       4
       2
       2
       3
       2
       2
       6
       2
       5
       1
       3
       3
       1
       4
       1
       5
       9
       3
       4
       2
       7
       4
       1
       3
       2
       3
       6
       1
       4
       5
       3
       6
      10
       5
       2
       3
       5
       5
       7
       4
       4
       5
       6
       1
       5
       5
       7
       5
       5
       2
       4
       4
       5
       4
       5
       2
       3
       4
       2
       4
       5
       4
       3
       7
       3
       4
       2
       1
      10
       4
       2
       3
       3
       3
       2
       5
       8
       4
       4
       4
       5
       7
       2
       4
       5
       2
       0
       6
       5
       5
       6
       5
       3
       5
       3
       8
       3
       5
       4
       3
       5
       3
       9
       4
       5
       5
       3
       3
       3
       2
       6
       5
       7
       4
       2
       2
       2
       1
       5
       6
       6
       6
       6
       3
       1
       1
       3
       2
       3
       6
       4
       4
       1
       3
       3
       7
       1
       3
       4
       6
       3
       7
       4
       3
       6
       2
       4
       2
       7
       6
       2
       1
       5
       6
       5
       3
       4
       5
       6
       3
       4
       3
       7
       7
       4
       8
       5
       4
       5
       5
       3
       7
       3
       6
       2
       4
       2
       4
       8
       4
       2
       8
       5
       1
       3
       5
       3
       1
       2
       4
       9
       4
       2
       5
       9
       7
       5
       4
       2
       3
       1
       8
       6
       4
       2
       4
       7
       9
       5
       5
       2
       6
       8
       6
       3
       2
       4
       5
       6
       1
       3
       2
       3
       3
       5
       1
       3
       1
       6
       2
       8
       3
       2
      10
       3
       6
       5
       9
       4
       7
       2
       7
       3
       4
       8
       9
       7
       5
       5
       7
       5
       5
       3
       6
       7
       8
       0
       3
       6
       2
       5
       5
       5
       8
       4
       3
       6
       3
       8
       8
       6
       3
       3
       6
       4
       5
       2
       7
       8
       4
       5
       6
       7
       5
       3
       4
       4
       5
       8
       2
       8
       3
       6
       8
       4
       5
       4
       2
       2
       4
       5
       6
       3
       8
       1
       5
       5
       0
       7
       4
       2
       3
       2
       2
       3
       6
       2
       9
       2
       2
       8
       6
       1
       4
       5
       0
       3
       6
       4
       1
       5
       6
       0
       3
       4
       8
       7
       2
       3
       5
       1
       3
       4
       5
       2
       5
       1
       4
       0
       6
       6
       5
       5
       7
       7
       3
       2
       3
       6
       1
       6
       5
       2
       6
       7
       1
       4
       4
       4
       8
       1
       4
       6
       4
       3
       8
       2
       3
      12
       3
       4
       5
       7
       3
       5
       6
       3
       3
       1
       2
       4
       6
       8
       3
       4
       5
       4
       5
       3
       7
       2
       3
       5
       2
       6
       3
       4
       0
       7
       3
       4
       4
       3
       4
       4
       2
       3
       5
       5
       3
       2
       5
       5
       4
       2
       2
       8
       4
       4
       4
       5
       2
       3
       3
       5
       3
       2
       5
       4
       3
       1
       0
       6
       6
       2
       1
       8
       7
       8
       4
       6
       2
       3
       4
       6
       5
       1
       1
       0
       0
       0
       0
       0
       0
       0
       0
       0
       0
       0
       0
       0
       0
       0
       0
       0
       0
       0
       0
       0
       0
       0
       0
       0
       0
       0
       0
       0
       0
       0
       0
       0
       0
       0
       0
       0
       0
       0
       0
       0
       0
       0
       0
       0
       0
       0
       0
       0
       0
       0
       0
       0
       0
       0
       0
       0
       0
       0
       0
       0
       0
       0
       0
       0
       0
       0
       0
       0
       0
       0
       0
       0
       0
       0
       0
       0
       0
       0
       0
       0
       0
       0
$ROI:
1
712 830
$PRESETS:
Live Time
120
0
$ENER_FIT:
-23.656767 2.297974
$MCA_CAL:
3
-2.365677E+001 2.297974E+000 2.836717E-005 keV
$SHAPE_CAL:
3
0.000000E+000 0.000000E+000 0.000000E+000
