$SPEC_ID:
Sample001
$SPEC_REM:
DET# 1
DETDESC# DESKTOP-I499GD2 Easy-MCA-2k SN 18191655
AP# Maestro Version 7.01
$DATE_MEA:
03/01/2024 09:58:11
$MEAS_TIM:
120 122
$DATA:
0 2047
       0
       0
       0
       2
       1
      12
      31
      35
    2943
     312
     290
     331
     337
     323
     339
     378
     330
     351
     379
     374
     375
     364
     401
     409
     381
     390
     416
     424
     450
     490
     515
     542
     540
     624
     546
     513
     492
     486
     487
     510
     504
     565
     587
     565
     627
     615
     715
     676
     728
     767
     782
     849
     843
     850
     976
     881
     954
     878
    1002
     993
    1131
    1237
    1461
    1731
    1928
    1944
    1873
    1613
    1274
    1139
     947
     930
     835
     846
     825
     876
     795
     816
     843
     834
     821
     817
     787
     819
     772
     867
     782
     780
     764
     807
     802
     794
     787
     793
     769
     817
     781
     803
     729
     727
     743
     782
     729
     751
     754
     758
     725
     707
     757
     752
     684
     730
     671
     679
     692
     649
     684
     708
     679
     631
     590
     655
     660
     594
     636
     643
     665
     582
     575
     605
     560
     591
     546
     568
     581
     519
     519
     571
     526
     548
     503
     530
     523
     527
     496
     480
     512
     515
     524
     466
     473
     456
     485
     459
     437
     489
     420
     425
     446
     417
     438
     433
     446
     374
     416
     415
     405
     410
     381
     371
     388
     402
     394
     382
     384
     410
     416
     408
     334
     348
     348
     375
     401
     357
     338
     351
     376
     374
     326
     338
     371
     339
     371
     366
     351
     355
     351
     326
     348
     351
     349
     334
     318
     326
     330
     366
     337
     336
     340
     327
     333
     333
     346
     382
     374
     413
     438
     464
     477
     511
     536
     576
     642
     675
     703
     817
     783
     793
     877
     806
     880
     859
     858
     786
     734
     691
     697
     656
     562
     502
     502
     464
     377
     349
     332
     280
     283
     275
     263
     248
     240
     260
     213
     209
     235
     222
     223
     229
     208
     241
     227
     215
     229
     202
     206
     204
     221
     214
     230
     229
     226
     233
     208
     241
     227
     220
     224
     217
     219
     254
     224
     222
     225
     220
     205
     202
     210
     199
     205
     213
     200
     225
     216
     209
     199
     223
     196
     204
     221
     193
     195
     205
     192
     186
     208
     176
     205
     203
     194
     186
     180
     196
     185
     202
     175
     196
     206
     189
     209
     195
     196
     185
     208
     185
     213
     199
     210
     214
     203
     178
     190
     202
     235
     186
     223
     224
     194
     195
     206
     191
     191
     165
     182
     184
     165
     198
     184
     181
     187
     170
     172
     171
     167
     171
     185
     158
     210
     159
     162
     211
     155
     192
     162
     156
     175
     146
     199
     164
     182
     160
     161
     147
     148
     160
     156
     163
     176
     156
     154
     176
     161
     174
     166
     168
     167
     141
     148
     169
     149
     156
     167
     173
     168
     180
     152
     139
     164
     144
     150
     163
     147
     159
     192
     131
     156
     161
     155
     151
     176
     163
     133
     159
     157
     174
     161
     146
     151
     133
     170
     160
     179
     161
     167
     141
     150
     155
     141
     139
     148
     154
     141
     154
     144
     139
     168
     134
     143
     147
     135
     164
     154
     160
     134
     168
     156
     150
     152
     147
     132
     143
     172
     146
     150
     149
     159
     153
     152
     127
     122
     130
     151
     158
     162
     153
     148
     144
     153
     153
     165
     146
     155
     139
     144
     138
     154
     170
     157
     140
     161
     151
     160
     141
     145
     155
     153
     153
     141
     144
     183
     166
     154
     155
     158
     141
     160
     148
     156
     149
     134
     154
     149
     136
     147
     142
     165
     149
     154
     139
     139
     151
     148
     151
     166
     157
     157
     138
     140
     140
     134
     145
     130
     153
     142
     143
     132
     156
     145
     186
     132
     147
     160
     177
     174
     131
     152
     142
     133
     136
     161
     134
     173
     157
     161
     148
     173
     152
     165
     148
     169
     165
     183
     183
     168
     193
     179
     183
     197
     198
     200
     198
     165
     198
     170
     188
     163
     167
     166
     173
     160
     178
     177
     167
     162
     160
     150
     174
     174
     160
     144
     161
     152
     168
     140
     155
     157
     145
     166
     143
     146
     160
     163
     147
     137
     166
     183
     145
     158
     159
     169
     140
     170
     148
     137
     170
     176
     181
     155
     155
     165
     154
     168
     167
     181
     168
     172
     182
     161
     151
     166
     188
     196
     168
     193
     157
     169
     165
     165
     199
     161
     183
     186
     185
     160
     185
     176
     185
     187
     193
     187
     168
     167
     173
     176
     166
     175
     153
     174
     190
     178
     152
     188
     167
     166
     159
     179
     183
     142
     146
     162
     151
     137
     131
     136
     155
     129
     130
     131
     118
     130
     139
     116
     106
     113
     120
     116
     120
      90
      99
     100
      91
     114
     104
      81
      85
      88
      99
      94
      94
      88
      91
      93
      86
      85
      79
      85
      77
      68
      83
      68
      90
      78
      79
      79
      76
      77
      92
     100
      67
      66
      75
      95
      81
      81
      91
      80
      85
      78
      63
      77
      72
      84
      93
      72
      78
      90
      75
      77
      91
      92
      86
      96
     112
     100
     114
     104
     116
     128
     131
     131
     148
     197
     159
     210
     200
     244
     249
     300
     269
     299
     345
     339
     388
     382
     424
     437
     473
     448
     480
     463
     492
     567
     509
     547
     594
     580
     584
     580
     604
     583
     588
     533
     548
     545
     523
     491
     536
     484
     452
     432
     405
     379
     343
     345
     307
     271
     275
     294
     262
     224
     214
     190
     179
     158
     162
     151
     140
     125
      98
      85
     104
      81
      79
      84
      66
      79
      53
      66
      57
      67
      43
      55
      52
      52
      64
      49
      46
      49
      48
      43
      55
      39
      42
      38
      49
      42
      48
      53
      39
      36
      46
      51
      45
      33
      51
      46
      41
      54
      38
      44
      40
      52
      55
      50
      48
      34
      28
      46
      56
      39
      39
      50
      42
      45
      35
      48
      46
      53
      40
      46
      53
      38
      38
      42
      40
      46
      48
      65
      45
      41
      44
      40
      34
      31
      39
      31
      56
      38
      50
      48
      47
      47
      53
      50
      47
      47
      34
      42
      44
      37
      39
      33
      45
      42
      48
      36
      36
      57
      46
      46
      44
      44
      49
      39
      52
      38
      41
      29
      38
      46
      41
      50
      35
      42
      27
      38
      34
      60
      46
      40
      34
      46
      41
      47
      44
      30
      35
      37
      28
      37
      47
      40
      42
      34
      51
      36
      53
      38
      27
      33
      47
      35
      40
      36
      41
      41
      50
      25
      39
      46
      45
      42
      27
      45
      39
      32
      41
      42
      49
      26
      28
      39
      32
      34
      39
      33
      40
      37
      45
      39
      30
      45
      39
      44
      51
      44
      40
      49
      44
      41
      25
      41
      36
      43
      49
      35
      34
      44
      40
      44
      46
      44
      28
      46
      34
      43
      38
      62
      49
      51
      54
      33
      42
      37
      54
      46
      37
      36
      37
      35
      43
      52
      40
      35
      41
      37
      30
      44
      37
      39
      37
      34
      36
      29
      30
      47
      33
      42
      30
      33
      26
      39
      41
      49
      36
      31
      39
      32
      38
      37
      34
      52
      33
      39
      36
      35
      32
      34
      36
      26
      29
      27
      36
      33
      33
      35
      26
      42
      44
      31
      35
      37
      26
      38
      30
      33
      39
      33
      48
      25
      41
      42
      40
      36
      28
      46
      31
      39
      26
      30
      32
      38
      49
      34
      46
      37
      41
      40
      36
      30
      39
      38
      30
      29
      31
      37
      46
      39
      38
      42
      30
      29
      47
      24
      32
      43
      44
      38
      32
      30
      44
      34
      30
      41
      28
      31
      20
      32
      36
      36
      33
      38
      27
      40
      29
      31
      30
      31
      40
      31
      23
      41
      34
      43
      36
      28
      34
      22
      33
      31
      44
      34
      34
      29
      32
      30
      34
      37
      36
      38
      27
      37
      39
      35
      22
      37
      27
      30
      36
      21
      36
      34
      42
      35
      30
      33
      32
      31
      26
      36
      31
      25
      41
      35
      28
      41
      30
      34
      42
      41
      38
      28
      53
      43
      26
      25
      40
      42
      38
      29
      32
      28
      33
      31
      37
      41
      42
      42
      37
      42
      47
      45
      40
      36
      42
      40
      45
      45
      41
      34
      48
      49
      35
      47
      45
      37
      33
      37
      31
      50
      43
      40
      43
      43
      52
      40
      42
      31
      36
      38
      42
      43
      34
      35
      35
      33
      32
      42
      30
      36
      32
      36
      27
      34
      35
      39
      36
      37
      40
      30
      35
      37
      30
      17
      30
      38
      30
      22
      44
      38
      43
      27
      33
      24
      45
      36
      28
      34
      28
      38
      30
      28
      36
      34
      27
      26
      36
      45
      32
      27
      22
      26
      24
      37
      35
      44
      28
      39
      20
      27
      33
      31
      30
      35
      36
      37
      21
      34
      28
      22
      26
      38
      25
      32
      28
      32
      35
      36
      31
      38
      28
      32
      38
      29
      32
      39
      28
      28
      28
      32
      33
      28
      51
      31
      35
      48
      28
      32
      28
      27
      32
      26
      23
      26
      32
      37
      24
      33
      36
      30
      33
      23
      43
      33
      22
      31
      26
      35
      26
      25
      33
      35
      31
      23
      38
      23
      22
      28
      28
      33
      37
      21
      38
      34
      37
      28
      32
      18
      40
      32
      26
      25
      32
      38
      25
      28
      25
      31
      27
      30
      25
      31
      21
      29
      32
      23
      28
      30
      23
      33
      31
      45
      26
      36
      39
      25
      25
      33
      30
      29
      24
      30
      30
      29
      41
      24
      34
      23
      22
      24
      30
      34
      28
      24
      21
      27
      34
      33
      34
      25
      32
      29
      32
      32
      33
      24
      36
      29
      31
      37
      37
      43
      27
      29
      30
      31
      26
      23
      29
      36
      35
      31
      30
      25
      34
      32
      29
      20
      30
      30
      30
      42
      26
      35
      37
      33
      18
      45
      26
      34
      26
      40
      27
      30
      32
      30
      30
      27
      24
      41
      38
      39
      36
      31
      35
      37
      34
      31
      34
      43
      27
      26
      24
      30
      32
      36
      36
      21
      29
      31
      24
      35
      38
      31
      31
      32
      28
      31
      29
      33
      37
      39
      28
      32
      42
      29
      30
      31
      29
      27
      44
      29
      30
      35
      36
      32
      26
      25
      32
      33
      39
      26
      36
      25
      25
      29
      22
      31
      41
      32
      34
      30
      35
      33
      41
      25
      44
      34
      24
      42
      45
      32
      41
      38
      37
      31
      40
      35
      36
      33
      26
      35
      36
      48
      41
      38
      29
      31
      23
      41
      36
      41
      34
      47
      30
      38
      29
      49
      39
      34
      34
      38
      47
      47
      30
      27
      32
      24
      23
      33
      30
      35
      44
      38
      29
      33
      42
      30
      28
      29
      29
      35
      37
      35
      19
      41
      42
      32
      35
      35
      35
      35
      31
      33
      27
      36
      42
      37
      41
      38
      37
      38
      37
      28
      31
      31
      23
      36
      40
      39
      43
      31
      32
      34
      37
      27
      41
      38
      39
      37
      38
      43
      26
      35
      25
      30
      35
      31
      29
      23
      38
      48
      33
      29
      34
      40
      43
      32
      39
      18
      34
      36
      36
      50
      40
      32
      38
      30
      27
      31
      29
      27
      42
      27
      43
      35
      29
      34
      37
      40
      32
      32
      36
      42
      33
      43
      31
      26
      28
      48
      33
      38
      33
      47
      41
      40
      39
      44
      46
      28
      30
      52
      39
      38
      46
      44
      42
      29
      35
      43
      38
      36
      36
      35
      30
      44
      41
      37
      41
      38
      32
      42
      46
      45
      44
      31
      30
      44
      35
      45
      37
      38
      42
      39
      38
      43
      41
      44
      34
      47
      32
      39
      39
      41
      37
      44
      38
      33
      42
      31
      43
      46
      34
      43
      55
      39
      47
      45
      39
      53
      41
      31
      38
      29
      49
      30
      45
      36
      52
      33
      54
      36
      35
      42
      43
      53
      46
      49
      45
      53
      46
      26
      44
      52
      41
      39
      41
      43
      44
      42
      46
      39
      38
      45
      39
      44
      47
      36
      44
      35
      30
      46
      50
      45
      32
      29
      35
      45
      42
      31
      41
      38
      43
      30
      40
      43
      48
      49
      41
      41
      49
      38
      32
      41
      38
      44
      42
      43
      31
      48
      36
      35
      34
      35
      52
      29
      34
      39
      29
      42
      36
      32
      31
      33
      41
      30
      36
      36
      27
      32
      32
      37
      22
      37
      32
      41
      22
      38
      28
      32
      32
      29
      34
      32
      31
      31
      35
      28
      31
      30
      29
      31
      26
      25
      22
      43
      29
      43
      37
      38
      34
      43
      35
      31
      32
      33
      34
      26
      33
      31
      30
      30
      27
      34
      38
      33
      36
      38
      42
      33
      32
      32
      22
      38
      39
      32
      43
      51
      33
      24
      38
      37
      35
      47
      43
      39
      36
      30
      35
      35
      44
      33
      35
      21
      43
      32
      41
      34
      32
      37
      48
      39
      35
      40
      41
      37
      37
      29
      47
      38
      42
      37
      35
      43
      27
      35
      42
      39
      33
      41
      28
      34
      40
      35
      35
      42
      22
      36
      28
      43
      34
      43
      29
      33
      38
      22
      31
      36
      34
      36
      37
      40
      30
      40
      25
       0
       0
       1
       1
       1
       0
       0
       0
       0
       0
       0
       0
       0
       0
       0
       0
       0
       0
       0
       0
       0
       0
       0
       0
       0
       0
       0
       0
       0
       0
       0
       0
       0
       0
       0
       0
       0
       0
       0
       0
       0
       0
       0
       0
       0
       0
       0
       0
       0
       0
       0
       0
       0
       0
       0
       0
       0
       0
       0
       0
       0
       0
       0
       0
       0
       0
       0
       0
       0
       0
       0
       0
       0
       0
       0
       0
       0
       0
       0
       0
       0
       0
       0
       0
$ROI:
1
712 830
$PRESETS:
Live Time
120
0
$ENER_FIT:
-23.656767 2.297974
$MCA_CAL:
3
-2.365677E+001 2.297974E+000 2.836717E-005 keV
$SHAPE_CAL:
3
0.000000E+000 0.000000E+000 0.000000E+000
