$SPEC_ID:
Sample009
$SPEC_REM:
DET# 1
DETDESC# DESKTOP-I499GD2 Easy-MCA-2k SN 18191655
AP# Maestro Version 7.01
$DATE_MEA:
03/01/2024 10:14:28
$MEAS_TIM:
120 121
$DATA:
0 2047
       0
       0
       0
       0
       2
       0
       6
      18
     646
     179
     202
     183
     187
     203
     210
     206
     201
     198
     212
     211
     206
     215
     198
     220
     231
     247
     225
     250
     275
     292
     310
     298
     320
     347
     369
     311
     337
     291
     283
     325
     311
     347
     366
     379
     379
     373
     399
     403
     484
     502
     505
     462
     595
     601
     577
     588
     562
     577
     631
     645
     714
     779
     897
    1198
    1262
    1245
    1093
     942
     771
     617
     575
     504
     523
     500
     560
     537
     470
     475
     518
     522
     474
     503
     504
     466
     515
     492
     497
     500
     488
     484
     501
     491
     496
     479
     469
     505
     446
     489
     434
     450
     438
     446
     443
     430
     477
     428
     440
     424
     423
     418
     439
     444
     395
     446
     402
     424
     425
     431
     371
     365
     399
     385
     391
     378
     368
     384
     362
     353
     351
     346
     351
     361
     348
     301
     347
     341
     348
     301
     295
     320
     306
     307
     285
     313
     289
     285
     289
     289
     298
     281
     283
     330
     257
     282
     242
     268
     275
     245
     251
     220
     259
     253
     248
     242
     236
     238
     231
     229
     231
     234
     223
     204
     208
     233
     233
     231
     226
     209
     232
     238
     224
     204
     226
     231
     201
     208
     175
     201
     203
     182
     198
     186
     211
     230
     189
     196
     205
     200
     198
     195
     184
     193
     165
     196
     196
     199
     214
     183
     205
     167
     204
     204
     201
     216
     243
     245
     269
     263
     295
     304
     340
     327
     362
     378
     433
     431
     494
     484
     476
     515
     513
     490
     471
     422
     432
     438
     358
     353
     315
     283
     270
     234
     193
     212
     164
     165
     140
     136
     132
     150
     103
     140
     150
     111
     135
     135
     125
     113
     117
     134
     131
     128
     110
     133
     124
     121
     132
     117
     124
     128
     138
     119
     140
     135
     120
     126
     125
     124
     144
     144
     115
     137
     123
     124
     112
     128
     121
     125
     118
     117
     130
     136
     114
     119
     129
     112
     122
     111
     128
     117
     109
     100
     112
     106
     129
     123
     104
     130
     101
     113
     133
     122
     109
     111
     120
     109
     116
     116
     128
     117
     112
     124
     118
      95
     122
     113
     137
     109
     131
     120
     114
     141
     103
      97
     114
     123
     108
     123
     112
      94
     109
      95
     120
      96
     100
     103
     102
     103
      87
     120
     121
      96
      94
     114
      98
     108
     101
      94
     115
     104
     103
      99
     120
      93
     129
      97
     103
     105
     104
      93
      90
      95
     105
      94
     100
      84
     101
     101
      82
      87
      95
      87
      89
      75
      87
      85
      97
      92
      74
      93
      95
      90
     106
      90
      99
     107
      96
      80
      73
      86
      89
      91
      81
      82
      80
      75
      83
     103
      84
      80
      80
      65
      91
      74
      84
      87
      91
      87
      80
      93
      91
      90
      93
      77
      75
      68
      92
      86
      98
      80
      68
      87
      90
      91
      84
      89
      92
      90
      77
      69
      85
      94
      95
      88
     104
      85
      80
      88
      71
      92
      70
      85
      73
      80
      86
      96
      71
      70
      69
      88
      76
      81
      79
      81
      78
      64
      90
      85
      86
      91
      73
      79
      83
      84
      86
      90
      80
      85
      84
     116
     111
      81
      93
      88
      85
      94
      73
      83
     102
      99
      98
     102
      95
      79
      96
      84
      93
     100
      91
      78
      94
      80
      97
      80
     110
      84
      66
      74
      92
      94
      72
      90
      78
      76
      95
      84
      93
      85
      89
      91
      89
      81
      78
      81
      66
      93
      89
      79
      90
      66
      79
      81
      80
      85
      77
      94
      79
      90
      78
      84
      85
      87
      97
     106
      97
      96
     102
      95
      93
      85
      90
     100
      91
     124
      99
      98
      93
      97
      90
      84
      93
     103
     117
      86
     100
     122
     107
      88
      74
      94
      90
      90
     103
      90
      66
      95
     106
     104
      98
     109
      73
      75
      95
      88
     110
      75
      93
      89
     108
      87
      92
      92
      82
     106
      89
      78
      74
      82
      92
      84
      91
     103
      82
     107
      67
     112
     110
      88
      82
      95
      88
      77
      97
     105
      79
      85
     106
      92
      89
      83
     100
      93
      89
      84
     111
     107
      99
     117
      95
      82
      76
     104
     105
     108
     107
     102
      92
      83
     104
      87
     113
      94
     107
     105
      91
      95
      96
      93
      92
     105
      90
      98
      90
     102
      90
      91
      69
      60
      89
      89
      85
      82
      72
      57
      73
      85
      71
      74
      68
      77
      59
      60
      49
      67
      59
      67
      64
      65
      57
      58
      61
      50
      51
      50
      52
      53
      53
      34
      42
      38
      43
      34
      34
      41
      41
      49
      39
      53
      51
      39
      46
      36
      43
      36
      46
      45
      33
      30
      44
      35
      31
      43
      33
      46
      44
      38
      47
      33
      46
      43
      40
      45
      40
      39
      47
      38
      46
      46
      49
      56
      54
      44
      59
      66
      78
      83
      93
      66
      85
      99
     111
     135
     143
     139
     133
     161
     171
     201
     185
     202
     198
     218
     243
     263
     235
     308
     329
     272
     288
     303
     307
     336
     330
     345
     298
     288
     336
     339
     318
     328
     293
     284
     264
     265
     257
     262
     245
     212
     201
     182
     174
     166
     162
     123
     137
     155
     110
     102
     109
      92
     101
      91
      70
      60
      53
      62
      50
      60
      55
      57
      49
      43
      31
      46
      28
      38
      26
      39
      39
      32
      29
      29
      26
      25
      32
      25
      27
      23
      25
      33
      30
      30
      21
      26
      34
      27
      27
      35
      26
      24
      30
      24
      22
      29
      23
      20
      25
      18
      22
      37
      31
      21
      29
      24
      25
      23
      24
      25
      21
      29
      26
      33
      21
      21
      24
      25
      31
      25
      23
      30
      27
      23
      24
      28
      41
      23
      25
      22
      24
      27
      34
      22
      28
      18
      26
      19
      28
      18
      19
      26
      13
      19
      23
      24
      19
      14
      23
      19
      27
      24
      26
      30
      18
      16
      27
      16
      12
      23
      16
      25
      26
      19
      21
      14
      22
      27
      20
      21
      24
      23
      24
      15
      21
      36
      22
      20
      23
      26
      21
      23
      18
      18
      19
      21
      23
      26
      17
      24
      27
      18
      24
      12
      30
      16
      26
      26
      22
      18
      15
      19
      21
      18
      21
      21
      19
      21
      23
      25
      23
      25
      10
      23
      23
      13
      16
      21
      29
      20
      14
      25
      32
      23
      23
      21
      18
      24
      23
      37
      16
      18
      33
      24
      15
      20
      19
      21
      26
      32
      21
      27
      20
      26
      21
      26
      27
      22
      40
      29
      21
      17
      24
      25
      21
      27
      31
      28
      19
      30
      19
      15
      23
      25
      25
      37
      22
      28
      26
      25
      22
      23
      22
      22
      15
      21
      18
      27
      25
      21
      26
      15
      26
      24
      17
      23
      20
      20
      23
      20
      17
      23
      34
      24
      20
      28
      24
      26
      21
      24
      30
      27
      24
      19
      23
      18
      14
      21
      27
      20
      17
      22
      12
      24
      21
      29
      25
      20
      16
      23
      20
      24
      32
      12
      22
      14
      24
      25
      15
      20
      14
      22
      17
      17
      16
      12
      19
      12
      22
      23
      19
      24
      23
      20
      20
      22
      17
      26
      26
      16
      17
      14
      15
      27
      21
      21
      15
      29
      22
      22
      23
      25
      18
      21
      21
      21
      22
      17
      28
      15
      24
      23
      14
      24
      14
      19
      25
      19
      20
      21
      13
      29
      15
      25
      13
      19
      14
      21
      24
      18
      25
      10
      20
      14
      19
      21
      23
      22
      15
      28
      20
      13
      20
      18
      20
      15
      17
      13
      18
      12
      16
      24
      22
      20
       9
      12
      13
      20
      15
      23
      18
      21
      22
      14
      11
      15
      18
       8
      29
      14
      21
      18
      12
      17
      19
      22
      29
      26
      11
      21
      26
      21
      23
      18
      18
      17
      16
      20
      23
      22
      21
      17
      20
      21
      22
      24
      31
      28
      23
      15
      24
      31
      30
      15
      31
      21
      22
      38
      21
      25
      23
      18
      25
      24
      33
      27
      32
      20
      15
      27
      28
      20
      20
      26
      21
      21
      24
      21
      22
      27
      16
      26
      31
      22
      19
      20
      15
      26
      17
      20
      26
      17
      19
      17
      15
      20
      18
      13
      15
      11
      15
      19
      18
      15
      22
      19
      24
      12
      18
      23
      15
      18
      27
       9
      21
      14
      21
      16
      19
      19
      15
      18
      18
      17
      15
      17
      20
      16
      13
      12
      12
      24
      18
      12
       9
      26
      19
      17
      18
      13
      21
      13
      17
      20
      23
      16
      14
      12
      18
      21
      11
       6
      12
      15
      21
      17
      19
      18
      22
      18
      12
      14
      22
      17
      25
      18
      22
      11
      16
      18
      20
      13
      15
      16
      19
      20
      13
      21
       9
      16
      20
      17
      17
      19
      23
      19
      19
      16
      18
      13
      26
      16
      14
      17
      11
      16
      17
      11
      16
      16
      16
      17
       8
      17
      14
      21
      17
      16
      12
      19
      20
      25
      14
      17
      17
      23
      16
      12
      14
      16
      13
      11
      18
      18
      24
      15
      13
      11
      18
      22
      11
      18
      14
      11
      22
      15
      20
      19
      15
      11
      19
      17
      17
      18
      17
      14
      17
      12
      17
      10
      14
      18
      18
      19
      11
      20
      16
      25
      10
      16
      18
      13
      18
      18
      10
      15
      16
      15
      11
      18
      14
      17
      22
      19
      18
      22
      16
      17
      22
      24
      11
      23
      20
      23
       9
      12
      14
      12
      13
      25
      16
      23
      17
      12
       8
      16
      12
      14
      13
      22
      16
      15
      16
      10
      23
      15
      14
      20
      15
      11
      24
      24
      13
      20
      18
      18
      17
      18
      24
      22
      19
      13
      17
      22
      19
      12
      15
      19
      15
      19
      18
      16
      23
      27
      17
      19
      16
      13
      15
      16
      18
      23
      17
      13
      21
      22
      18
      20
      12
      10
      18
      15
      15
      23
      14
      20
      16
      18
      14
      21
      24
      12
      11
      12
      23
      29
      18
      17
       7
      14
      18
      23
      14
      16
      20
      18
      18
      17
      16
      16
      24
      19
      17
      23
      19
      21
      18
      14
      13
      22
      16
      16
      22
      32
      22
      17
      15
      24
      18
      14
      24
      16
      20
      28
      15
      21
      21
      17
      25
      22
      21
      21
      26
      15
      14
      13
      23
      15
      19
      20
      20
      18
      19
      21
      22
      20
      12
      15
      17
      20
      16
      22
      22
      12
      21
      15
      20
      18
      15
      18
       9
      16
      18
      17
      26
      19
      22
      21
      13
      19
      17
      23
      11
      16
      14
      17
      11
      17
      20
      20
      18
      24
      18
      21
      18
      24
      19
      14
      15
      14
      14
      27
      15
      21
      17
      15
      20
      20
      22
       6
      13
      16
      18
      14
      13
      18
      18
      17
      22
      20
      22
      13
      25
      18
      23
      20
      12
      26
      22
      13
      22
      20
      23
      22
      23
      25
      19
      17
      16
      23
      17
      20
      18
      18
      19
      13
      23
      28
      21
      22
      22
      24
      22
      21
      25
      21
      15
      21
      22
      15
      25
      21
      21
      27
      19
      21
      22
      23
      21
      33
      14
      18
      20
      19
      23
      16
      17
      20
      18
      24
      16
      22
      16
      18
      16
      25
      14
      22
      23
      26
      20
      24
      11
      23
      24
      24
      19
      27
      19
      27
      21
      24
      18
      27
      24
      27
      26
      15
      21
      15
      21
      23
      23
      23
      31
      15
      20
      16
      21
      26
      22
      15
      22
      24
      18
      26
      16
      22
      22
      16
      27
      16
      21
      18
      29
      21
      19
      21
      16
      28
      20
      19
      28
      19
      29
      17
      15
      17
      25
      25
      23
      25
      27
      22
      20
      29
      17
      19
      24
      23
      19
      24
      20
      25
      29
      22
      23
      21
      27
      29
      16
      21
      23
      33
      25
      20
      23
      23
      18
      19
      21
      26
      31
      22
      29
      19
      20
      27
      35
      27
      17
      18
      20
      24
      22
      18
      23
      19
      24
      19
      21
      18
      21
      20
      19
      20
      17
      16
      18
      26
      10
      20
      30
      12
      14
      21
      18
      21
      20
      22
      23
      18
      13
      19
      16
      25
      22
      21
      24
      19
      19
      22
      14
       8
      16
      18
      18
      14
      16
      14
      12
      19
      19
      19
      11
      24
      18
      18
      19
      15
      19
      14
      19
      21
      25
      25
      25
      24
      12
      11
      24
      23
      27
      20
      22
      22
      31
      21
      24
      24
      22
      27
      17
      16
      15
      22
      22
      11
      17
      20
      20
      16
      22
      15
      16
      19
      14
      20
      11
      25
      16
      19
      17
      24
      15
      24
      21
      19
      17
      20
      24
      11
      22
      19
      19
      19
      21
      15
      17
      23
      17
      19
      14
      21
      28
      25
      21
      17
      18
      23
      14
      22
      25
      15
      13
      17
      16
      20
      15
      11
      21
      17
      20
      18
      16
      16
      20
      16
      17
      11
      13
      22
      17
      23
      25
      23
       0
       0
       0
       0
       0
       0
       0
       0
       0
       0
       0
       0
       0
       0
       0
       0
       0
       0
       0
       0
       0
       0
       0
       0
       0
       0
       0
       0
       0
       0
       0
       0
       0
       0
       0
       0
       0
       0
       0
       0
       0
       0
       0
       0
       0
       0
       0
       0
       0
       0
       0
       0
       0
       0
       0
       0
       0
       0
       0
       0
       0
       0
       0
       0
       0
       0
       0
       0
       0
       0
       0
       0
       0
       0
       0
       0
       0
       0
       0
       0
       0
       0
       0
       0
$ROI:
1
712 830
$PRESETS:
Live Time
120
0
$ENER_FIT:
-23.656767 2.297974
$MCA_CAL:
3
-2.365677E+001 2.297974E+000 2.836717E-005 keV
$SHAPE_CAL:
3
0.000000E+000 0.000000E+000 0.000000E+000
