$SPEC_ID:
Sample002
$SPEC_REM:
DET# 1
DETDESC# DESKTOP-I499GD2 Easy-MCA-2k SN 18191655
AP# Maestro Version 7.01
$DATE_MEA:
03/01/2024 10:00:13
$MEAS_TIM:
120 122
$DATA:
0 2047
       0
       0
       0
       0
       3
       6
      27
      46
    2526
     310
     291
     306
     310
     362
     341
     337
     328
     342
     347
     338
     341
     335
     330
     367
     346
     386
     383
     391
     407
     483
     460
     503
     512
     554
     598
     514
     439
     463
     442
     464
     498
     523
     530
     584
     599
     600
     618
     637
     695
     723
     806
     776
     770
     877
     861
     866
     858
     889
     916
     971
    1020
    1157
    1320
    1622
    1852
    1862
    1788
    1506
    1247
     977
     884
     763
     778
     765
     739
     767
     749
     770
     809
     749
     782
     801
     788
     730
     751
     775
     801
     727
     760
     741
     747
     739
     715
     725
     691
     682
     665
     669
     735
     665
     659
     666
     705
     725
     685
     712
     659
     646
     709
     631
     653
     683
     641
     625
     668
     657
     621
     610
     614
     588
     662
     590
     567
     551
     592
     585
     540
     561
     540
     537
     519
     538
     517
     539
     527
     479
     514
     503
     475
     481
     460
     497
     473
     485
     443
     471
     476
     469
     412
     465
     426
     433
     426
     387
     432
     397
     433
     404
     366
     382
     395
     418
     391
     401
     374
     377
     372
     361
     368
     370
     362
     364
     354
     358
     358
     341
     361
     343
     336
     346
     349
     320
     332
     337
     353
     317
     318
     323
     301
     340
     349
     328
     323
     329
     317
     317
     324
     288
     308
     346
     315
     311
     291
     310
     294
     297
     278
     306
     307
     331
     306
     325
     351
     335
     357
     429
     374
     399
     441
     501
     492
     599
     538
     641
     653
     670
     757
     751
     748
     748
     810
     784
     740
     697
     717
     634
     635
     532
     513
     452
     448
     404
     354
     340
     300
     296
     269
     247
     233
     250
     218
     213
     205
     220
     222
     199
     201
     196
     202
     188
     210
     195
     208
     210
     198
     196
     182
     217
     191
     201
     197
     192
     206
     193
     216
     199
     190
     201
     222
     187
     185
     181
     201
     199
     195
     181
     209
     202
     209
     193
     217
     180
     201
     181
     182
     191
     194
     190
     200
     196
     160
     160
     180
     200
     193
     192
     176
     174
     182
     195
     171
     168
     173
     192
     167
     145
     169
     193
     176
     171
     186
     191
     182
     173
     160
     168
     187
     189
     184
     189
     201
     172
     147
     190
     190
     197
     174
     181
     162
     160
     163
     191
     158
     171
     181
     151
     156
     184
     157
     146
     159
     174
     159
     181
     148
     148
     176
     153
     151
     156
     151
     169
     170
     174
     166
     177
     124
     133
     157
     157
     161
     157
     134
     153
     160
     162
     143
     151
     149
     141
     156
     152
     142
     142
     163
     171
     146
     138
     136
     147
     123
     150
     150
     131
     155
     148
     151
     140
     138
     126
     135
     151
     133
     126
     140
     142
     140
     179
     131
     144
     155
     131
     130
     134
     147
     161
     143
     134
     128
     134
     145
     141
     141
     161
     159
     151
     121
     136
     129
     139
     148
     129
     147
     133
     133
     127
     145
     135
     160
     136
     134
     133
     142
     128
     138
     147
     136
     152
     133
     139
     127
     142
     130
     131
     130
     124
     128
     109
     133
     130
     137
     121
     137
     136
     123
     123
     139
     153
     136
     121
     123
     130
     131
     125
     121
     137
     134
     121
     142
     120
     136
     153
     126
     160
     150
     164
     167
     136
     135
     143
     140
     153
     138
     146
     130
     125
     136
     132
     133
     142
     128
     134
     137
     146
     156
     147
     124
     143
     140
     116
     138
     142
     133
     141
     135
     131
     122
     135
     128
     128
     131
     109
     129
     126
     135
     125
     134
     143
     135
     125
     127
     132
     132
     135
     135
     139
     129
     135
     149
     160
     151
     155
     138
     141
     152
     160
     139
     140
     140
     197
     151
     165
     149
     169
     167
     165
     184
     157
     179
     150
     208
     161
     175
     166
     163
     161
     173
     149
     144
     161
     160
     156
     128
     169
     139
     142
     143
     160
     158
     150
     149
     167
     145
     132
     133
     131
     133
     152
     138
     126
     127
     147
     137
     141
     127
     144
     146
     138
     154
     147
     150
     182
     143
     141
     137
     145
     147
     143
     146
     157
     131
     163
     168
     126
     148
     140
     160
     136
     143
     121
     171
     130
     159
     158
     171
     161
     189
     167
     176
     173
     163
     164
     169
     184
     156
     173
     185
     182
     183
     173
     161
     134
     179
     156
     147
     166
     160
     159
     143
     149
     161
     148
     166
     153
     134
     149
     158
     135
     167
     143
     137
     148
     134
     139
     118
     121
      93
     122
     124
     132
     106
     111
     106
     111
      94
     103
      97
      93
      94
     100
      85
      80
      98
      79
     103
      79
      86
     113
      91
      78
      69
      96
      89
      84
      73
      92
      66
      55
      61
      76
      85
      86
      71
      67
      68
      65
      88
      69
      82
      73
      64
      70
      74
      62
      72
      78
      69
      74
      74
      63
      79
      75
      76
      71
      75
      61
      67
      84
      90
      75
      84
      91
     103
      99
      92
     141
     152
     122
     142
     145
     177
     189
     184
     200
     225
     230
     234
     271
     302
     289
     310
     341
     351
     374
     426
     397
     425
     425
     426
     520
     495
     464
     502
     563
     522
     482
     496
     499
     479
     522
     468
     505
     523
     491
     432
     427
     430
     364
     343
     359
     335
     293
     327
     272
     229
     268
     224
     226
     228
     185
     161
     162
     144
     138
     126
     118
     106
     101
      80
      84
      79
      83
      83
      63
      63
      67
      56
      48
      53
      58
      51
      46
      53
      50
      36
      45
      52
      41
      41
      56
      40
      43
      37
      45
      45
      41
      48
      48
      28
      45
      44
      50
      46
      34
      40
      35
      31
      33
      37
      49
      44
      41
      35
      38
      39
      42
      48
      50
      39
      39
      42
      47
      47
      37
      54
      39
      49
      40
      38
      45
      43
      50
      50
      54
      36
      50
      41
      41
      32
      51
      44
      41
      32
      45
      41
      38
      40
      45
      49
      50
      43
      42
      44
      45
      45
      41
      35
      37
      28
      36
      39
      30
      33
      45
      34
      54
      40
      49
      36
      46
      51
      44
      40
      27
      49
      27
      39
      39
      37
      39
      37
      31
      37
      45
      42
      43
      41
      47
      42
      44
      44
      32
      45
      27
      40
      41
      45
      39
      37
      32
      43
      20
      38
      43
      41
      38
      42
      45
      41
      30
      46
      37
      31
      30
      41
      29
      37
      28
      37
      30
      25
      33
      33
      29
      34
      34
      41
      31
      39
      35
      26
      32
      32
      26
      38
      36
      43
      42
      39
      37
      31
      23
      34
      39
      40
      42
      38
      39
      48
      34
      41
      39
      38
      46
      38
      37
      41
      40
      37
      35
      44
      36
      40
      44
      38
      47
      35
      43
      39
      44
      37
      38
      52
      38
      36
      41
      40
      39
      37
      42
      30
      46
      30
      46
      33
      43
      36
      39
      34
      42
      46
      33
      40
      34
      46
      32
      36
      42
      38
      38
      34
      36
      32
      37
      27
      41
      45
      39
      27
      32
      44
      35
      34
      48
      43
      37
      28
      34
      37
      39
      30
      41
      35
      32
      31
      44
      23
      27
      31
      38
      25
      34
      31
      32
      27
      38
      35
      32
      35
      28
      32
      31
      28
      30
      35
      30
      31
      32
      31
      26
      32
      36
      36
      39
      38
      34
      33
      44
      36
      27
      38
      34
      28
      30
      32
      27
      46
      40
      38
      29
      29
      38
      24
      32
      36
      35
      44
      25
      41
      31
      27
      39
      24
      40
      27
      34
      37
      32
      30
      39
      34
      36
      33
      44
      41
      26
      32
      25
      23
      31
      34
      24
      32
      31
      32
      32
      29
      29
      31
      29
      28
      36
      24
      30
      23
      21
      45
      39
      35
      24
      35
      29
      32
      27
      31
      23
      32
      37
      25
      23
      33
      32
      27
      25
      27
      31
      34
      33
      27
      31
      44
      33
      29
      35
      34
      36
      32
      33
      34
      24
      30
      36
      31
      29
      29
      35
      28
      36
      43
      44
      29
      33
      42
      35
      35
      42
      39
      21
      34
      42
      40
      35
      40
      31
      40
      46
      46
      37
      32
      37
      33
      33
      55
      32
      33
      38
      49
      39
      35
      31
      32
      40
      31
      37
      35
      35
      40
      39
      26
      37
      37
      43
      27
      36
      35
      26
      37
      32
      36
      41
      30
      36
      38
      32
      40
      41
      30
      27
      32
      26
      25
      16
      34
      24
      33
      27
      28
      28
      21
      22
      37
      20
      39
      25
      31
      27
      23
      32
      29
      22
      26
      32
      36
      22
      25
      19
      26
      22
      21
      31
      32
      27
      33
      36
      27
      21
      28
      41
      27
      19
      26
      30
      38
      35
      26
      30
      25
      29
      26
      20
      25
      29
      42
      23
      28
      21
      33
      29
      24
      34
      30
      22
      34
      28
      24
      23
      28
      24
      36
      30
      35
      24
      32
      33
      28
      31
      29
      33
      34
      30
      23
      20
      40
      41
      24
      34
      37
      23
      34
      29
      27
      26
      29
      28
      36
      30
      26
      35
      32
      30
      26
      25
      24
      42
      29
      20
      31
      33
      24
      25
      20
      28
      26
      23
      33
      25
      35
      27
      19
      32
      21
      25
      25
      23
      18
      23
      24
      25
      25
      30
      29
      23
      32
      29
      22
      27
      20
      34
      21
      24
      29
      22
      22
      32
      22
      28
      22
      19
      25
      16
      20
      29
      30
      24
      22
      21
      28
      21
      19
      28
      21
      19
      28
      31
      29
      26
      26
      22
      23
      26
      25
      34
      23
      29
      32
      22
      39
      31
      25
      26
      25
      27
      33
      24
      30
      27
      27
      24
      21
      33
      15
      21
      34
      18
      29
      26
      34
      29
      26
      37
      31
      31
      25
      32
      30
      37
      23
      35
      44
      37
      21
      30
      24
      24
      25
      36
      27
      22
      27
      25
      42
      31
      33
      21
      34
      27
      27
      30
      20
      29
      39
      21
      35
      26
      24
      25
      26
      27
      25
      24
      40
      35
      35
      24
      31
      25
      18
      21
      28
      30
      34
      25
      22
      33
      33
      31
      26
      27
      28
      34
      32
      23
      24
      31
      34
      30
      37
      32
      25
      27
      31
      24
      32
      30
      22
      34
      28
      29
      27
      39
      29
      40
      30
      36
      34
      33
      24
      26
      36
      30
      35
      24
      29
      27
      31
      34
      38
      36
      32
      29
      32
      31
      31
      26
      24
      28
      37
      31
      26
      36
      26
      30
      41
      38
      30
      33
      40
      29
      28
      22
      25
      32
      30
      31
      41
      33
      21
      36
      32
      29
      31
      35
      20
      35
      33
      34
      33
      33
      23
      35
      23
      30
      33
      34
      33
      31
      31
      24
      37
      39
      36
      31
      31
      22
      38
      30
      21
      27
      27
      18
      24
      30
      38
      32
      38
      26
      33
      33
      32
      31
      26
      31
      33
      27
      39
      27
      28
      25
      23
      37
      27
      22
      34
      36
      17
      31
      31
      32
      30
      27
      23
      33
      34
      26
      24
      35
      30
      32
      33
      27
      26
      34
      39
      33
      23
      30
      25
      36
      45
      33
      28
      24
      43
      34
      32
      23
      30
      33
      24
      34
      38
      24
      28
      32
      19
      29
      34
      33
      33
      28
      30
      30
      46
      30
      20
      22
      43
      35
      32
      34
      41
      37
      34
      29
      41
      44
      33
      39
      38
      28
      41
      33
      31
      33
      27
      30
      28
      30
      40
      28
      29
      31
      39
      43
      29
      40
      36
      31
      46
      40
      35
      41
      34
      32
      29
      39
      39
      41
      36
      40
      23
      51
      37
      37
      32
      40
      35
      33
      26
      43
      34
      36
      35
      34
      28
      30
      40
      37
      46
      41
      28
      39
      29
      38
      42
      31
      43
      38
      44
      31
      33
      29
      32
      38
      32
      36
      41
      29
      36
      30
      41
      22
      42
      32
      37
      31
      46
      38
      30
      36
      42
      42
      36
      35
      29
      37
      40
      31
      41
      35
      49
      36
      39
      35
      38
      31
      34
      41
      40
      48
      34
      45
      44
      42
      48
      29
      38
      41
      39
      35
      37
      32
      30
      25
      33
      42
      37
      30
      32
      33
      25
      39
      29
      31
      43
      43
      37
      29
      27
      28
      24
      35
      40
      26
      27
      32
      43
      34
      28
      25
      44
      38
      32
      26
      24
      39
      30
      22
      35
      29
      26
      38
      26
      20
      36
      34
      35
      32
      39
      34
      25
      22
      42
      27
      28
      34
      33
      27
      30
      34
      30
      32
      31
      29
      27
      40
      27
      33
      31
      37
      35
      34
      41
      32
      24
      30
      32
      27
      28
      29
      31
      28
      37
      39
      25
      38
      32
      40
      38
      30
      27
      35
      24
      39
      38
      28
      36
      30
      33
      24
      29
      30
      29
      43
      31
      27
      24
      38
      28
      33
      26
      26
      36
      21
      40
      33
      41
      36
      34
      28
      30
      31
      35
      35
      33
      34
      33
      35
      27
      38
      29
      30
      33
      34
      44
      32
      28
      24
      30
      25
      32
      28
      35
      31
      26
      33
      40
      28
      32
      33
      31
      35
      34
      18
       1
       0
       0
       0
       0
       0
       0
       0
       0
       0
       0
       0
       0
       0
       0
       0
       0
       0
       0
       0
       0
       0
       0
       0
       0
       0
       0
       0
       0
       0
       0
       0
       0
       0
       0
       0
       0
       0
       0
       0
       0
       0
       0
       0
       0
       0
       0
       0
       0
       0
       0
       0
       0
       0
       0
       0
       0
       0
       0
       0
       0
       0
       0
       0
       0
       0
       0
       0
       0
       0
       0
       0
       0
       0
       0
       0
       0
       0
       0
       0
       0
       0
       0
       0
$ROI:
1
712 830
$PRESETS:
Live Time
120
0
$ENER_FIT:
-23.656767 2.297974
$MCA_CAL:
3
-2.365677E+001 2.297974E+000 2.836717E-005 keV
$SHAPE_CAL:
3
0.000000E+000 0.000000E+000 0.000000E+000
