$SPEC_ID:
Sample022
$SPEC_REM:
DET# 1
DETDESC# DESKTOP-I499GD2 Easy-MCA-2k SN 18191655
AP# Maestro Version 7.01
$DATE_MEA:
03/01/2024 10:40:41
$MEAS_TIM:
120 120
$DATA:
0 2047
       0
       0
       0
       0
       0
       0
       1
       3
     135
      71
      79
      50
      86
      97
      88
      80
      85
      89
      99
      81
      79
      80
      82
      78
      87
      76
      86
     120
     128
     146
     147
     129
     154
     188
     191
     143
     136
     124
     137
     154
     175
     145
     166
     163
     195
     188
     191
     207
     217
     252
     256
     263
     318
     322
     331
     322
     285
     258
     301
     326
     392
     422
     538
     613
     713
     678
     574
     487
     427
     332
     284
     250
     224
     281
     257
     239
     240
     275
     251
     222
     209
     218
     247
     239
     264
     242
     258
     258
     248
     266
     240
     254
     252
     224
     220
     231
     214
     208
     202
     203
     226
     175
     230
     222
     194
     209
     200
     203
     199
     186
     179
     222
     181
     175
     183
     185
     160
     177
     197
     142
     133
     157
     170
     156
     152
     166
     137
     164
     187
     158
     155
     130
     129
     147
     140
     172
     139
     123
     134
     139
     134
     125
     129
     124
     120
     137
     120
     114
     118
     138
     114
     100
     103
     113
     131
     109
     107
      95
     112
     101
     120
     110
     110
     120
     124
     109
     114
     105
     103
     103
     112
      76
      87
      92
      89
      80
      80
      75
      79
      61
      88
      78
      80
      70
      82
      77
      89
      74
      75
      80
      69
      81
      65
      81
      99
      77
      89
      72
      92
      75
      82
      75
      75
      79
      78
      74
      64
      67
      84
      72
      71
      78
      88
      75
      88
     104
      81
     120
     105
     138
     104
     128
     141
     135
     166
     135
     160
     171
     162
     202
     186
     168
     157
     132
     174
     163
     147
     132
     115
     103
      94
      88
      82
      67
      62
      64
      57
      61
      57
      56
      56
      47
      62
      51
      56
      61
      43
      57
      56
      50
      52
      53
      39
      56
      47
      49
      49
      47
      40
      33
      47
      54
      46
      45
      55
      53
      53
      50
      38
      41
      49
      48
      45
      56
      45
      42
      49
      56
      42
      38
      52
      52
      48
      55
      47
      46
      46
      44
      39
      35
      41
      40
      44
      43
      48
      37
      45
      40
      38
      48
      45
      38
      51
      55
      57
      38
      55
      53
      37
      45
      52
      53
      43
      34
      43
      36
      33
      31
      43
      41
      44
      35
      42
      40
      47
      41
      42
      41
      29
      38
      34
      39
      44
      32
      30
      38
      38
      38
      39
      50
      35
      54
      39
      38
      41
      42
      50
      48
      35
      40
      29
      38
      49
      37
      44
      48
      25
      33
      44
      40
      52
      40
      36
      39
      27
      41
      42
      31
      38
      37
      26
      38
      33
      41
      31
      33
      39
      36
      27
      21
      33
      29
      21
      33
      27
      26
      36
      26
      33
      32
      32
      37
      33
      21
      25
      34
      29
      43
      34
      31
      28
      23
      20
      37
      24
      41
      23
      25
      33
      22
      37
      34
      39
      29
      36
      33
      30
      26
      24
      31
      21
      31
      28
      30
      42
      35
      25
      32
      23
      34
      37
      37
      28
      29
      43
      32
      33
      32
      32
      35
      26
      33
      31
      33
      25
      31
      39
      22
      21
      34
      39
      25
      23
      36
      22
      36
      42
      24
      28
      35
      33
      37
      33
      44
      31
      48
      41
      29
      40
      34
      35
      31
      32
      34
      30
      50
      30
      33
      38
      47
      47
      36
      50
      44
      40
      42
      27
      37
      38
      50
      25
      39
      31
      32
      36
      29
      44
      30
      40
      33
      40
      29
      27
      34
      33
      31
      26
      31
      34
      19
      34
      38
      34
      19
      32
      26
      33
      35
      29
      34
      32
      28
      27
      24
      37
      26
      20
      31
      26
      33
      34
      18
      29
      27
      27
      29
      26
      35
      43
      40
      34
      41
      33
      33
      38
      43
      39
      28
      30
      39
      44
      33
      22
      26
      28
      36
      27
      40
      40
      37
      32
      30
      23
      29
      40
      27
      32
      37
      28
      28
      32
      37
      22
      21
      32
      28
      37
      30
      24
      37
      32
      28
      35
      30
      39
      25
      27
      24
      31
      27
      24
      29
      33
      33
      30
      21
      30
      30
      22
      27
      33
      21
      39
      30
      40
      22
      34
      37
      40
      37
      36
      50
      31
      33
      38
      44
      36
      42
      35
      45
      37
      42
      29
      41
      30
      42
      34
      30
      37
      34
      41
      37
      22
      24
      40
      38
      45
      37
      32
      37
      37
      33
      26
      31
      32
      21
      32
      23
      27
      26
      31
      19
      21
      29
      32
      25
      27
      17
      25
      22
      21
      13
      20
      18
      17
      13
      27
      13
      24
      27
      16
      13
      11
      23
      17
      17
      22
      15
      14
      16
      13
       8
      10
      14
      27
      10
      14
      18
       8
       7
       8
      18
      18
      13
      11
      13
       9
      14
      20
       9
      15
      14
      16
      17
      18
      13
      16
      13
      14
      10
       9
      15
      17
      14
      11
       8
       5
      19
      18
      19
      13
      23
      21
      21
      26
      37
      35
      29
      30
      33
      42
      37
      44
      36
      55
      44
      43
      55
      69
      62
      82
      65
      66
      62
      84
      95
      87
      98
      84
     105
      96
     107
     114
     106
      93
     112
     107
      85
      99
      87
     116
      84
      83
      81
      68
      79
      67
      60
      59
      71
      51
      52
      64
      41
      39
      49
      35
      41
      34
      30
      24
      29
      20
      25
      18
      16
      17
      21
      13
      13
      14
      19
      19
      10
      19
       7
      12
      10
      14
       7
      12
      15
      19
      11
       7
      12
      10
       9
       8
       6
       6
       7
      14
       7
      12
      10
       5
      12
       8
       7
      13
      12
       7
       6
       9
       9
       9
       2
       9
       7
      10
       8
       9
       7
      15
       4
       7
      11
       7
      12
       9
       3
      11
       8
      15
       9
      18
      13
      13
      13
      13
       6
       5
       4
       8
       5
       7
       5
       8
       9
       8
       7
       5
      11
       5
      10
      10
      10
       5
       8
       8
       6
       8
      11
       8
      11
      11
      10
       5
      10
       7
       8
       5
       5
      10
       9
      10
       6
       8
       7
      11
      13
       3
      11
      15
       9
       7
       7
       7
       9
       8
       8
       6
       9
       4
      11
       4
      11
       8
       6
       9
       8
       7
       4
       5
      10
       9
       4
      10
      11
       9
       4
       8
       7
      11
       7
       2
      13
       8
       6
       5
       9
       4
      14
      10
      10
       9
       7
       6
       5
       3
      10
       8
       6
       8
       7
      11
       5
       7
       6
       6
       7
       5
       9
       8
       9
      10
      12
       7
       3
       6
      12
       8
      11
       5
       6
      13
      12
       5
      10
       7
      11
      11
       4
       7
      11
      10
       9
       7
       4
      13
      11
       9
       6
       4
       7
       9
       4
       7
       8
       8
      12
       9
       8
       5
       6
       7
       9
       9
      10
      12
       9
       7
       9
       7
       2
       6
       3
       3
       9
      14
       5
       7
       6
       8
       7
       2
       6
       8
       8
       8
       9
       5
       9
       7
      11
       7
       8
       6
       5
       5
       6
       4
      12
      10
       4
      16
       2
       8
       6
       3
       4
      10
       9
       6
       4
       9
       6
       7
       3
       6
       4
       6
       3
       6
       2
      11
       9
       8
      10
       5
      11
       5
       5
       7
       7
       6
       5
       6
       6
       6
      10
       0
       7
       6
       7
       6
       6
       6
       4
       7
       3
       7
       4
       5
       6
       5
       8
       8
       8
       6
       7
       5
       6
       7
       5
       7
      11
       8
       8
       7
      10
       5
       2
       4
       3
       7
      10
       8
       4
       6
       3
       7
       7
      12
       6
       3
       8
       8
      11
       7
       5
       8
      11
       9
      11
       3
       7
       4
       7
       7
      12
       8
       5
       4
       3
       6
       6
       5
       6
       7
       3
       4
       7
       9
       4
       2
       9
       4
       1
      10
       3
       5
       7
       7
       2
       3
       6
       5
       9
       5
       4
       8
       5
       5
       4
       7
       5
       7
       3
      15
       9
       5
       8
       2
      10
       6
       9
       7
       2
       7
      11
      10
       3
       8
       9
       9
       5
       5
       9
       7
      13
       9
       9
       6
       7
       8
      11
       8
       8
       4
       4
      10
       7
       6
       6
       7
       8
      10
       4
       3
       8
      13
       6
       7
       6
      11
       6
       9
       8
       6
       6
       9
       4
       7
       5
      11
      13
       8
       4
      11
      12
       5
       7
       6
       3
       3
       7
       6
       7
       4
       3
       5
      12
       6
       2
       7
       7
       4
       9
       3
       4
       5
       6
       6
       5
       5
       5
       5
       7
       5
       6
       2
       4
       9
       6
       9
      14
       6
       8
       6
       6
       7
       5
       7
       6
       3
       9
       7
       7
      12
       3
       3
       4
       4
       6
       8
       6
       7
       7
       7
       4
       7
       4
       6
       4
       2
       5
       5
       6
       4
       3
       7
       6
       7
      11
       8
      11
       6
       4
       6
       3
       9
       5
       6
       8
       6
       5
       7
       8
       3
       4
       3
      11
       5
       1
       8
       8
       6
       5
       5
       4
       4
       9
       2
       5
       7
       9
       2
       3
       6
       6
       6
       7
       4
       4
       1
       5
       5
       2
       3
       5
       5
       5
      10
       3
       9
       9
       5
       5
       7
       2
       5
       3
       4
       1
       2
       5
       6
       5
       5
       3
       3
       5
       5
       4
       6
       0
       4
       5
       4
       7
       5
       6
       7
       3
       5
       6
       7
       4
       5
       7
       6
       6
       7
       6
       5
      11
       5
       5
       6
       8
      10
       7
       3
       5
       8
       3
       5
       5
       6
       6
       4
       5
       4
       7
       4
       7
       5
       6
       7
       7
       9
       5
       7
       3
       6
       7
       4
       3
       5
       5
       1
       6
       5
       2
       8
       3
       7
       4
       4
       9
       8
       8
       6
       3
       7
       4
       7
       8
       7
       1
       4
       9
       5
       9
       2
       6
       6
       3
       6
       5
       7
       7
       8
       9
       7
       3
       6
       7
       6
       4
       6
       6
       4
       1
       5
      15
       8
       4
       3
       2
       8
       2
       6
       2
       0
       7
       6
       6
       8
       4
       7
       4
       6
       6
       3
       4
       6
       7
       9
       7
       4
       9
       9
       5
       7
       6
       5
       8
       4
       5
       8
       5
       6
       4
       9
      10
       9
       7
       4
       7
       6
      11
       3
       5
       7
       7
       9
       7
       4
      12
       6
       7
       2
       9
       9
       3
       3
       8
       8
       7
       9
       7
       5
       5
       7
       5
      10
      10
       9
       7
       3
       5
       9
       7
      11
      13
       7
       8
       6
       7
       8
       3
      11
       5
       4
      12
      10
       5
       6
       6
       2
       7
       6
      10
       7
       3
       7
       6
       8
       5
       2
       3
       4
       7
       8
       8
       4
       5
       6
      11
       9
       7
      11
       6
       6
       9
       5
       6
      13
       5
       4
       7
       7
       5
       8
       7
       6
       6
       5
      14
       4
       6
       6
       5
      10
      11
       5
       9
       4
       4
       7
       4
       3
       8
       7
       1
      10
       4
       6
       5
       4
       3
       7
       6
      11
       7
      12
       9
       8
       7
      11
       8
       1
       7
       5
       6
       8
       3
       5
       8
       5
       2
       6
       2
      10
       8
       3
       9
       7
       4
       4
      12
       7
       7
       3
      13
       8
      11
       4
       9
       6
       6
       7
       8
       9
       9
       5
       4
       7
       3
       9
      11
      10
       8
       9
       7
       5
       7
       5
       8
       8
       5
       2
       7
       7
       9
       8
       9
      10
      11
       6
       6
       4
       4
       8
       6
       6
       6
       7
      12
      12
       5
       8
       7
       5
       7
       8
       9
       7
       4
       4
       6
       4
       5
      10
       8
       5
       9
       9
       6
       2
       9
       4
       9
       7
       6
       7
       7
       9
       3
       6
       8
       8
       5
      14
       6
      10
       7
       8
      12
       8
       7
       3
       4
       9
       9
       7
       5
       9
      15
       8
      10
       7
       6
      10
       6
       6
       5
       8
       4
       9
       8
      13
       5
      10
      10
       7
       8
       4
      11
      12
       3
       5
      10
      10
      11
       3
       5
       9
       6
      13
       6
       6
       4
       7
       7
       8
       9
       6
       9
       8
      10
      10
       5
       7
       3
       7
       3
      11
       8
       6
       7
       5
       3
       7
       2
       8
       4
       4
       8
       8
       8
       6
       9
       9
       5
       3
       8
       4
       7
      13
       6
       8
       4
       4
       4
       3
       5
       6
       9
       5
       2
       8
       5
       2
       3
      12
       7
       7
       7
       4
       7
       9
       3
       7
       9
      11
       9
       3
       5
       5
      11
       8
      11
       8
       2
       5
       2
       4
       4
       4
       8
       6
       3
       8
       9
       9
       5
       9
       6
      11
       8
       4
       6
       9
       9
       8
       6
       4
       7
       2
       8
       6
       6
       6
       6
       5
       9
       5
       5
       4
       8
       4
       7
       9
       7
       6
       5
       7
       9
       7
       3
       2
       5
       3
      12
       7
       5
       9
       3
       4
       5
       9
       3
       7
       4
       8
      13
       9
       5
       5
       7
       8
      12
       5
       9
       3
       5
       4
      13
       4
       7
       5
      10
       3
       6
       8
       9
      10
       5
       8
       6
       0
       0
       0
       0
       0
       0
       0
       0
       0
       0
       0
       0
       0
       0
       0
       0
       0
       0
       0
       0
       0
       0
       0
       0
       0
       0
       0
       0
       0
       0
       0
       0
       0
       0
       0
       0
       0
       0
       0
       0
       0
       0
       0
       0
       0
       0
       0
       0
       0
       0
       0
       0
       0
       0
       0
       0
       0
       0
       0
       0
       0
       0
       0
       0
       0
       0
       0
       0
       0
       0
       0
       0
       0
       0
       0
       0
       0
       0
       0
       0
       0
       0
       0
       0
$ROI:
1
712 830
$PRESETS:
Live Time
120
0
$ENER_FIT:
-23.656767 2.297974
$MCA_CAL:
3
-2.365677E+001 2.297974E+000 2.836717E-005 keV
$SHAPE_CAL:
3
0.000000E+000 0.000000E+000 0.000000E+000
