$SPEC_ID:
Sample026
$SPEC_REM:
DET# 1
DETDESC# DESKTOP-I499GD2 Easy-MCA-2k SN 18191655
AP# Maestro Version 7.01
$DATE_MEA:
03/01/2024 10:48:44
$MEAS_TIM:
120 120
$DATA:
0 2047
       0
       0
       0
       0
       0
       0
       0
       4
      87
      60
      65
      44
      58
      46
      65
      64
      66
      70
      78
      79
      57
      59
      61
      64
      78
      67
      79
      76
     119
     117
     121
     141
     149
     165
     145
     100
      92
     101
     115
     106
     117
     153
     133
     148
     164
     159
     173
     174
     210
     202
     204
     254
     273
     286
     290
     257
     278
     257
     233
     304
     339
     391
     442
     570
     586
     612
     546
     429
     353
     291
     227
     220
     223
     211
     210
     203
     179
     235
     202
     229
     180
     200
     199
     218
     211
     205
     190
     212
     194
     216
     183
     227
     202
     196
     201
     189
     165
     185
     189
     162
     201
     165
     166
     188
     165
     163
     158
     192
     182
     175
     148
     144
     143
     153
     128
     157
     150
     132
     135
     126
     129
     158
     125
     118
     112
     115
     130
      96
     136
     129
     111
     117
     124
     115
     117
     129
     107
     119
     128
     103
     111
     107
      92
      99
      99
     101
      95
      91
     102
      92
      93
     110
      86
     110
      81
      83
      88
      68
      81
      71
      83
      94
      74
      83
      71
      83
      68
      96
      84
      82
      73
      65
      77
      81
      81
      65
      63
      68
      64
      70
      67
      72
      55
      74
      49
      67
      60
      71
      50
      58
      63
      56
      56
      61
      65
      52
      51
      58
      58
      51
      59
      66
      66
      60
      63
      46
      57
      55
      57
      65
      61
      68
      65
      66
      63
      73
      91
      82
      84
      74
      97
      97
     103
     128
     122
     109
     130
     119
     119
     116
     130
     128
     132
     111
     134
     113
     105
     107
     105
      89
      71
      56
      65
      39
      38
      56
      43
      37
      41
      54
      45
      37
      35
      36
      31
      32
      32
      44
      38
      42
      46
      40
      48
      50
      32
      35
      41
      46
      45
      34
      32
      31
      40
      33
      47
      44
      34
      42
      38
      43
      43
      38
      45
      31
      43
      36
      33
      39
      30
      35
      29
      34
      37
      30
      33
      34
      25
      32
      31
      36
      42
      27
      36
      32
      31
      31
      37
      31
      26
      35
      29
      35
      39
      34
      29
      26
      26
      35
      31
      32
      32
      22
      42
      32
      30
      35
      31
      36
      34
      32
      35
      24
      33
      37
      37
      31
      27
      24
      38
      24
      28
      21
      28
      34
      26
      38
      28
      26
      27
      31
      32
      33
      28
      23
      25
      26
      28
      38
      39
      24
      30
      37
      31
      32
      28
      27
      26
      29
      28
      24
      32
      24
      31
      29
      28
      35
      34
      25
      30
      23
      24
      23
      27
      38
      25
      27
      13
      26
      32
      26
      21
      24
      24
      25
      28
      26
      35
      27
      17
      27
      22
      25
      21
      23
      29
      11
      26
      30
      25
      24
      33
      18
      27
      25
      26
      27
      26
      20
      27
      28
      25
      28
      33
      23
      21
      18
      19
      33
      25
      26
      23
      19
      16
      23
      27
      18
      20
      20
      23
      21
      19
      17
      26
      19
      17
      25
      17
      20
      23
      21
      22
      28
      21
      19
      16
      28
      21
      15
      23
      23
      29
      16
      15
      22
      24
      19
      21
      26
      19
      21
      23
      21
      16
      20
      19
      33
      25
      28
      30
      25
      35
      23
      33
      21
      38
      25
      27
      32
      32
      25
      32
      33
      35
      31
      25
      30
      27
      41
      21
      21
      22
      24
      39
      21
      22
      19
      20
      11
      24
      19
      21
      21
      28
      20
      17
      24
      23
      19
      21
      19
      20
      29
      16
      13
      11
      21
      25
      14
      20
      20
      34
      22
      16
      17
      20
      27
      29
      19
      17
      25
      20
      20
      16
      30
      20
      28
      19
      25
      22
      22
      14
      22
      17
      18
      27
      20
      29
      17
      31
      15
      25
      23
      20
      21
      21
      23
      28
      16
      13
      14
      21
      21
      17
      27
      26
      25
      22
      27
      19
      22
      24
      11
      19
      20
      31
      17
      25
      15
      12
      15
      26
      23
      23
      15
      15
      17
      22
      14
      24
      22
      22
      17
      21
      27
      16
      24
      19
      20
      17
      22
      22
      23
      27
      15
      27
      18
      26
      24
      20
      16
      30
      27
      22
      29
      29
      19
      22
      20
      29
      23
      25
      22
      29
      24
      22
      32
      29
      33
      27
      25
      19
      31
      29
      17
      25
      24
      16
      24
      28
      24
      22
      18
      17
      25
      24
      14
      25
      19
      21
      21
      17
      23
      18
      11
      15
      14
      16
      18
      14
      18
      11
       8
      10
      16
      10
      17
      11
      14
      12
      12
      12
      17
      18
       8
      12
      12
       9
       9
       5
       9
      12
       8
      16
       8
       7
       5
       6
      10
      12
       8
       9
      11
      12
       6
       9
       9
       5
       7
      11
       8
       5
       7
       9
      11
       5
      11
       9
      10
      11
      12
       8
      14
       7
      13
      12
       9
      14
      10
       8
      12
      14
      11
      14
      10
      17
      14
      18
      18
      27
      21
      23
      24
      32
      29
      27
      38
      44
      50
      31
      42
      53
      64
      44
      41
      58
      51
      66
      76
      70
      73
      64
      72
      81
      64
      57
      66
      51
      69
      59
      55
      52
      53
      70
      52
      43
      37
      51
      55
      49
      35
      40
      35
      35
      31
      28
      25
      21
      19
      16
      17
      17
      18
       9
      16
      12
      11
      11
      11
       5
       9
       6
      13
       4
       8
       4
       6
       2
       5
       7
       9
       7
       9
       7
       5
       6
       4
       6
       6
       5
       7
       7
       5
       3
       7
       2
       7
       9
       6
       8
       9
       7
       5
       9
       7
       4
       4
       3
       4
       5
       5
       6
      12
       4
       6
       9
       2
       4
       1
       4
       7
       4
       4
       2
       7
       9
       6
       6
       2
       5
       5
       7
       5
       5
       4
       5
       1
       3
       6
       4
       7
       4
      10
      10
       5
       3
       4
       6
       6
       7
       7
       7
       4
       5
       6
       9
       4
       8
       6
       4
       4
       7
       7
       5
       2
       7
       6
       2
       8
       7
       5
       5
       9
       6
       2
      10
       3
       3
       3
       2
      12
       5
       8
       7
       5
       5
       8
       5
       1
       7
       6
       1
       8
       5
       3
       2
       7
       5
      12
       1
       1
       6
       3
       4
       4
       4
       4
       5
       5
       8
       4
       8
       5
       6
       6
       9
       2
       3
       5
       3
       4
       4
       4
       7
       5
       7
       7
       3
       5
       4
       8
       4
       3
       4
       7
       5
       4
       4
       3
       3
       4
       5
       9
       3
       2
       4
       5
      12
       4
       2
       4
       1
      10
       5
       8
       4
       5
       6
       4
       6
       3
      10
       4
       4
       6
       3
       6
       5
       2
       9
       3
       8
       7
       3
      10
       6
       5
       8
       7
       4
       4
       6
       6
       4
       2
       2
       1
       5
       6
       7
       5
       2
       6
       4
       6
       5
       7
       6
       5
       3
       6
       3
       3
       2
       3
       2
       7
       4
       3
       2
       4
       2
       1
       4
       4
       8
       2
       3
       5
       4
       5
       4
       4
       3
      11
       6
       4
       5
       5
       5
       6
       3
       5
      10
       7
       6
       4
       3
       6
       8
       5
       2
       3
       0
       7
       2
       2
       5
       2
       8
       2
       3
       9
       5
       4
       6
       4
       6
       2
       6
       2
       5
       7
       4
      10
       2
       3
       3
       3
       2
       3
       5
       5
       6
       7
       6
       5
       3
       6
       4
       4
       2
       5
       5
       7
       4
       3
       6
       7
       3
       7
       6
       6
       6
       6
       6
       7
       3
       1
       4
       5
       7
       5
       6
       4
       0
       3
       4
       4
       4
       3
       4
       3
       0
       3
       4
       6
       6
       9
       3
      10
       7
       4
       3
       6
       3
       4
       3
       7
       4
       3
       2
       2
       3
       3
       6
       6
       3
       7
       3
       4
       3
       4
       1
       6
       8
       5
       1
       3
       4
       5
       6
       8
       2
       5
       0
       7
       4
       4
       7
       5
       2
       9
       4
       6
       6
       5
       2
       4
      11
       2
       7
       7
       4
       6
       6
       2
       8
       6
       9
       7
       8
       8
       3
       4
       5
       2
       4
       2
       3
       5
       7
       5
       6
       4
       8
       3
       7
       6
       5
       5
       4
       4
       8
       4
       4
       3
       4
       6
       4
       2
       2
       3
       2
       5
       5
       3
       0
       2
       2
       4
       6
       3
       1
       4
       2
       0
       5
       3
       4
       2
       4
       5
       6
       2
       3
       3
       3
       2
       6
       4
       6
       6
       6
       2
       4
       5
       4
       7
       4
       3
       2
       3
       1
       6
       3
       2
       2
       5
       2
       4
       5
       6
       6
       0
       5
       7
       1
       5
      10
       3
       2
       3
      11
       0
       1
       4
       5
       1
       4
       7
       3
       1
       6
       1
       5
       2
       4
       3
       2
       2
       4
       4
       5
       4
       4
       6
       3
       4
       4
       8
       4
       3
       2
       4
       6
       2
       3
       3
       3
       7
       2
       5
       3
       1
       4
       3
       1
       5
       7
       4
       3
       5
       7
       3
       3
       2
       3
       0
       1
       4
       3
       3
       4
       2
       5
       7
       0
       3
       1
       3
       2
       3
       2
       2
       2
       2
       4
       2
       5
       1
       6
       1
       4
       2
       5
       4
       1
       4
       3
      10
       1
       6
       7
       1
       5
       4
       0
       2
       3
       4
       3
       3
       8
       2
       3
       2
       4
       7
       5
       5
       5
       5
       3
       4
       3
       2
       3
       4
       4
       3
       3
       3
       4
       4
       7
       4
       6
       2
       2
       5
       7
       5
       4
       2
       2
       2
       0
       4
       6
       4
       2
       9
       2
       3
       5
       5
       3
       4
       3
       6
       2
       2
       6
       5
       3
       3
       3
       4
       4
       4
       5
       4
       1
       1
       9
       2
       1
       5
       2
       4
       4
       2
       3
       5
       4
       1
       3
       4
       6
       2
       4
       1
       9
       3
       3
       2
       8
       3
       4
       4
       1
       1
       2
       4
       6
       1
       5
       2
       6
       7
       3
       3
       3
       3
       5
       5
       2
       4
       1
       5
       2
       3
       2
       5
       2
       4
       7
       5
       2
       1
       4
       2
       0
       4
       5
       3
       5
       3
       6
       3
      10
       2
       5
       4
       3
       0
       4
       8
       3
       7
       5
       4
       6
       5
       4
       2
       6
       4
       0
       6
       3
       2
       5
       4
       6
       3
       3
       4
       6
       3
       3
       6
       7
       2
       3
       4
       2
       2
       2
       6
       3
       6
       5
       5
       5
       2
       7
       6
       3
       3
       5
       2
       8
       7
       8
       7
       1
       1
       4
       5
       5
       6
       2
       3
       4
       3
       0
       4
       2
       3
       5
       5
       7
       6
       4
       3
       4
       5
       8
       5
       3
       5
       7
       4
       3
       3
       3
       4
       5
       6
       4
       5
       8
       2
       2
       6
       4
       3
       4
       8
       4
       3
       2
       4
       4
       2
       4
       4
       5
       4
       3
       1
       3
       2
       4
       6
       7
       5
       6
       4
       3
       5
       3
       7
       3
       3
       5
       3
       2
       6
       4
       3
       6
       2
       4
       5
       5
       4
       6
       7
       5
       9
       5
       5
       8
       6
       5
       6
       5
       7
       4
       3
       7
       5
       3
       2
       5
       3
       7
       2
       3
       3
       6
       6
       4
       4
       4
       6
       2
       2
       7
       7
       3
       4
       5
       6
       8
       5
       4
       6
       6
       8
       5
       6
       4
       4
       3
      10
       5
      10
       5
       4
       6
       5
       7
       3
       3
       7
       3
       8
       2
       6
       5
       2
       4
       7
       8
       7
       1
       3
       7
       2
       3
       4
       2
       7
       4
       1
       5
       4
       7
       1
       7
       6
       6
       6
       4
       5
       5
       3
       5
       3
       4
       7
       5
       6
       6
       5
       2
       5
       7
       6
       3
       1
       5
       4
       3
       2
       8
       4
       4
       5
       8
       4
       9
       4
       2
       8
       4
       6
       5
       8
       6
       5
       5
       8
      11
       2
       5
       7
       3
       3
       5
       5
       6
       6
       8
       4
       5
       3
       5
       3
       4
       8
       4
       5
       4
       8
       3
       6
       6
       2
       3
       3
       6
       3
       3
       8
       5
       3
       2
       5
       5
       2
       8
       3
       3
       3
       2
       2
       3
       4
       4
       7
       5
       4
       6
       5
       4
       5
       3
       7
       4
       1
       3
       5
       2
       7
       3
       9
       3
       5
       3
       6
       4
       7
       2
       2
       6
       1
       6
       4
       3
       7
       5
       4
       6
       4
       4
       5
       3
      10
       6
       5
      10
       4
       6
      10
      10
       5
       7
       6
       4
       3
       6
       3
       5
       4
       4
       3
       5
       4
       8
       4
      10
       5
       2
       5
       4
       4
       2
       3
       5
       1
       4
       5
       4
       2
       2
       8
       1
       5
       4
       5
       8
       4
       5
       6
       4
       3
       2
       3
       6
       2
       3
       3
       0
       7
       4
       4
       4
       5
       2
       5
       1
       2
       1
       2
       2
       6
       4
       8
       7
       5
       5
       7
       8
       1
       7
       3
      10
       2
       4
       2
       0
       0
       0
       0
       0
       0
       0
       0
       0
       0
       0
       0
       0
       0
       0
       0
       0
       0
       0
       0
       0
       0
       0
       0
       0
       0
       0
       0
       0
       0
       0
       0
       0
       0
       0
       0
       0
       0
       0
       0
       0
       0
       0
       0
       0
       0
       0
       0
       0
       0
       0
       0
       0
       0
       0
       0
       0
       0
       0
       0
       0
       0
       0
       0
       0
       0
       0
       0
       0
       0
       0
       0
       0
       0
       0
       0
       0
       0
       0
       0
       0
       0
       0
       0
$ROI:
1
712 830
$PRESETS:
Live Time
120
0
$ENER_FIT:
-23.656767 2.297974
$MCA_CAL:
3
-2.365677E+001 2.297974E+000 2.836717E-005 keV
$SHAPE_CAL:
3
0.000000E+000 0.000000E+000 0.000000E+000
