$SPEC_ID:
Sample021
$SPEC_REM:
DET# 1
DETDESC# DESKTOP-I499GD2 Easy-MCA-2k SN 18191655
AP# Maestro Version 7.01
$DATE_MEA:
03/01/2024 10:38:40
$MEAS_TIM:
120 120
$DATA:
0 2047
       0
       0
       0
       0
       0
       0
       1
       6
     129
      77
      80
      68
      92
      75
      66
      86
      72
      85
      94
      99
      96
      88
      93
      97
     107
      98
     114
     114
     114
     152
     149
     152
     163
     152
     163
     133
     125
     124
     151
     120
     151
     154
     155
     165
     168
     184
     222
     213
     231
     240
     242
     277
     293
     304
     302
     309
     281
     308
     316
     336
     353
     438
     483
     641
     659
     661
     641
     477
     390
     335
     299
     240
     262
     240
     228
     244
     240
     231
     250
     236
     232
     249
     258
     266
     249
     244
     254
     226
     245
     229
     271
     234
     249
     221
     261
     220
     234
     214
     183
     214
     215
     226
     205
     215
     211
     195
     208
     172
     194
     173
     169
     198
     205
     184
     175
     173
     175
     175
     160
     190
     171
     130
     141
     176
     157
     160
     169
     142
     157
     145
     127
     150
     148
     148
     148
     140
     130
     154
     126
     125
     144
     120
     168
     120
     137
     119
     118
     103
     122
     116
     135
     106
     133
     104
     126
     103
     114
     119
     126
      97
     117
      93
     123
     117
     107
      98
     104
     101
     100
      84
     102
      97
      95
     100
     101
      79
      90
     104
      82
      90
      88
      82
     101
      84
      74
      76
      84
      73
      75
      91
      86
      61
      78
      78
      72
      93
      78
      74
      74
      61
      66
      75
      72
      71
      93
      87
      90
      89
      87
      64
      80
      86
      86
     101
      74
      96
     101
     100
     113
     106
     111
     158
     131
     149
     159
     154
     162
     178
     149
     184
     178
     193
     169
     173
     132
     139
     131
     116
     103
      87
      79
      88
      90
      69
      63
      52
      56
      63
      59
      45
      47
      58
      50
      47
      43
      57
      66
      56
      62
      46
      63
      43
      42
      57
      36
      58
      48
      59
      54
      48
      58
      47
      54
      42
      48
      46
      40
      52
      43
      40
      52
      56
      53
      44
      44
      50
      48
      42
      41
      56
      48
      45
      43
      55
      37
      41
      54
      42
      47
      55
      51
      43
      38
      48
      48
      40
      44
      39
      38
      34
      42
      40
      43
      51
      51
      46
      40
      36
      37
      52
      38
      55
      35
      55
      31
      51
      35
      33
      36
      34
      46
      36
      39
      35
      49
      41
      46
      46
      36
      40
      45
      38
      48
      41
      34
      34
      34
      46
      42
      24
      37
      30
      50
      40
      41
      43
      39
      31
      40
      38
      44
      49
      45
      33
      43
      33
      42
      38
      49
      43
      43
      44
      39
      41
      42
      44
      27
      37
      39
      31
      42
      38
      43
      31
      33
      35
      33
      35
      33
      34
      40
      35
      26
      33
      27
      29
      29
      27
      21
      32
      33
      37
      31
      32
      34
      28
      39
      34
      26
      51
      30
      26
      38
      32
      29
      31
      30
      38
      30
      21
      22
      22
      38
      24
      26
      26
      17
      28
      30
      38
      31
      29
      36
      44
      27
      39
      32
      36
      34
      19
      36
      21
      29
      23
      41
      25
      30
      33
      38
      29
      37
      37
      29
      32
      30
      41
      28
      27
      36
      25
      38
      27
      27
      37
      33
      21
      29
      29
      18
      44
      40
      36
      35
      28
      31
      31
      33
      28
      38
      36
      36
      41
      36
      39
      45
      30
      41
      38
      28
      51
      36
      40
      52
      46
      23
      35
      34
      31
      36
      27
      26
      36
      32
      40
      32
      41
      28
      33
      20
      36
      35
      31
      23
      36
      21
      27
      27
      26
      26
      49
      31
      30
      29
      30
      23
      29
      23
      23
      40
      40
      27
      17
      30
      29
      32
      26
      29
      35
      31
      26
      36
      20
      34
      28
      25
      32
      24
      36
      38
      38
      26
      44
      35
      26
      31
      26
      38
      30
      32
      33
      33
      43
      34
      27
      33
      21
      34
      23
      41
      26
      27
      26
      28
      37
      33
      31
      37
      25
      23
      37
      22
      23
      23
      27
      37
      33
      27
      35
      29
      27
      32
      23
      30
      38
      30
      34
      14
      25
      26
      24
      31
      29
      28
      29
      28
      21
      27
      33
      39
      26
      29
      31
      24
      23
      27
      46
      31
      26
      36
      28
      37
      36
      51
      23
      35
      33
      31
      34
      34
      40
      37
      43
      33
      37
      31
      34
      47
      34
      26
      33
      32
      30
      38
      42
      22
      40
      29
      27
      30
      31
      30
      37
      31
      35
      25
      19
      33
      32
      24
      25
      24
      28
      28
      25
      16
      22
      10
      24
      18
      23
      20
      22
      18
      18
      18
      16
       8
      25
      21
      14
      24
      17
      13
      13
      19
      19
      17
       9
      15
      21
      13
      10
       9
      15
      10
      20
       6
      15
      16
      16
      12
      14
      17
      14
      14
      14
       9
       7
      15
      11
      10
      13
      12
      12
       8
       5
      10
      11
      10
       8
       6
      15
      15
      13
       9
      10
      15
      14
      19
      11
      15
      20
      18
      35
      18
      20
      28
      26
      44
      28
      32
      45
      38
      35
      43
      38
      50
      64
      63
      61
      76
      65
      77
      98
      97
      89
      81
      76
      84
     104
      98
     123
     102
      95
     112
      95
      88
      99
      99
     101
     102
      98
      85
      86
      67
      68
      53
      67
      57
      53
      61
      57
      44
      36
      33
      45
      32
      31
      38
      24
      25
      21
      20
      23
      19
      27
      17
      14
      12
      10
      22
      11
      10
       9
      10
      16
      10
      15
      12
       8
      10
       3
      10
       9
       9
       8
      16
      11
       7
       6
      10
      11
      12
      15
      11
      14
      12
       8
       8
      10
      16
       6
      16
       5
      12
       6
       7
       4
       9
       5
      14
      12
       8
      13
      11
      12
       8
       9
      10
      16
       5
       7
       6
       9
       9
       7
      12
      12
       8
      14
      17
       5
       7
       7
       9
      15
       6
       9
      12
       6
       9
       6
       9
       6
       4
       7
       8
      10
       8
       6
       8
       6
       6
       7
       3
       8
       8
       7
      11
       9
       8
       8
      10
       8
       9
       6
       6
       6
      10
      13
       9
       9
      13
       4
       5
       7
       8
      10
       4
       6
       9
       5
       8
      10
       8
       7
       5
      11
       6
       6
       3
       4
       7
      10
       9
       4
       9
       5
      12
       8
       8
       9
       9
       8
       8
       7
      12
       4
      13
       3
      11
       9
       4
       8
       5
       6
      14
       4
      10
       4
       3
       7
      13
       3
       7
      10
       7
      11
       6
       5
       9
       5
       9
      13
       9
       5
       4
       3
       9
      11
       4
      14
      13
      11
       7
       8
       7
      13
      10
       9
       7
      16
      11
       9
       4
       8
       6
       2
       8
       9
       8
      13
      11
      12
       4
      12
       6
       5
      11
      12
      12
      11
       8
      12
      12
      10
       7
       7
      13
       9
       6
       5
       3
       7
       5
       9
       5
       6
       4
      10
       4
       4
      13
       8
       7
      10
       5
      10
       9
       4
       3
       8
       8
       7
       5
      11
       5
       3
       7
       4
       5
      10
       7
       7
       8
      10
      13
      11
      11
       7
       8
       5
       5
       6
      10
      10
       5
       5
       7
       9
       7
       3
       4
       4
       4
       2
       6
       5
       5
      10
       5
       5
       3
       8
       6
       6
       4
       9
       9
      12
       6
       6
      10
       7
       3
      10
       8
       5
       8
       9
       6
       4
       9
       3
       4
       5
       7
       2
       7
       7
      12
       5
      11
       6
       9
       8
       5
       5
       5
       7
       6
      13
       3
      10
       9
       9
       4
       7
       3
       5
       5
       2
       7
      11
       7
       5
       8
       5
       7
       7
       7
       8
       7
      10
      10
       5
       3
       4
       9
       4
      12
       6
       5
       5
       7
      10
       8
       5
       8
      11
       9
       3
       5
       4
       4
       6
       8
       7
       5
       6
       2
       8
       7
       6
       9
       7
       6
       8
       4
       8
       3
       4
       7
       9
       8
       6
       4
       5
       7
       7
       7
       4
       8
       5
       7
      13
       8
       5
       8
       6
       7
       5
       8
       9
      11
       9
       5
       6
       5
       8
       7
      13
      10
      12
       5
      10
       8
      10
       8
       7
       8
       6
      10
       7
       6
       7
       9
      12
       5
       7
       5
       4
       6
       7
       6
       6
       8
      12
       6
       7
       8
      12
      10
       5
       5
       3
       4
       7
       5
       6
       9
       7
       6
       2
       6
       7
       4
       3
       6
       2
       5
       6
       2
      11
       5
       3
       4
       6
       7
       5
       6
       4
       8
       5
       7
       4
       5
       8
       4
       3
       5
       9
       4
       3
       5
       3
       3
       3
       6
       4
       4
       7
       5
       5
       8
       5
       4
       5
       4
       4
       3
       9
       8
       5
       3
       6
       7
       5
       6
       4
       8
       3
       4
       4
       5
       9
       4
      13
       7
       6
       6
       6
       7
       7
       9
       8
       7
       6
       6
       9
       5
       7
       7
       8
       2
      10
       5
       4
       3
       7
       3
       5
       9
       9
       5
       8
      11
       7
      11
       7
      11
       6
       7
       6
       2
       4
       4
       5
       5
       5
       8
       4
       9
      10
       3
       7
       5
       6
       5
       6
       3
       7
       5
       7
       5
       8
       6
       6
       3
       2
       6
       8
       4
       9
       3
       2
       6
       5
       4
       5
       5
       5
       7
       4
       4
       4
       6
       5
       6
       6
       6
       3
       3
       5
       3
       3
       6
       5
       6
       5
       1
       5
       4
       6
       4
       7
       8
      10
       6
       4
       7
       4
       5
       3
       5
       5
       6
       4
       8
       3
       0
       4
       4
       5
       4
       3
       5
       6
       6
       5
       6
       6
       7
       4
       7
       4
       9
       7
       1
      11
       8
       5
       4
       2
       2
       4
       6
       2
       4
       8
       6
       7
      13
       2
       5
       8
       3
       3
       9
       3
       7
       8
       5
       8
       4
       2
       4
       9
       8
       6
       5
       6
       7
       6
       6
       8
       2
       7
       4
       6
       7
       5
       1
       7
       5
       4
       7
       7
       6
       8
       6
       5
       4
       5
       2
       5
       7
       6
       9
       6
       6
       6
       5
       8
       4
       2
       3
       1
      11
       6
       4
       3
       7
       7
       5
       3
       9
       6
       4
       5
      10
       2
       3
       6
       7
       5
       5
       8
       6
       7
       4
       6
       5
       9
       9
       2
       2
       4
       7
       4
       7
       1
      13
       1
       5
       7
       5
       8
       6
       7
       4
       9
       7
       5
       7
       7
       1
       5
       7
       4
       9
       5
      13
       7
      13
      10
       6
       5
       8
       7
       5
       7
       4
       2
       4
       8
       9
       9
       8
       8
       8
       8
       5
       3
       5
       6
      11
      11
       4
       7
       8
       4
       6
       4
       8
       3
       4
      10
       4
      10
       7
       4
       3
       3
       8
       5
       4
      10
      10
       8
       6
       8
       6
       5
       7
       8
       4
       2
       9
       7
       4
       7
       4
       8
      11
       9
       4
       2
       3
       8
       7
       4
       3
       4
      10
       4
       2
       7
       2
       5
       6
       2
       8
       5
       5
      13
       6
       6
       8
       8
       7
       2
       5
       7
       8
       4
       2
       7
      11
       8
      10
       5
       9
       6
       3
       5
       1
       7
       6
       3
       8
       6
       2
       8
       4
       9
       5
       7
       5
      10
       9
       9
       5
       7
       7
       6
       8
       9
      11
       7
       5
       6
      10
       7
       6
       1
       4
       2
       7
       7
       9
      11
       4
       3
      11
       5
      11
       6
       7
       5
       4
       3
       4
       6
       9
      11
       9
       7
       4
       4
      11
      10
       8
       8
       3
       3
       7
       7
      12
       8
       6
       3
       6
       2
       7
       8
       5
       1
       4
       3
       5
       7
       8
       4
       3
       7
      13
       5
       4
       4
       8
       9
      11
       4
       7
      10
       7
       7
       8
       6
       4
       8
      15
       4
       2
       6
       9
      11
       7
       5
       8
      14
       7
       7
       1
       5
       8
      11
       7
       5
       8
       9
       6
      12
       4
      15
       6
       5
       8
       5
       7
      11
       4
      12
      13
       3
       8
      10
      10
       8
      10
       5
      11
       5
       3
      10
       8
      11
       1
       6
       5
      11
       6
       6
       7
       3
      10
       7
       8
       6
       6
       5
       8
       8
       6
       6
       4
       6
       7
       7
       2
       7
       4
       7
       3
      12
       6
       9
      11
       4
       9
       7
       6
       5
       4
       7
       7
       6
       7
       7
       4
       7
       6
       4
       7
       5
      10
       5
       7
       8
       7
       8
       6
       8
      11
       7
       4
      14
       8
      12
       9
       8
       6
       4
       8
      11
       7
       7
       8
       8
      11
       4
       5
       6
       6
       8
       7
       6
       5
       7
       8
       9
       9
       7
       9
       5
       5
       5
      12
       6
       9
       6
       2
      14
       3
      16
       6
       8
       6
      13
       9
       9
       7
       8
       5
       6
       8
       8
      11
       3
       6
       4
       2
       6
       2
       3
       7
       7
       5
       6
       3
       8
       9
       7
       4
       5
       8
       9
       1
       8
       2
       4
       8
       6
       8
       5
       5
       3
       6
       6
       5
       7
       9
       9
       4
       7
      10
       5
      10
       4
       8
       4
      13
       6
       0
       0
       0
       0
       0
       0
       0
       0
       0
       0
       0
       0
       0
       0
       0
       0
       0
       0
       0
       0
       0
       0
       0
       0
       0
       0
       0
       0
       0
       0
       0
       0
       0
       0
       0
       0
       0
       0
       0
       0
       0
       0
       0
       0
       0
       0
       0
       0
       0
       0
       0
       0
       0
       0
       0
       0
       0
       0
       0
       0
       0
       0
       0
       0
       0
       0
       0
       0
       0
       0
       0
       0
       0
       0
       0
       0
       0
       0
       0
       0
       0
       0
       0
       0
$ROI:
1
712 830
$PRESETS:
Live Time
120
0
$ENER_FIT:
-23.656767 2.297974
$MCA_CAL:
3
-2.365677E+001 2.297974E+000 2.836717E-005 keV
$SHAPE_CAL:
3
0.000000E+000 0.000000E+000 0.000000E+000
