$SPEC_ID:
Sample011
$SPEC_REM:
DET# 1
DETDESC# DESKTOP-I499GD2 Easy-MCA-2k SN 18191655
AP# Maestro Version 7.01
$DATE_MEA:
03/01/2024 10:18:31
$MEAS_TIM:
120 120
$DATA:
0 2047
       0
       0
       0
       0
       1
       2
       3
       9
     365
     123
     126
     128
     126
     135
     140
     135
     138
     159
     145
     159
     146
     165
     154
     123
     156
     145
     164
     179
     198
     210
     244
     239
     251
     285
     268
     206
     215
     198
     206
     228
     231
     254
     241
     247
     293
     293
     305
     325
     345
     363
     372
     420
     415
     447
     488
     452
     474
     427
     475
     502
     549
     647
     795
     955
    1014
    1094
     939
     758
     622
     511
     428
     424
     399
     388
     367
     361
     359
     321
     383
     363
     373
     370
     380
     358
     346
     392
     380
     349
     364
     373
     396
     380
     327
     392
     398
     378
     324
     324
     327
     324
     340
     305
     308
     316
     299
     310
     306
     300
     311
     308
     331
     299
     312
     274
     305
     287
     282
     270
     286
     248
     302
     254
     248
     282
     276
     257
     245
     269
     289
     243
     201
     227
     227
     264
     249
     255
     231
     212
     235
     217
     246
     213
     201
     230
     177
     209
     210
     160
     226
     215
     219
     212
     183
     177
     187
     168
     170
     156
     187
     164
     160
     174
     168
     180
     168
     159
     171
     170
     157
     158
     154
     148
     142
     146
     138
     144
     161
     147
     151
     146
     130
     154
     119
     143
     106
     123
     144
     148
     144
     131
     144
     126
     140
     138
     139
     118
     145
     138
     123
     140
     136
     107
     122
     134
     134
     128
     145
     134
     130
     141
     118
     121
     135
     142
     173
     145
     167
     191
     201
     220
     227
     237
     238
     274
     285
     306
     303
     314
     343
     305
     346
     338
     309
     298
     281
     237
     264
     216
     197
     187
     162
     156
     148
     134
     102
     108
     108
      83
     121
      98
     101
      99
      95
      70
      92
      88
      98
      72
      92
      96
      88
      87
      92
      75
      82
      88
      69
      72
      88
      72
     104
     103
      98
     101
      85
      86
      89
      87
      96
      82
      71
      90
      69
      89
      86
      78
      79
      78
      75
      82
      83
      76
      74
      77
      75
      91
      78
      80
      65
      69
      83
      65
      79
      82
      89
      75
      72
      78
      84
      78
      86
      77
      78
      84
      81
      79
      60
      72
      87
      69
      78
      86
      73
      72
      86
      87
      80
      69
      79
      73
      74
      79
      69
      74
      81
      61
      77
      69
      76
      58
      74
      71
      68
      60
      78
      64
      72
      83
      78
      79
      74
      78
      51
      66
      68
      60
      73
      66
      63
      75
      77
      66
      50
      56
      68
      67
      76
      56
      53
      61
      55
      54
      62
      63
      92
      74
      57
      54
      85
      81
      80
      59
      72
      55
      46
      71
      64
      56
      68
      81
      64
      66
      59
      66
      54
      59
      53
      49
      58
      63
      71
      60
      66
      67
      60
      58
      57
      65
      61
      62
      69
      69
      59
      67
      60
      54
      64
      54
      54
      46
      47
      60
      67
      64
      62
      69
      45
      64
      58
      56
      52
      46
      64
      57
      58
      55
      65
      60
      67
      50
      67
      46
      55
      47
      59
      56
      57
      56
      47
      54
      60
      71
      57
      54
      63
      61
      38
      49
      57
      57
      56
      59
      74
      51
      52
      52
      57
      55
      54
      67
      63
      54
      55
      63
      59
      67
      58
      75
      64
      75
      72
      67
      57
      71
      60
      52
      67
      59
      64
      67
      63
      68
      64
      64
      59
      60
      58
      52
      55
      54
      65
      74
      78
      54
      51
      66
      58
      54
      61
      40
      49
      54
      48
      58
      38
      50
      64
      53
      56
      57
      46
      61
      48
      44
      49
      56
      60
      54
      62
      57
      40
      40
      56
      54
      67
      52
      53
      42
      59
      64
      66
      54
      63
      71
      51
      62
      74
      67
      71
      57
      67
      66
      65
      58
      73
      80
      67
      70
      62
      62
      68
      64
      85
      70
      70
      59
      53
      76
      57
      75
      55
      75
      65
      64
      64
      59
      43
      50
      56
      61
      47
      35
      51
      42
      49
      52
      69
      68
      61
      49
      68
      54
      63
      60
      50
      59
      59
      58
      62
      63
      60
      52
      71
      72
      59
      50
      56
      49
      58
      56
      53
      70
      62
      65
      52
      58
      70
      60
      69
      81
      58
      61
      62
      65
      54
      51
      71
      72
      58
      63
      72
      68
      69
      70
      59
      57
      73
      63
      75
      73
      60
      57
      73
      64
      66
      58
      54
      62
      67
      56
      56
      70
      56
      50
      60
      40
      62
      62
      49
      60
      42
      56
      47
      40
      45
      43
      38
      43
      39
      43
      30
      43
      34
      29
      35
      37
      35
      41
      34
      40
      37
      40
      30
      29
      30
      29
      25
      21
      28
      26
      35
      30
      21
      25
      17
      39
      29
      33
      26
      22
      29
      24
      24
      25
      24
      28
      30
      18
      29
      20
      25
      36
      18
      25
      27
      26
      21
      19
      15
      35
      21
      26
      23
      20
      27
      31
      31
      25
      30
      35
      46
      42
      39
      38
      44
      47
      67
      60
      53
      70
      73
      68
      75
      89
      86
     106
     132
     134
     116
     131
     141
     140
     144
     168
     160
     194
     179
     210
     199
     190
     175
     191
     246
     211
     228
     207
     191
     198
     176
     185
     159
     174
     177
     183
     166
     135
     125
     126
     129
     113
     113
     105
      94
      85
     105
      88
      88
      64
      72
      52
      55
      45
      47
      50
      38
      35
      34
      41
      35
      34
      39
      32
      27
      19
      20
      22
      21
      16
      13
      21
      12
      22
      16
      21
      21
      19
      26
      14
      23
      16
      14
      20
      15
      18
      16
      24
      13
      10
      11
      14
      17
      26
      25
      19
      14
      18
      17
      20
      15
      17
      17
      18
      17
      17
      17
      11
      20
      16
      21
      23
      13
      22
      17
      13
      16
      17
      16
      14
      25
      17
      14
      12
      22
      19
      17
      18
      15
      13
      14
      15
      21
      15
      13
      18
      20
      16
      14
      17
      13
      12
       9
      15
      13
      10
      18
      16
      14
      15
      13
      14
      13
      18
      12
      17
      11
      11
      24
      21
      17
      15
      18
      19
       8
       9
      13
      26
      15
      23
      15
      12
      16
      23
       9
      19
       9
       8
      16
      12
      18
      11
      12
      13
      15
      10
      14
      20
      15
      13
       9
      13
      19
      14
      14
       5
       8
      19
      13
      19
      16
      14
      14
      17
      10
      12
      14
      16
      18
      19
      15
      17
      14
      20
       9
      17
      27
      11
       8
      10
      19
      16
      12
      10
      16
       8
      17
      11
       9
      19
      10
      19
      10
      18
      19
      12
      14
      11
      16
      18
      12
      13
      17
      15
      16
      14
      12
      16
      18
      13
      16
      17
      17
      22
      18
      15
      18
      19
      13
      29
      22
      23
      10
      13
      15
      17
      17
      14
      15
      19
      19
      18
      16
       8
      22
      16
      13
      24
      22
      10
      13
      23
      13
      15
      13
      18
      15
       9
      15
      14
      17
      19
       6
      15
      14
      19
      13
      13
      16
      13
      20
       3
      10
      10
      14
       8
      14
      13
      12
      11
      18
      11
      13
      24
      12
      20
      14
      12
      17
      15
      18
       7
      13
      14
      15
      13
      12
      18
      10
      12
      13
      13
      11
      14
      12
      14
      12
      11
      13
      15
       7
      11
      12
      19
      11
       8
      12
       9
      12
      15
      21
      11
      17
      15
      16
      13
      16
       9
       6
      10
      13
      17
      16
      13
       8
      18
      11
       7
      14
      11
      14
      12
       7
      11
       5
      19
      13
      14
      10
      13
      18
      20
      15
      16
      10
       8
      15
      14
      14
      20
      10
      13
      18
       5
      13
      16
      16
       9
      11
      15
      14
      13
       7
       5
      11
      14
      12
      11
      13
      13
       8
       9
      15
      11
      17
      17
      11
       7
      14
      17
       9
       8
      13
      18
       8
       9
      16
      15
       7
      10
      10
      13
      10
      11
      14
      17
      10
      12
      12
      13
      15
      13
       9
      18
       6
       9
      10
      15
       7
      16
      14
      10
      19
       5
      17
      16
      16
      14
      13
      14
      21
      16
      14
      18
      15
      15
      21
      12
      16
      12
      14
      18
      15
      14
      10
      16
      16
      12
      18
      16
      17
      15
      11
      18
      15
      14
      12
      22
      15
      17
      12
      16
      15
      10
       7
      12
      14
      10
       8
      12
       7
       9
      10
      13
      12
      16
       4
       9
       7
      15
      12
      10
      13
      16
      17
      14
      15
      14
       7
      12
       9
      12
       3
       8
      17
       6
      12
       9
      12
      14
      10
       5
      12
      10
      10
      11
      13
       9
      17
      14
      15
      12
      10
      16
      10
      11
       9
      14
      17
      10
      14
      10
      15
      10
      17
      11
      10
      19
       6
      11
      14
      14
       9
      22
      19
      12
      10
      17
      14
       6
       9
      17
       9
      17
      14
      10
      12
      14
       9
      14
       9
       9
       6
       7
       6
       9
       9
       9
       8
      12
      13
      11
       9
       5
      12
      10
      14
       8
      13
      13
      11
      12
      12
       7
      12
       6
       8
       9
       9
      11
      10
      13
      15
      11
       8
       7
      13
       9
      11
       9
       6
       9
      13
      12
      14
      10
      11
      12
      10
      10
      12
       7
      10
      15
       7
      10
       6
      13
      15
      13
      13
      15
       8
      11
      12
      16
      13
      10
      10
      20
      11
      11
      11
      13
       8
      14
       8
      12
      11
      11
      12
       5
       7
      11
      12
      16
       8
      10
       7
       7
       8
      10
      10
      15
      15
       7
       7
       8
      16
      11
       8
      18
      14
       8
      11
      10
      11
      15
      10
      12
      12
      15
       9
      11
      10
       6
      15
      13
       7
      10
      13
      12
      11
       9
      15
      14
      13
      17
      12
      13
      13
      14
      10
      13
       9
       9
      11
      12
      16
       7
      13
       8
       5
      11
      17
      14
      15
       6
      11
       5
      14
       8
       6
       8
       9
      11
      14
      11
      10
      12
       5
      13
       6
      11
       8
      14
      12
       8
       8
      11
       5
       8
      18
      14
      15
       6
      11
       9
       8
      18
      11
      15
       4
      14
      11
      15
      13
      16
      11
      10
      11
      13
       8
      14
      15
      11
       6
      16
      13
       8
       9
       8
       9
      12
      14
      10
       7
      12
       9
      12
      11
      17
       6
      14
      16
      11
       8
      11
       9
      16
       7
      11
      17
      12
      18
      12
      10
      13
      11
      15
      20
      11
       8
      10
      10
      13
      15
      13
      15
      14
      17
      15
      14
      11
      13
      12
      14
      14
      21
      15
      11
      20
      12
      16
       9
      12
      17
       7
       9
      18
       9
      20
      13
       9
       7
      10
       7
       7
       7
      15
      11
      10
      15
      11
      11
      11
      18
      11
      24
      17
      12
      12
      18
      15
      11
       6
       6
       7
      12
      12
      12
      13
      14
      12
       6
      11
      18
      13
      10
       8
      20
      17
       7
       7
       3
      18
      14
       9
      12
      11
      14
       9
      20
      10
      11
      20
      11
       9
      16
      11
      13
       9
       9
      14
      11
       9
      12
      13
      10
      15
      12
      13
      15
      14
      13
      18
      12
       6
      13
       9
      20
      11
       9
      14
      12
      10
      11
      13
      12
       6
       7
      23
      16
      15
      11
      14
      14
      13
      10
      12
      18
      12
      14
      15
      16
      13
      13
      14
      15
      13
      21
      10
      12
       9
      12
      15
      10
      15
      16
      15
      15
       8
      11
      10
      15
      12
      12
      12
      14
      10
       9
      10
      11
      12
       7
      12
      10
      10
      15
      11
      14
      16
      26
      15
      16
      11
       9
       7
      11
      17
      13
      16
      15
      15
      19
      10
      12
       7
      14
      15
      18
      14
      20
      10
      12
      10
      13
      16
      10
      23
      10
      14
      24
      11
      20
      13
      19
       6
       9
      17
      10
      13
      13
      13
      10
      10
      13
      14
      14
      20
      12
      17
      18
      21
      10
      21
      13
      18
      18
      13
      23
      13
      11
      19
      11
      11
      13
      24
       8
      15
      20
      21
      13
      14
      17
      16
      15
      17
      16
      13
      15
      12
      15
      16
      15
      12
      17
      10
      15
      18
      17
       9
       7
      15
      15
      16
      15
      10
      18
      18
       4
      10
      13
       8
      10
      11
      10
      15
      17
      11
       8
      17
      12
      14
      16
      12
      16
      11
      19
      10
      12
      15
      11
       9
       9
      13
      13
      13
       6
      11
      11
      14
      10
      13
      10
      15
      16
       9
      10
      10
      12
      16
      13
      17
       8
      11
      19
      15
      11
      10
      14
      12
      12
       9
      10
      12
      10
      11
      11
       3
      13
      14
      10
      12
      11
      14
       8
      14
      16
      10
       6
       9
      11
      15
      12
       8
      16
      13
      21
       9
      11
       8
       8
       6
      18
      16
      15
       7
      13
      11
      13
      15
      15
      15
      10
       6
      11
       9
      11
      16
      12
       8
      11
      13
      13
      17
      10
      12
      14
      17
      13
      19
       8
      11
      11
      16
      14
      12
      12
      17
       9
      15
      15
      10
      13
      15
      10
      12
      16
      15
      12
       8
      10
      13
      13
       8
       6
      12
      16
      12
      10
      11
      14
      11
      12
      12
       3
       0
       0
       0
       0
       0
       0
       0
       0
       0
       0
       0
       0
       0
       0
       0
       0
       0
       0
       0
       0
       0
       0
       0
       0
       0
       0
       0
       0
       0
       0
       0
       0
       0
       0
       0
       0
       0
       0
       0
       0
       0
       0
       0
       0
       0
       0
       0
       0
       0
       0
       0
       0
       0
       0
       0
       0
       0
       0
       0
       0
       0
       0
       0
       0
       0
       0
       0
       0
       0
       0
       0
       0
       0
       0
       0
       0
       0
       0
       0
       0
       0
       0
       0
$ROI:
1
712 830
$PRESETS:
Live Time
120
0
$ENER_FIT:
-23.656767 2.297974
$MCA_CAL:
3
-2.365677E+001 2.297974E+000 2.836717E-005 keV
$SHAPE_CAL:
3
0.000000E+000 0.000000E+000 0.000000E+000
