$SPEC_ID:
Sample000
$SPEC_REM:
DET# 1
DETDESC# DESKTOP-I499GD2 Easy-MCA-2k SN 18191655
AP# Maestro Version 7.01
$DATE_MEA:
03/01/2024 09:56:08
$MEAS_TIM:
120 122
$DATA:
0 2047
       0
       0
       0
       1
       3
      10
      37
      50
    3742
     330
     343
     338
     341
     385
     400
     372
     376
     398
     445
     424
     409
     423
     418
     436
     373
     398
     471
     463
     519
     534
     511
     540
     600
     622
     665
     608
     546
     514
     517
     563
     571
     582
     636
     656
     665
     730
     739
     756
     775
     812
     810
     867
     914
     969
     928
     986
     962
     970
    1026
    1031
    1159
    1297
    1473
    1785
    2023
    2007
    2000
    1751
    1383
    1153
    1041
     954
     936
     873
     866
     905
     899
     885
     858
     913
     852
     952
     861
     895
     897
     827
     824
     830
     852
     877
     863
     830
     863
     835
     845
     788
     858
     812
     756
     766
     843
     831
     775
     811
     786
     805
     762
     742
     821
     799
     798
     757
     748
     716
     754
     745
     703
     677
     675
     677
     688
     692
     729
     626
     691
     662
     651
     661
     664
     664
     609
     633
     649
     601
     572
     607
     593
     627
     596
     581
     579
     557
     564
     557
     514
     514
     516
     544
     546
     512
     473
     515
     527
     510
     551
     438
     476
     495
     505
     473
     460
     444
     420
     426
     446
     457
     434
     445
     442
     425
     454
     453
     410
     450
     396
     432
     427
     388
     421
     408
     370
     376
     388
     401
     375
     410
     362
     372
     370
     363
     381
     386
     331
     348
     386
     384
     345
     372
     337
     334
     376
     383
     367
     388
     387
     342
     395
     403
     351
     372
     405
     375
     387
     392
     396
     464
     468
     467
     500
     521
     563
     683
     687
     705
     762
     795
     839
     855
     861
     887
     894
     920
     880
     890
     818
     776
     751
     680
     632
     577
     539
     446
     420
     400
     336
     330
     322
     310
     265
     270
     258
     250
     242
     240
     245
     242
     237
     251
     237
     232
     219
     262
     201
     210
     242
     248
     248
     253
     256
     217
     225
     250
     250
     246
     213
     281
     232
     252
     241
     226
     223
     210
     219
     231
     216
     210
     230
     229
     247
     211
     215
     199
     218
     210
     229
     240
     213
     218
     218
     244
     216
     226
     184
     196
     226
     205
     222
     201
     214
     201
     235
     215
     212
     203
     208
     206
     200
     221
     207
     195
     224
     218
     228
     209
     238
     239
     197
     220
     237
     223
     214
     215
     195
     221
     193
     212
     215
     219
     216
     205
     213
     193
     190
     184
     198
     192
     167
     178
     206
     180
     218
     188
     189
     197
     174
     193
     185
     181
     194
     167
     180
     179
     198
     183
     186
     174
     198
     187
     186
     178
     165
     180
     173
     174
     151
     179
     170
     174
     175
     162
     162
     178
     176
     162
     181
     176
     156
     200
     165
     192
     171
     187
     173
     177
     166
     160
     156
     157
     177
     174
     162
     181
     187
     161
     168
     171
     180
     142
     189
     184
     154
     187
     160
     176
     187
     162
     178
     154
     160
     168
     156
     147
     169
     154
     152
     184
     140
     197
     171
     181
     167
     150
     147
     156
     191
     150
     184
     165
     144
     157
     159
     155
     161
     153
     179
     189
     169
     164
     163
     184
     161
     175
     167
     169
     142
     161
     173
     170
     172
     156
     138
     173
     160
     139
     146
     145
     158
     149
     145
     147
     158
     132
     179
     149
     190
     154
     155
     145
     161
     179
     158
     159
     162
     163
     154
     163
     169
     181
     166
     177
     177
     139
     155
     164
     174
     142
     174
     153
     176
     163
     169
     159
     152
     138
     151
     156
     171
     148
     169
     161
     171
     166
     168
     168
     139
     174
     170
     154
     163
     169
     139
     166
     169
     169
     162
     153
     155
     165
     160
     143
     187
     166
     165
     176
     176
     169
     145
     159
     152
     157
     179
     164
     150
     178
     201
     161
     190
     176
     152
     169
     173
     228
     188
     209
     216
     181
     175
     182
     189
     203
     196
     191
     214
     215
     199
     170
     175
     179
     195
     178
     196
     172
     190
     179
     168
     150
     190
     181
     199
     163
     180
     181
     159
     164
     154
     168
     175
     158
     180
     147
     189
     168
     176
     178
     168
     194
     170
     175
     157
     166
     175
     188
     176
     158
     165
     179
     160
     155
     182
     190
     167
     159
     152
     160
     172
     172
     182
     175
     229
     213
     183
     169
     225
     181
     160
     185
     187
     198
     184
     168
     178
     179
     182
     223
     172
     188
     209
     191
     185
     190
     188
     215
     200
     175
     190
     190
     201
     174
     206
     184
     191
     208
     188
     162
     169
     171
     168
     178
     145
     186
     151
     145
     172
     155
     145
     157
     147
     136
     133
     131
     133
     135
     126
     120
     108
     137
     134
     123
     105
     114
     114
      95
     105
     117
     104
      86
     109
      87
      96
      92
      97
      87
     113
      81
     119
      73
      98
      98
      82
      87
      95
      86
      96
     100
      84
      87
     111
     102
      82
      81
      93
      86
      72
      89
      87
      84
      75
      77
      89
      93
      92
      89
      79
      99
      82
      82
      94
      97
      96
     112
     108
     118
     115
     111
     131
     140
     156
     165
     163
     157
     164
     189
     212
     266
     255
     287
     291
     277
     321
     314
     350
     392
     415
     406
     451
     460
     549
     523
     499
     582
     574
     628
     605
     596
     597
     589
     598
     616
     630
     607
     615
     584
     593
     567
     563
     531
     528
     452
     433
     453
     392
     392
     374
     368
     354
     345
     311
     267
     258
     243
     217
     192
     192
     178
     166
     163
     130
     126
     136
     102
     116
     100
     103
      94
      88
      88
      69
      84
      62
      58
      58
      50
      45
      68
      65
      48
      63
      41
      55
      58
      47
      64
      50
      41
      48
      64
      48
      40
      49
      51
      41
      42
      53
      46
      50
      49
      49
      55
      51
      49
      40
      52
      47
      62
      51
      49
      43
      60
      33
      53
      45
      57
      55
      55
      46
      52
      49
      42
      52
      60
      51
      42
      46
      40
      44
      50
      55
      60
      42
      47
      57
      39
      48
      43
      40
      42
      34
      49
      49
      43
      50
      53
      47
      49
      52
      49
      42
      47
      59
      57
      70
      55
      38
      47
      51
      38
      44
      54
      49
      50
      48
      59
      53
      51
      47
      52
      47
      64
      47
      51
      46
      55
      47
      59
      37
      42
      49
      40
      45
      35
      47
      45
      38
      48
      36
      35
      47
      36
      26
      48
      36
      48
      48
      46
      48
      41
      41
      36
      41
      51
      52
      42
      41
      50
      55
      49
      43
      51
      46
      42
      36
      36
      32
      33
      47
      36
      46
      42
      54
      41
      39
      50
      31
      32
      35
      37
      41
      43
      44
      43
      37
      50
      39
      55
      36
      49
      51
      38
      42
      42
      63
      52
      40
      51
      48
      44
      44
      35
      48
      45
      70
      49
      44
      46
      51
      47
      41
      52
      54
      62
      43
      56
      41
      40
      60
      54
      44
      58
      47
      45
      46
      54
      46
      53
      32
      50
      54
      39
      45
      46
      51
      45
      38
      44
      38
      44
      45
      37
      44
      37
      37
      46
      31
      31
      40
      33
      33
      49
      44
      33
      49
      50
      44
      47
      33
      44
      42
      43
      38
      45
      40
      52
      35
      47
      43
      40
      50
      39
      46
      46
      56
      37
      30
      39
      44
      45
      39
      41
      37
      38
      39
      47
      37
      45
      41
      52
      38
      43
      49
      48
      40
      36
      36
      39
      34
      37
      37
      31
      38
      34
      38
      39
      31
      27
      30
      36
      39
      29
      38
      37
      34
      48
      45
      40
      35
      33
      32
      33
      33
      39
      31
      57
      50
      43
      39
      37
      30
      33
      36
      33
      30
      39
      34
      34
      37
      50
      27
      40
      31
      39
      40
      36
      33
      34
      35
      36
      34
      42
      26
      23
      51
      29
      41
      47
      38
      31
      41
      38
      32
      51
      35
      32
      34
      28
      26
      36
      37
      51
      35
      39
      37
      38
      54
      39
      31
      33
      54
      29
      35
      25
      34
      38
      27
      36
      44
      34
      27
      42
      43
      45
      46
      39
      44
      37
      34
      42
      31
      27
      45
      44
      38
      35
      38
      61
      53
      37
      52
      48
      38
      41
      50
      50
      48
      50
      39
      40
      44
      48
      53
      45
      55
      51
      53
      42
      60
      45
      40
      52
      43
      55
      57
      50
      50
      53
      45
      39
      37
      44
      36
      43
      37
      43
      47
      43
      42
      48
      36
      41
      42
      36
      32
      27
      32
      40
      34
      30
      36
      31
      34
      34
      44
      28
      43
      29
      27
      43
      27
      28
      31
      26
      38
      29
      39
      33
      36
      44
      25
      23
      25
      35
      34
      33
      31
      31
      33
      27
      40
      38
      36
      33
      34
      34
      31
      32
      39
      29
      37
      34
      31
      28
      31
      46
      38
      32
      35
      23
      31
      36
      34
      28
      37
      32
      28
      43
      32
      39
      39
      46
      33
      49
      41
      31
      36
      33
      39
      44
      39
      27
      44
      33
      41
      25
      31
      43
      39
      41
      35
      35
      30
      36
      26
      34
      32
      40
      41
      32
      44
      27
      41
      32
      40
      32
      39
      28
      41
      34
      28
      28
      26
      39
      39
      32
      34
      31
      30
      36
      45
      29
      47
      22
      32
      30
      30
      41
      32
      33
      38
      33
      26
      36
      24
      34
      33
      27
      34
      33
      36
      37
      31
      31
      32
      32
      29
      34
      26
      38
      43
      43
      34
      31
      43
      32
      31
      25
      28
      38
      32
      26
      35
      29
      24
      27
      28
      26
      39
      27
      31
      30
      30
      28
      38
      39
      43
      32
      27
      38
      34
      28
      31
      36
      30
      34
      42
      34
      28
      37
      38
      29
      36
      36
      28
      45
      35
      20
      35
      29
      28
      38
      20
      31
      33
      28
      35
      27
      44
      39
      30
      39
      39
      39
      32
      30
      22
      32
      47
      36
      32
      38
      38
      33
      33
      38
      26
      32
      37
      29
      40
      32
      43
      34
      28
      39
      33
      28
      45
      34
      30
      34
      27
      42
      34
      39
      29
      28
      31
      44
      38
      38
      31
      44
      36
      37
      26
      28
      35
      34
      27
      48
      37
      25
      37
      35
      35
      26
      33
      37
      45
      35
      39
      33
      35
      31
      50
      41
      36
      30
      38
      35
      33
      35
      28
      39
      29
      29
      38
      45
      33
      29
      31
      34
      44
      39
      34
      35
      33
      40
      34
      28
      39
      30
      38
      31
      33
      35
      32
      35
      38
      33
      32
      34
      32
      37
      31
      36
      36
      37
      43
      37
      29
      40
      41
      27
      42
      37
      42
      31
      42
      36
      41
      40
      31
      51
      27
      34
      41
      37
      53
      30
      41
      29
      46
      32
      25
      48
      36
      37
      44
      27
      33
      40
      27
      38
      35
      49
      36
      47
      41
      37
      43
      34
      41
      34
      35
      40
      42
      31
      38
      49
      36
      34
      25
      40
      45
      42
      47
      47
      42
      36
      45
      35
      39
      36
      35
      29
      34
      29
      35
      44
      35
      30
      28
      38
      27
      35
      42
      31
      39
      39
      38
      35
      30
      54
      36
      31
      28
      40
      29
      39
      24
      37
      37
      35
      29
      37
      33
      42
      39
      39
      38
      37
      37
      39
      46
      43
      26
      38
      33
      51
      39
      45
      40
      41
      55
      41
      46
      32
      39
      43
      31
      39
      50
      32
      39
      30
      37
      36
      36
      34
      41
      43
      25
      45
      42
      38
      35
      33
      34
      39
      39
      36
      58
      39
      37
      47
      37
      34
      37
      41
      39
      35
      38
      49
      35
      43
      42
      43
      29
      49
      49
      32
      44
      45
      40
      50
      40
      45
      53
      30
      51
      51
      49
      38
      45
      37
      49
      40
      39
      37
      51
      42
      38
      43
      41
      39
      38
      44
      39
      35
      49
      40
      57
      55
      40
      40
      46
      44
      35
      38
      42
      32
      41
      45
      39
      38
      47
      49
      39
      49
      53
      40
      37
      42
      43
      52
      47
      42
      41
      42
      43
      47
      47
      47
      59
      38
      39
      49
      51
      43
      33
      54
      45
      40
      39
      57
      39
      38
      46
      37
      45
      39
      49
      39
      45
      41
      42
      32
      42
      42
      35
      40
      40
      32
      42
      38
      41
      50
      39
      30
      43
      37
      49
      39
      44
      31
      35
      36
      37
      37
      36
      33
      32
      42
      43
      36
      38
      37
      33
      36
      29
      43
      32
      40
      47
      37
      38
      49
      40
      31
      32
      43
      25
      26
      34
      37
      39
      32
      26
      33
      32
      36
      26
      25
      38
      24
      37
      39
      32
      38
      33
      38
      50
      41
      44
      27
      44
      36
      33
      32
      33
      41
      40
      39
      36
      46
      33
      40
      30
      38
      39
      29
      40
      41
      29
      42
      30
      45
      38
      44
      34
      40
      48
      48
      24
      38
      44
      57
      31
      37
      36
      46
      35
      46
      32
      34
      36
      40
      40
      39
      33
      35
      33
      37
      42
      26
      29
      32
      38
      32
      35
      46
      45
      35
      34
      28
      26
      33
      33
      35
      59
      48
      46
      43
      45
      48
      34
      33
      33
      38
      33
      38
      38
      37
      34
      34
      45
      35
      45
      30
      35
      35
      42
      35
      37
      35
       2
       1
       0
       0
       0
       0
       1
       0
       0
       0
       0
       0
       0
       0
       0
       0
       0
       0
       0
       0
       0
       0
       0
       0
       0
       0
       0
       0
       0
       0
       0
       0
       0
       0
       0
       0
       0
       0
       0
       0
       0
       0
       0
       0
       0
       0
       0
       0
       0
       0
       0
       0
       0
       0
       0
       0
       0
       0
       0
       0
       0
       0
       0
       0
       0
       0
       0
       0
       0
       0
       0
       0
       0
       0
       0
       0
       0
       0
       0
       0
       0
       0
       0
       0
$ROI:
1
712 830
$PRESETS:
Live Time
120
0
$ENER_FIT:
-23.656767 2.297974
$MCA_CAL:
3
-2.365677E+001 2.297974E+000 2.836717E-005 keV
$SHAPE_CAL:
3
0.000000E+000 0.000000E+000 0.000000E+000
