$SPEC_ID:
No sample description was entered.
$SPEC_REM:
DET# 1
DETDESC# DESKTOP-I499GD2 Easy-MCA-2k SN 18191655
AP# Maestro Version 7.01
$DATE_MEA:
02/28/2024 14:59:15
$MEAS_TIM:
118 119
$DATA:
0 2047
       0
       0
       0
       0
       0
       1
       4
      13
     159
     126
     107
     130
     155
     164
     163
     185
     209
     191
     236
     225
     216
     189
     188
     179
     196
     218
     195
     261
     344
     430
     553
     559
     735
     938
     800
     511
     326
     295
     344
     357
     375
     396
     481
     537
     613
     665
     717
     824
     860
    1049
    1057
    1275
    1338
    1476
    1444
    1391
    1365
    1399
    1421
    1836
    2319
    3394
    4793
    6290
    7245
    6975
    5862
    4223
    2644
    1504
     884
     585
     443
     407
     427
     357
     371
     398
     371
     333
     320
     339
     339
     295
     350
     375
     356
     371
     377
     394
     398
     466
     432
     391
     358
     316
     325
     281
     273
     217
     224
     241
     215
     266
     201
     216
     219
     244
     188
     242
     218
     200
     225
     215
     207
     202
     174
     191
     218
     172
     180
     184
     174
     185
     166
     155
     151
     161
     172
     164
     159
     171
     161
     181
     161
     134
     152
     140
     147
     155
     144
     153
     161
     140
     139
     121
     133
     126
     119
     102
     135
     123
     104
     111
     119
     117
     107
     112
     106
     120
     119
     116
     106
      98
      99
     100
     110
      99
     110
      87
      95
      97
      79
      83
      93
      87
      81
      69
      81
      94
      89
      93
      93
      91
      74
      69
      67
      83
      62
      87
      67
      80
      63
      90
      71
      68
      85
      73
      71
      82
      86
      66
      75
      83
     101
      71
      97
      85
      94
      90
      94
     109
      85
      92
     120
      97
     131
     135
     136
     144
     154
     179
     208
     183
     194
     191
     209
     198
     214
     195
     186
     201
     220
     191
     194
     167
     147
     127
     121
     117
      94
     106
      90
      72
      76
      70
      66
      62
      42
      53
      51
      46
      46
      53
      55
      56
      37
      47
      48
      37
      54
      50
      48
      47
      34
      44
      36
      48
      40
      47
      54
      45
      54
      45
      55
      43
      41
      34
      56
      42
      44
      49
      51
      32
      37
      36
      49
      40
      45
      50
      44
      41
      50
      36
      39
      40
      44
      43
      37
      53
      44
      42
      48
      33
      45
      36
      30
      52
      45
      47
      29
      37
      33
      39
      30
      45
      38
      43
      32
      32
      34
      34
      42
      34
      43
      34
      49
      36
      37
      25
      40
      36
      40
      35
      36
      33
      30
      27
      27
      26
      38
      37
      34
      38
      38
      34
      40
      40
      38
      38
      39
      27
      33
      29
      39
      35
      44
      38
      31
      30
      35
      36
      32
      30
      46
      26
      36
      49
      39
      24
      50
      31
      36
      37
      32
      29
      33
      30
      36
      31
      36
      30
      31
      25
      23
      37
      19
      36
      27
      30
      28
      27
      29
      22
      30
      34
      21
      24
      24
      29
      31
      26
      31
      30
      27
      26
      28
      31
      23
      21
      21
      29
      30
      28
      24
      26
      22
      21
      25
      19
      16
      36
      23
      25
      25
      21
      21
      15
      22
      31
      20
      17
      24
      17
      23
      22
      29
      27
      29
      24
      21
      24
      20
      24
      26
      25
      33
      21
      24
      22
      30
      29
      24
      13
      22
      32
      20
      32
      30
      18
      22
      20
      24
      23
      25
      29
      31
      27
      26
      19
      20
      22
      38
      30
      24
      30
      35
      27
      31
      32
      28
      37
      36
      29
      36
      23
      33
      34
      47
      32
      37
      45
      23
      30
      29
      34
      31
      28
      22
      25
      27
      28
      24
      28
      23
      20
      36
      24
      25
      32
      24
      22
      22
      14
      19
      25
      29
      23
      27
      18
      26
      16
      27
      36
      21
      25
      21
      16
      26
      27
      22
      30
      21
      27
      26
      26
      25
      28
      27
      27
      20
      26
      27
      30
      26
      26
      33
      26
      23
      36
      15
      29
      27
      20
      16
      21
      21
      23
      26
      23
      25
      28
      27
      21
      12
      28
      29
      28
      31
      16
      23
      16
      16
      15
      26
      20
      31
      24
      19
      21
      17
      17
      22
      20
      16
      26
      23
      19
      21
      36
      18
      23
      19
      19
      21
      22
      24
      25
      19
      32
      18
      13
      25
      21
      17
      21
      32
      18
      12
      18
      14
      20
      20
      33
      28
      14
      15
      21
      21
      25
      18
      24
      30
      27
      22
      35
      19
      29
      36
      36
      34
      21
      27
      39
      30
      29
      24
      27
      31
      35
      24
      30
      22
      31
      24
      21
      20
      24
      32
      29
      29
      25
      31
      10
      15
      17
      16
      24
      15
      17
      17
      17
      15
      17
      11
      13
      19
      15
      16
      24
      19
      15
      15
      17
      14
      13
      12
      15
      15
      13
       9
      11
      17
      15
      15
      15
      10
       9
       6
      13
      19
      19
      16
      13
      13
      14
      16
      13
       8
      10
      18
      15
      14
       7
      14
      10
      15
      14
      15
      12
      13
      15
       8
      12
       7
      13
      11
      13
      16
      12
      15
       8
      21
      17
      14
      15
      14
      11
      16
      11
      14
      10
      13
      12
      15
      24
      25
      22
      20
      26
      27
      25
      17
      29
      33
      37
      26
      35
      47
      44
      45
      47
      47
      56
      47
      49
      60
      60
      56
      82
      54
      65
      69
      68
      75
      45
      54
      51
      57
      57
      57
      68
      50
      61
      48
      36
      39
      38
      33
      39
      30
      35
      34
      30
      26
      32
      21
      32
      21
      25
      22
      14
      12
      17
      13
      15
      14
      12
       6
      17
      18
      12
      12
       9
      11
       4
       7
      12
      12
       9
      10
       1
      10
      13
       7
      17
      12
       7
       9
       6
      10
      11
       8
       6
       9
       6
      15
       8
       9
       9
       4
       6
       6
       5
       5
       9
       7
       8
       8
      11
       8
      11
      10
      17
      13
       8
       5
       7
       5
       8
       8
      12
      11
       9
       8
       9
       6
       6
      14
      13
       8
       6
       5
      11
       5
      14
       9
      13
      10
       7
       8
      17
      10
      13
       8
      10
      17
       7
      14
       7
       9
      10
       4
       7
       9
       9
       8
       8
       5
      11
       9
      11
       5
       9
       5
       8
      10
      11
       4
       7
       8
       6
       9
      14
       8
       8
       6
       8
       8
       5
       8
       7
       6
       6
       8
       3
      12
      15
       9
       6
       7
       5
       4
       9
       4
       2
      13
       6
       8
       7
       3
       7
       7
       5
       9
       8
       9
       7
       7
       8
       9
      11
       5
       5
       7
      12
      11
      11
       5
       5
       4
       8
       7
       2
       7
      10
       5
       8
       9
       9
       8
      11
       3
       7
       5
       9
      12
       7
       8
       9
       7
       4
       9
       5
       8
       7
       7
      13
       8
       9
       8
       9
      11
       6
       9
       8
      11
       8
       3
       9
       9
       5
       9
       9
      10
      11
       7
      11
      10
       6
       4
       7
       7
       9
      11
       8
       9
       8
      10
       5
       7
       4
       9
      10
      11
       8
       7
       4
       9
      11
       9
       7
       3
       6
       8
      10
       3
       9
       7
      11
      11
       4
       6
      10
       5
       8
       7
       6
       9
       7
       5
       3
       4
       7
      11
       5
      11
      12
       7
       4
       6
       4
      11
       5
      13
       9
       5
      13
       8
       8
      11
      11
       6
       4
       8
       4
       4
       6
       7
      11
       4
       5
       5
      12
       8
       9
       7
       6
      10
       7
       8
      11
       6
       6
       6
       9
       8
       7
       5
      10
       9
       8
       5
       9
       7
       5
      11
       6
       9
       7
       6
       8
       5
      12
      11
       7
      12
       9
       6
       6
       6
       5
       6
       6
       5
      10
       8
       7
       3
       7
      12
       8
      12
       8
       6
       4
       8
       7
       7
      11
       9
       2
       8
       5
      10
       2
       8
       7
      11
       5
       5
      11
       7
       1
      11
       5
       6
       7
       5
       3
       9
       5
       7
      13
       4
       9
       6
       9
       5
       2
      10
       6
      10
       8
       7
       7
       7
       4
       1
       3
       8
       6
       9
       7
       5
       9
       4
       4
      14
       5
       8
       7
       8
       9
       3
       8
       5
       5
       5
       8
       4
       8
       5
       9
       8
      10
       4
       7
       8
      13
       7
      14
      11
      14
      10
       5
       7
       6
       8
      10
       8
       9
       6
       7
      11
       9
      10
       4
       7
       5
       5
       7
       5
      13
       6
       7
       7
       9
       8
       7
      15
       7
       8
       5
       8
       9
       9
       7
       1
       5
       3
       1
      10
       7
       6
       3
       6
       5
       6
       7
       7
       5
       8
       8
       4
       5
       6
       4
      10
       6
      11
       6
       7
       6
       4
      11
      15
      14
       7
       6
      13
       7
       8
       6
       5
       4
       6
       6
       4
       6
       5
       6
      11
       7
       7
       9
       9
      11
      10
       9
      12
       9
       7
       5
       7
       9
       5
       7
       6
       5
       7
       4
       7
       4
       5
       7
       5
       9
       9
       4
       8
       3
       9
       5
       5
       8
       9
       7
      10
       0
       9
       8
       7
       7
      11
       4
       9
       8
       1
       8
       0
       4
       6
       4
      10
      12
       7
       7
      10
       4
       8
       5
      12
       9
       3
       8
       9
       4
      15
       6
      10
       6
       6
      10
       8
       8
       7
       8
       8
       4
      10
      11
       8
       9
       9
       8
      10
       4
       7
       8
       8
       5
       9
      11
      10
       8
       7
       1
      12
       7
      16
       5
       5
      11
       3
       8
       7
      10
      13
       9
       4
       4
       8
       8
       5
      11
       4
       7
       5
       5
       7
       4
       6
       7
       8
       5
       7
      10
       6
       9
       9
      13
      10
       3
       5
       9
       5
       7
       4
       4
       7
       8
       6
      10
      13
       3
      10
       5
      11
       6
       4
       3
       8
       9
       8
       6
       4
       8
      12
      10
       9
       5
      10
       5
       9
      11
       4
       7
       6
       4
       5
      10
       4
      13
       2
       9
       8
       8
       4
      11
       6
       4
      19
       5
       7
      10
       4
      10
       5
       3
       7
       5
       6
       6
       6
       5
       6
       4
       7
       9
      13
       7
       6
       2
       5
       7
      14
      10
       7
      10
       5
       9
       3
       7
       6
       9
       3
       6
       8
       9
       5
       2
       3
       3
       4
       7
       8
       4
       5
       7
       5
       7
       9
       5
       7
       6
       7
       9
       7
       7
      10
       6
       4
      13
       6
       2
       7
       6
      14
       5
      12
       8
       9
      10
       7
       6
       9
       6
       8
       6
       4
       7
       7
       8
       5
       3
       7
       8
       6
       6
       7
       5
      11
       7
       9
       5
       9
       6
       6
       9
       9
       5
       5
      12
       5
       4
       8
       2
       4
       9
       8
      11
       9
       8
       5
      10
       7
       7
       8
      12
       7
       8
       1
       6
      10
      12
       6
       7
       6
       3
       5
       5
      11
      10
       9
       7
       8
       8
      10
       5
       5
       5
       7
       4
       9
      11
       8
       7
       4
       5
       8
       8
      12
      17
       9
       9
       3
       9
      11
       9
       3
       3
      13
       9
      11
      10
       5
      11
       8
      12
       3
       5
       7
       9
       8
       6
      13
       9
       9
       8
       7
       8
       4
       6
       8
       7
       6
       4
      13
       7
      10
       6
       5
       9
      10
      10
       3
      11
      10
      15
      14
      13
       9
       6
      10
       9
      11
      11
       8
       5
      11
       9
       6
      10
      12
      16
       6
       9
       5
       8
       7
       6
       8
       8
       9
      13
       6
       8
      14
      13
      15
       4
      13
       6
       3
       6
       8
       7
       7
      11
       7
      10
       6
       5
       4
      11
       5
       3
       7
       7
       4
       4
      14
      12
      10
       5
       5
       9
       7
       7
      10
       8
      12
      11
       6
       9
       7
       7
       7
       8
       8
       6
      11
      10
       6
       9
       4
       8
       8
       3
       5
       9
      14
      12
       7
       7
       5
       6
       7
      15
       4
       8
       6
      13
       6
       7
       8
       5
       7
       4
      10
      10
       9
       7
       4
      12
       8
      12
      11
       5
      11
      15
       8
       7
       8
       6
       9
       8
      12
       6
       9
       7
      10
       8
       9
      10
       7
      12
      11
       8
       6
      12
      12
       5
       5
       2
       6
       7
       8
       6
      15
       6
       6
       5
      10
       3
       3
       6
       9
      10
       7
       7
      14
       8
      10
       8
       5
       2
       5
       9
      14
       6
       9
       9
       2
       5
       6
       7
      13
       8
       5
       8
       9
       8
       8
      11
      16
       4
       8
       6
      11
       4
       9
       5
      12
      10
       6
      11
       9
       7
       8
      14
       5
       6
      10
       9
      16
      15
      11
      10
       6
      12
      10
      11
      11
      12
       7
      12
       6
      16
      14
      12
      15
       7
       7
      16
       5
       8
       8
      12
      14
      11
       7
      13
      13
      12
       8
      10
       4
      13
      11
      10
      12
      10
       8
       9
      10
      10
      10
       5
       9
       6
      10
      11
       9
      13
       6
      13
      14
       6
       7
       5
      10
      11
       6
       7
      13
       5
       6
       8
       5
      11
       5
       9
       7
       6
      10
       6
       7
      11
      12
      11
      18
      10
      11
      10
       4
       3
      12
      14
       8
       8
      11
       4
      13
      11
      12
       9
      11
       5
      15
       6
      10
      11
      10
       6
       8
      11
      10
       8
       3
      10
      15
      10
       0
       0
       0
       0
       0
       0
       0
       0
       0
       0
       0
       0
       0
       0
       0
       0
       0
       0
       0
       0
       0
       0
       0
       0
       0
       0
       0
       0
       0
       0
       0
       0
       0
       0
       0
       0
       0
       0
       0
       0
       0
       0
       0
       0
       0
       0
       0
       0
       0
       0
       0
       0
       0
       0
       0
       0
       0
       0
       0
       0
       0
       0
       0
       0
       0
       0
       0
       0
       0
       0
       0
       0
       0
       0
       0
       0
       0
       0
       0
       0
       0
       0
       0
       0
$ROI:
1
712 830
$PRESETS:
None
0
0
$ENER_FIT:
-23.656767 2.297974
$MCA_CAL:
3
-2.365677E+001 2.297974E+000 2.836717E-005 keV
$SHAPE_CAL:
3
0.000000E+000 0.000000E+000 0.000000E+000
