$SPEC_ID:
No sample description was entered.
$SPEC_REM:
DET# 1
DETDESC# DESKTOP-I499GD2 Easy-MCA-2k SN 18191655
AP# Maestro Version 7.01
$DATE_MEA:
02/28/2024 14:44:55
$MEAS_TIM:
119 120
$DATA:
0 2047
       0
       0
       0
       0
       0
       1
      10
      19
     229
     158
     173
     162
     204
     219
     232
     213
     197
     273
     264
     305
     245
     251
     225
     226
     235
     234
     261
     281
     426
     507
     595
     599
     762
     883
     829
     603
     362
     391
     347
     414
     441
     477
     512
     585
     713
     707
     743
     807
    1008
    1091
    1141
    1295
    1404
    1484
    1465
    1458
    1392
    1416
    1521
    1823
    2328
    3198
    4573
    6150
    7086
    7173
    5970
    4259
    2722
    1638
    1026
     646
     489
     511
     485
     458
     454
     437
     443
     445
     420
     395
     448
     417
     428
     427
     435
     449
     438
     443
     515
     564
     497
     474
     421
     422
     410
     379
     341
     320
     343
     313
     321
     292
     304
     284
     329
     299
     311
     282
     303
     285
     303
     270
     269
     276
     239
     279
     229
     253
     244
     251
     246
     256
     229
     242
     245
     183
     209
     209
     235
     221
     201
     206
     191
     201
     227
     215
     212
     168
     202
     163
     200
     201
     193
     185
     199
     173
     171
     183
     178
     184
     178
     177
     172
     165
     151
     166
     166
     151
     140
     149
     151
     156
     158
     144
     135
     157
     130
     133
     129
     132
     128
     101
     143
     128
     152
     134
     128
     127
     132
     128
     123
     115
     112
     127
     130
     131
     123
     132
     112
     113
     123
     120
     120
     120
     135
     113
     101
      97
     129
     108
     102
     108
     116
     118
     125
     115
     111
     119
     149
     135
     141
     141
     150
     168
     207
     174
     209
     212
     221
     229
     251
     263
     291
     266
     314
     313
     335
     298
     290
     302
     318
     262
     281
     235
     210
     204
     185
     152
     143
     130
     124
     121
     110
     108
      82
      93
      88
      70
      57
      79
      67
      79
      78
      84
      71
      80
      65
      92
      62
      64
      65
      65
      77
      59
      80
      50
      79
      76
      76
      73
      65
      67
      65
      75
      66
      67
      74
      71
      75
      66
      81
      58
      70
      62
      74
      68
      58
      53
      66
      67
      79
      72
      74
      60
      52
      70
      63
      57
      54
      66
      76
      66
      54
      52
      64
      49
      43
      60
      57
      64
      71
      67
      58
      70
      57
      49
      64
      44
      71
      71
      57
      48
      56
      62
      52
      55
      63
      49
      64
      67
      53
      45
      60
      63
      50
      57
      60
      57
      50
      54
      58
      43
      41
      51
      47
      42
      53
      59
      49
      43
      56
      75
      57
      45
      57
      61
      49
      48
      47
      47
      56
      47
      57
      54
      51
      58
      53
      47
      54
      53
      55
      51
      51
      48
      50
      47
      48
      53
      48
      62
      44
      45
      42
      43
      47
      53
      59
      40
      44
      57
      44
      51
      53
      46
      44
      36
      38
      46
      43
      42
      43
      43
      49
      34
      45
      40
      40
      38
      53
      36
      45
      40
      42
      59
      47
      38
      48
      48
      34
      36
      46
      37
      38
      34
      46
      42
      35
      40
      42
      36
      40
      43
      39
      42
      43
      40
      36
      44
      50
      36
      39
      43
      27
      57
      41
      46
      39
      39
      27
      43
      45
      35
      44
      33
      45
      45
      50
      45
      46
      39
      45
      50
      38
      39
      34
      55
      38
      46
      42
      37
      32
      38
      61
      47
      48
      51
      48
      42
      59
      35
      48
      44
      56
      46
      53
      44
      51
      52
      49
      41
      55
      55
      49
      62
      45
      47
      50
      48
      39
      50
      42
      44
      43
      43
      38
      35
      37
      39
      55
      48
      45
      29
      38
      39
      40
      35
      36
      33
      44
      42
      39
      35
      41
      41
      50
      41
      44
      57
      43
      34
      43
      33
      30
      35
      33
      30
      33
      44
      36
      51
      49
      43
      48
      47
      33
      32
      41
      47
      46
      48
      39
      45
      42
      36
      52
      32
      43
      42
      42
      47
      40
      43
      43
      40
      41
      46
      45
      52
      49
      43
      42
      40
      55
      57
      35
      46
      39
      39
      44
      47
      39
      39
      41
      38
      32
      39
      40
      51
      39
      39
      39
      38
      39
      40
      42
      48
      42
      37
      47
      44
      42
      50
      46
      39
      40
      37
      47
      43
      37
      35
      39
      36
      41
      41
      52
      40
      46
      38
      37
      43
      47
      54
      49
      45
      45
      38
      40
      36
      59
      43
      50
      50
      52
      40
      50
      44
      46
      49
      42
      44
      44
      55
      43
      40
      48
      40
      44
      45
      33
      40
      49
      35
      32
      34
      40
      35
      35
      38
      39
      32
      35
      28
      36
      31
      33
      23
      37
      25
      35
      25
      27
      30
      33
      18
      24
      15
      30
      21
      31
      24
      23
      23
      21
      30
      33
      17
      25
      22
      19
      18
      27
      24
      24
      27
      30
      21
      26
      32
      16
      13
      21
      20
      22
      24
      31
      26
      33
      29
      19
      15
      15
      20
      18
      24
      23
      20
      23
      16
      19
      21
      15
      16
      25
      26
      18
      26
      33
      27
      26
      33
      36
      28
      28
      44
      24
      33
      38
      44
      45
      45
      71
      49
      59
      71
      58
      72
      78
      87
      95
      91
     105
     125
      92
     122
     124
     115
      97
     138
     134
     142
     122
     133
     153
     127
     121
     111
     115
     118
     117
     111
     108
     101
     116
     103
      73
      83
      68
      87
      84
      57
      65
      55
      54
      48
      51
      43
      33
      41
      34
      38
      37
      38
      28
      22
      28
      25
      24
      27
      21
      17
      17
      15
      14
      22
      22
      15
      14
      18
      16
      16
      10
      12
      11
      12
      15
      14
      19
       8
       9
       9
      11
      14
      11
      10
       8
      15
      10
      17
      12
      13
      17
      15
      13
      15
      16
      19
      13
      12
      14
      18
      15
       9
      10
      16
      23
       6
      14
      14
      14
      11
      23
      13
      19
      10
      13
      14
      14
      18
      15
      14
      20
      14
      14
      16
       7
      17
      11
       8
      17
       9
       6
      13
      16
      20
      12
      15
      10
       6
      14
       9
      13
      11
      24
      15
      15
       9
      16
       8
      13
      13
      19
      16
       9
      14
      14
      13
      10
      17
      13
      11
      11
       9
      14
       4
      10
      13
      17
      15
      11
      18
      19
      17
       8
      11
      16
      16
      11
      12
       9
      14
      16
      10
      10
      12
       9
      13
      12
      10
       7
      10
      16
      14
      18
      10
      16
       9
      13
      16
       8
      18
      11
      16
      14
      12
       7
      13
      12
      13
      14
      15
      14
      15
      14
      15
      11
      22
      14
      12
      13
       5
      14
      15
      14
      13
      13
       9
      13
      11
       8
      13
       8
      17
      13
      12
      16
      11
      11
      17
      14
      16
      12
      17
      12
      14
      13
      15
       9
       7
      14
       8
      15
      20
       7
      21
      15
      10
      13
      16
       8
      10
      13
      14
      14
       7
       7
      16
       9
      12
       9
       9
      14
       6
      12
      14
      13
      13
      13
       9
       9
      11
      15
      14
      13
      14
      14
      13
      17
      13
      10
      11
      14
       6
       8
      10
      14
      15
       7
      16
       7
      11
      14
      11
      11
       9
       7
      10
      14
      17
      11
      13
      12
      11
      13
      11
      12
      14
      18
       4
      13
      13
      14
      13
      13
       8
       9
      10
      10
      11
      12
      15
      13
      15
      15
      16
       9
      11
      12
      10
       4
      10
      12
      11
       5
      10
      11
      17
      14
       9
      13
      13
      11
      10
       9
      10
       3
      10
      12
      12
      13
      11
      14
       7
      12
      19
       8
       5
      12
      17
      13
       7
      12
      11
       9
      12
      10
      11
      11
      12
       9
       6
      10
       7
       5
       9
      12
       7
      11
      12
       8
       9
       5
      10
       8
       8
       9
      25
      14
      16
      14
      16
      11
       7
      19
      13
      13
      10
      12
      18
      12
       8
      13
       7
      12
      13
       9
       7
       9
      11
      11
      12
       3
       9
      11
       7
      13
      12
      13
      12
      12
      16
      16
      12
       7
      16
       9
      13
      13
      13
      14
      12
       9
      15
      12
       8
       8
      12
      17
       8
       9
       8
      14
      10
      10
       8
       9
      15
      11
      16
      11
      10
      13
      11
      14
      10
       9
      10
      10
       9
      13
      17
      12
      10
       7
      13
      15
      12
      13
      14
      18
       9
       9
       9
      11
       9
      10
      12
       9
      10
      11
       6
      14
       7
      12
       8
      16
       8
      12
      13
      14
       8
      10
       9
       9
      12
       8
       7
       9
      12
       9
      15
       9
      15
      12
      15
      10
      12
       5
      10
      12
       7
       9
      11
      13
       7
      12
      12
      10
      14
      10
       5
       6
      12
      12
      12
      14
      12
      10
       9
      11
       8
      11
       8
      12
       8
       9
       8
      13
       7
      11
      10
      10
       8
      15
       9
       8
      11
      14
      11
       3
       6
      13
      12
      13
       9
       7
       7
      10
      10
       9
      11
      18
      15
      11
       8
      10
       6
       9
      10
      11
       7
      12
      10
      10
      11
      10
       8
       6
      13
       7
      13
      15
      14
      10
      15
       9
      16
       8
       8
      15
      12
      14
      14
       5
      15
      10
       5
      10
       6
       9
       3
       7
       7
      11
      11
      15
      15
      11
      20
      10
      10
      11
      13
      12
       9
      14
       9
      12
      11
      11
      10
      12
      10
       9
      11
      15
      13
      13
      16
      12
      17
      12
      11
      10
      13
      14
       9
      13
      14
       8
      12
      13
      13
       8
      18
      13
       5
      11
      11
       7
      15
      12
      12
      12
      16
      12
      13
       7
       5
      14
       9
      13
       6
      10
      11
       7
       9
       7
       7
       9
       8
      14
       8
       9
       7
       5
       9
      14
      11
      15
      15
       8
      10
      18
      12
       5
      11
       6
       7
      11
      14
       5
       7
      10
      11
      12
      11
      14
       9
      14
      10
       6
      10
       5
       7
       8
       9
      12
       8
      12
      16
      19
      16
       7
       9
      11
      13
      11
      13
       6
      11
      10
       9
       8
      13
       8
      10
       7
      10
      10
      11
       7
      14
       9
      10
       9
      13
      12
      12
      15
       7
      10
      14
      10
       7
       9
      10
      12
      13
      10
      10
      11
       3
       6
      10
      12
      10
      10
       7
       7
      12
      11
      11
      10
       7
      10
       6
      11
      10
       9
       9
      14
      14
      14
      14
       9
      12
      12
      18
      10
       8
      13
      11
       7
       8
      10
      14
       8
      11
       8
      10
      11
      10
       7
      13
      13
      13
       9
      16
      11
       8
       7
       7
       8
       5
       9
      12
      13
      17
      11
      11
      13
      11
      13
       5
       8
      13
       9
       7
      13
       8
      18
      12
      13
       7
      14
      10
      13
       9
      11
      14
      11
       7
       6
       9
      11
       7
      11
      15
      15
       7
      11
       8
       9
       6
      10
       9
      13
      12
       8
      10
       6
      10
      13
      15
      15
      10
      13
       9
      11
      19
      10
       9
       9
       8
       9
       9
      11
       8
      17
      11
      19
      10
      14
      12
       9
      12
       4
      20
      12
      17
      11
      10
       9
      17
      10
       9
      10
       7
      11
      15
       8
      14
      14
      11
       9
      12
       8
      11
      11
      14
      15
      17
       4
      20
      15
      20
       7
      11
       4
      11
      11
      10
      16
      19
      13
       8
      18
      12
      14
      11
      17
      11
      11
       6
      14
      12
       7
      21
      13
      11
      15
       9
      15
       6
      16
       9
       9
      17
      10
      11
       6
      11
      21
       7
      19
      10
      13
      13
      11
      17
      12
      12
      13
      10
       7
      11
      12
      10
      13
      19
      13
       5
       7
      13
      16
      10
       9
       8
       8
       9
      11
      13
       8
       6
      17
      19
      13
      16
      10
      20
      13
      19
      19
       9
      12
       9
      11
      12
      13
      10
       9
      16
      12
      10
      10
      15
       7
      12
      12
      15
      10
      10
      14
       6
      14
      13
      14
       7
      14
       8
       7
      13
      20
      10
      12
       9
       8
       9
      17
      11
       9
      10
      12
      12
      11
       6
      14
      11
      12
      17
      20
      13
      15
      15
      13
      21
      17
      12
      16
      15
      13
      13
      16
      12
      15
      12
      12
       9
      11
      15
      11
       9
       9
      13
      15
      10
      18
      17
       8
       9
      10
      17
      12
      15
      12
       8
      17
      12
      13
      15
      11
      11
      19
      14
      12
      15
      12
      10
      10
      18
      19
      12
      12
      13
      13
      13
      18
      13
      20
      20
       9
      16
      14
      12
      14
      20
      15
      11
      11
      12
      10
      26
      14
      17
      12
      12
      19
      12
      11
      11
      15
      12
      23
      10
      10
      15
      17
      11
       5
      19
      13
       8
      13
      19
      16
      18
      18
      17
      16
      18
      20
      14
      17
      19
      17
      13
       9
      12
      11
      14
      15
      13
      15
      14
      16
      18
      14
      12
      11
      20
      17
      12
      19
      21
      19
      12
      17
       9
      11
      15
       8
      17
       7
      16
      16
      15
      14
      22
      10
      11
      13
      14
      10
      17
      12
       9
      11
      17
      10
      15
      12
      11
      16
      15
      11
      11
      13
       9
      16
       9
      10
      14
      10
      18
       7
      12
      17
      11
      11
      11
      13
      15
      10
      16
      12
      15
       9
      10
      18
      13
       8
      11
       0
       1
       0
       0
       0
       0
       0
       0
       0
       0
       0
       0
       0
       0
       0
       0
       0
       0
       0
       0
       0
       0
       0
       0
       0
       0
       0
       0
       0
       0
       0
       0
       0
       0
       0
       0
       0
       0
       0
       0
       0
       0
       0
       0
       0
       0
       0
       0
       0
       0
       0
       0
       0
       0
       0
       0
       0
       0
       0
       0
       0
       0
       0
       0
       0
       0
       0
       0
       0
       0
       0
       0
       0
       0
       0
       0
       0
       0
       0
       0
       0
       0
       0
       0
$ROI:
1
712 830
$PRESETS:
None
0
0
$ENER_FIT:
-23.656767 2.297974
$MCA_CAL:
3
-2.365677E+001 2.297974E+000 2.836717E-005 keV
$SHAPE_CAL:
3
0.000000E+000 0.000000E+000 0.000000E+000
