$SPEC_ID:
No sample description was entered.
$SPEC_REM:
DET# 1
DETDESC# DESKTOP-I499GD2 Easy-MCA-2k SN 18191655
AP# Maestro Version 7.01
$DATE_MEA:
02/28/2024 15:19:02
$MEAS_TIM:
102 102
$DATA:
0 2047
       0
       0
       0
       0
       0
       1
       6
       7
     111
      92
      75
     111
     100
     106
     142
     145
     155
     165
     172
     173
     155
     124
     145
     126
     136
     122
     157
     177
     302
     368
     447
     450
     589
     752
     657
     394
     236
     247
     260
     278
     292
     330
     377
     420
     510
     531
     598
     618
     712
     800
     900
    1067
    1177
    1254
    1169
    1098
    1102
    1108
    1223
    1528
    2019
    2811
    4124
    5350
    6125
    6060
    4939
    3449
    2193
    1281
     704
     399
     349
     342
     268
     264
     263
     255
     248
     253
     238
     257
     249
     230
     255
     223
     252
     259
     257
     312
     303
     339
     308
     302
     266
     246
     210
     205
     177
     186
     186
     158
     138
     130
     162
     145
     131
     145
     145
     136
     135
     116
     103
     136
     134
     126
     142
     123
      97
     121
     119
     125
     106
      95
     103
     117
     112
      98
      99
      84
      86
      92
      98
      95
     101
     118
     104
      90
      90
      94
      91
      73
      83
      67
      72
      90
      74
      85
      70
      78
      64
      84
      61
      60
      69
      61
      65
      71
      78
      71
      55
      81
      57
      64
      49
      61
      70
      74
      57
      47
      53
      38
      58
      63
      47
      59
      47
      52
      61
      53
      44
      43
      51
      40
      49
      46
      42
      51
      47
      40
      58
      37
      38
      39
      45
      37
      43
      54
      44
      48
      58
      43
      36
      51
      52
      49
      35
      43
      49
      67
      65
      55
      77
      80
      63
      68
      80
      83
      87
     114
     106
      88
     124
     120
     106
     122
     129
     121
     110
     124
     116
     105
     127
     101
      92
     102
      78
      82
      68
      54
      59
      51
      51
      46
      43
      27
      29
      19
      29
      39
      24
      28
      26
      18
      20
      20
      20
      25
      27
      23
      18
      37
      30
      26
      31
      26
      29
      20
      23
      26
      21
      28
      25
      29
      26
      26
      30
      22
      22
      21
      30
      23
      17
      18
      28
      21
      18
      19
      16
      10
      17
      20
      16
      12
      32
      22
      18
      21
      17
      17
      17
      19
      15
      13
      19
      21
      20
      18
      17
      11
      19
      12
      13
      20
      15
      22
      20
      17
      17
      13
      23
      20
      20
      18
      18
      15
      15
      14
      10
      19
      27
      19
      19
      24
      14
      12
      23
      12
      22
      24
      18
      21
      17
      16
      15
      12
      20
      20
      17
      17
      18
      25
      27
      19
      18
      17
      20
      24
      16
      19
      25
      15
      25
      21
      20
      16
      14
      12
      21
      17
      23
      14
      15
      15
      12
      20
      18
      16
      15
      11
      18
      16
      14
      14
      15
       6
      16
      12
      13
      15
      19
      13
      18
      12
      12
      12
      15
      12
      17
      15
       9
      15
       9
       5
      12
       6
      12
      11
       9
       7
      16
       9
      15
       9
      13
      13
      14
       9
      11
      13
      15
      12
      13
      11
      10
      14
      14
       8
      12
      11
       4
      18
       9
      10
       8
      10
       8
      16
       8
      13
      12
       9
      11
      11
       9
      12
       8
       5
       5
      10
      13
      18
       6
      11
       9
      16
      11
      13
      11
      16
      10
      15
      19
      12
       9
      11
      15
      18
      13
       9
      10
      15
      12
      10
      16
      11
      11
      21
      21
      19
      20
      33
      23
      12
      16
      17
      12
      16
      13
      13
      16
      15
      20
      14
      17
      13
      10
       8
       8
       9
       9
      16
      11
      15
      10
      10
      13
       7
       7
       6
      10
      14
      10
      12
      11
      10
      12
       9
      13
      11
       5
       6
      11
      13
       1
      13
      13
       6
       7
      19
       6
       9
       7
       9
       7
       6
      10
      19
      11
      12
       7
       6
       8
      11
      10
       8
       9
       7
       7
       6
      11
       9
      16
      11
      15
       5
      17
      11
      11
       4
      16
      13
       9
      12
       9
      14
      13
       5
      14
       7
       9
       6
      15
       2
       2
       7
       9
      13
       8
       9
       7
      10
       2
      13
      13
       9
       7
       6
      10
       9
      11
      13
       9
       8
       7
       5
      12
       8
      10
       8
       7
       4
      10
       5
       9
       9
       7
       8
      12
      10
       5
      14
       7
       8
       5
      11
      10
      13
       9
       7
       9
      15
      17
      11
      10
      13
      13
       4
      13
      16
       8
       9
      15
       8
      14
      12
      11
      11
       3
       8
      11
      18
      13
      10
      12
       9
      11
       9
       7
       8
       7
       7
       7
       6
      12
       9
       9
       6
       5
       8
       6
       6
      11
       3
      10
       4
       4
      10
       7
       5
       5
       7
       6
      17
       6
       7
       3
       4
       7
       6
       7
       3
       5
       4
       4
       5
       7
       4
       5
       9
       1
       5
      11
       9
       4
      10
       6
       3
      11
       6
       7
       2
       5
       8
       1
       8
      10
      11
       5
       3
       4
       6
       5
       1
       4
       8
       8
       6
       6
       8
       4
       3
       6
       8
       7
       2
       5
       9
       9
      12
       4
       6
       4
      10
       4
       2
       6
       5
       2
       6
       8
       4
       3
       9
       9
       9
       5
      14
      11
      13
      18
      12
      11
      10
      19
      17
      17
       6
      10
      11
      17
       6
      13
      14
      13
      12
       8
      10
      15
      10
       6
      12
      15
      11
       6
      10
       9
      13
      11
      10
       6
       9
       7
       5
       8
       8
       8
       9
       8
       8
      10
       7
       8
       4
       2
       4
       3
       7
       4
       1
       6
       3
       4
       2
       4
       6
       4
       2
       7
       4
       8
       2
       2
       4
       3
       4
       2
       6
       6
       5
       5
       4
       4
       2
       4
       8
       4
       2
       5
       7
       7
       4
       4
       6
       2
       1
       2
       5
       3
       4
       4
       5
       3
       4
       4
       2
       5
       3
       6
       9
       4
       6
       3
       4
       4
       2
       4
       4
       5
       3
       5
       7
       8
       3
       8
       1
       6
       6
       6
       2
       3
       4
       5
       9
       6
       3
       3
       1
       5
       3
       4
       7
       2
       9
       0
       2
       4
       2
       3
       3
       5
       3
       5
       4
       4
       5
       7
       6
       3
       3
       7
       3
       4
       6
       3
       6
       5
       3
       4
       5
       4
       2
       4
       4
       6
       2
       4
       3
       4
       4
       6
       2
       3
       2
       4
       3
       6
       7
       3
       5
       3
       3
       5
       4
       7
       7
       3
       4
       3
       1
       5
       4
       3
       2
       8
       5
       5
       3
       7
       7
       2
       1
       2
       3
       1
       5
       3
       7
       4
       3
       2
       6
       5
       6
       6
       5
       2
       5
       5
       6
       5
       3
       4
       4
      10
       1
       7
       1
       7
       1
       3
       4
       9
       2
       5
       2
       6
       4
       7
       0
       5
       3
       3
       4
       5
       3
       3
       4
       3
       4
       1
       2
       0
       3
       5
       4
       5
       5
       4
       5
       2
       4
       5
       1
       5
       1
       4
       4
       4
       4
       7
       5
       4
       9
       3
       6
       2
       2
       4
       3
       2
       4
       5
       2
       4
       1
       2
       2
       5
       3
       3
       2
       7
       3
       4
       7
       4
       5
       5
       2
       5
       4
       3
       4
       6
       0
       3
       4
       1
       2
       8
       3
       2
       3
       8
       3
       3
       0
       4
       3
       4
       2
       5
       3
       3
       4
       3
       4
       2
       5
       6
       3
       4
       2
       3
       4
       4
       4
       3
       7
       0
       3
       3
       4
       8
       5
       6
       2
       1
       8
       6
       2
       5
       2
       3
       7
       2
       4
       8
       3
       3
       3
       8
       9
       4
       4
       3
       7
       2
       3
       2
       6
       4
       5
       8
       4
       1
       6
       2
       7
       6
       5
       3
       2
       3
       6
       3
       4
       3
       5
       3
      10
       2
       3
       5
       2
       3
       2
       0
       3
       2
       7
       3
       4
       3
       4
       7
       1
       5
       4
       5
       5
       3
       5
       7
       2
       6
       4
       1
       2
       6
       1
       4
       5
       3
       1
       8
       3
       4
       0
       4
       4
       3
       5
       4
       3
       2
       4
       3
       4
       1
       4
       7
       3
       2
       5
       3
       6
       5
       6
       3
       6
       0
       2
       1
       3
       4
       4
       4
       3
       3
       5
       5
       4
       5
       5
       5
       5
       2
       7
       2
       5
       3
       1
       4
       4
       1
       2
       4
       5
       5
       3
       2
       7
       3
       4
       4
       3
       5
       2
       4
       5
       2
       1
       1
       3
       4
       4
       5
       4
       2
       2
       2
       7
       3
       5
       1
       4
       0
       2
       5
       1
       1
       4
       5
       6
       0
       2
       1
       3
       0
       5
       2
       6
       3
       5
       7
       0
       4
       3
       3
       4
       4
       1
       4
       2
       3
       9
       3
       2
       3
       2
       3
       5
       3
       4
       5
       5
       1
       1
       5
       3
       1
       6
       2
       4
       4
       3
       5
       3
       4
       4
       4
       2
       3
       3
       3
       4
       2
       4
       1
       6
       7
       5
       5
       4
       3
       4
       1
       3
       5
       4
       0
       3
       3
       1
       5
       4
       7
       4
       5
       3
       4
       3
       3
       6
       3
       3
       6
       2
       2
       3
       3
       5
       5
       6
       3
       3
       5
       8
       5
       5
       6
       6
       7
       0
       2
       3
       1
       3
       2
       5
       5
       3
       3
       1
       5
       4
       5
       2
       1
       3
       6
       1
       5
       4
       6
       5
       4
       6
       2
       5
       6
       2
       7
       4
       2
       6
       3
       5
       3
       6
       9
       1
       5
       5
       1
       5
       4
       3
       4
       2
       3
       5
       1
       4
       1
       9
       4
       3
       5
       7
       5
       2
       2
       1
       2
       4
       8
       3
       5
       3
       9
       2
       3
       4
       2
       2
       8
       4
       3
       6
       9
       4
       9
       3
       4
       6
       6
       5
       6
       3
       7
       3
       5
       6
       2
       3
       2
       6
       5
      10
       0
       3
       3
       4
       1
       8
       2
       4
       6
       1
       5
       5
       4
       3
       3
       4
       6
       4
       1
       3
       7
       1
       2
       4
       6
       2
       4
       6
       5
       3
       1
       5
       4
       3
       3
       2
       3
       1
       6
       7
       4
       7
       2
       2
       7
       8
       7
       5
       4
       6
       3
       5
       9
       7
       7
       3
       7
       3
       2
       4
       4
       2
       4
       4
       9
       2
       7
       5
       4
       5
       4
       4
       1
       3
       4
       6
       0
       1
       6
       3
       4
       5
       4
       2
       1
       5
       2
       4
       3
       3
       7
       3
       3
       9
       5
       8
       6
       4
       2
       8
       3
       5
       2
       3
       5
       1
       3
       3
       4
       4
       4
       5
       9
       2
       6
       3
       3
       7
       4
       7
       4
       1
       3
       5
       4
       3
       3
       4
       2
       4
       1
       2
       0
       4
       5
       2
       7
       4
       5
       5
       3
       6
       6
       6
       3
       7
       3
       4
       3
       6
       2
       7
       3
       3
       3
       6
       7
       1
       2
       5
       3
       2
       6
       3
       4
       3
       7
       1
       4
       3
       7
       5
       2
       3
       5
       1
       3
       5
       3
       4
       2
       5
       7
       5
       6
       4
       2
       4
       8
       4
       4
       3
       3
       7
       3
       4
       5
       1
       5
       2
       7
       9
       7
       6
       7
       2
       3
       6
       5
       3
      10
       6
       5
       6
       6
      11
       0
       5
       3
       0
       3
       6
       4
       3
       4
       8
       5
       5
       2
      10
       9
       3
       4
       5
       4
       5
       4
       2
       5
       8
       4
       4
       5
       3
      10
      11
       5
       3
       5
       3
       6
       3
       1
       9
       1
       5
       5
       4
       5
       9
       5
       4
       5
       5
       3
       5
       6
       3
       2
       2
       6
       8
       6
       4
       4
       5
       2
       4
       7
       5
       2
       1
       4
       8
       8
       3
       3
       4
       5
       5
       6
       6
       5
       2
       6
       3
       2
       3
       7
       2
       6
       3
       6
       1
       3
       1
       5
       4
       1
       5
       3
       7
       3
       5
       2
       2
       2
       7
       5
       4
       4
       2
       7
       7
       5
       2
       2
       5
       4
       0
       5
       4
       6
       5
       4
       2
       3
       2
       5
       2
       8
       4
       2
       8
       4
       2
       7
       3
       4
       5
       4
       7
       7
       7
       1
       5
       4
       5
       1
       6
       2
       4
       8
       2
       3
       9
       9
       9
       3
       6
       5
       4
       6
       2
       2
       8
       3
       4
       3
       4
       2
       2
       2
       4
       8
       6
       3
       4
       4
       6
       6
       6
       7
       2
       3
       8
       3
       4
       6
       3
       7
       6
       3
       5
       4
       4
       5
       9
       5
       4
       3
       4
       6
       6
       5
       5
       5
       5
       5
       6
       6
       5
       9
       6
       5
       3
       3
       4
       6
       3
       4
       5
       5
       2
       4
       4
       6
       6
       4
       7
       7
       3
       5
       5
       7
       5
       7
       2
       9
       7
       3
       7
       1
       5
       9
       6
       8
       4
       3
       5
       4
       9
       5
       8
       6
       2
       5
       5
       4
       4
       5
       4
      10
       3
       9
       0
       2
       6
       6
       4
       4
       2
       6
      10
       8
       3
       4
       3
       6
       8
       4
       9
      12
       9
       5
       5
       4
       5
       7
       6
       4
       7
       1
       0
       0
       0
       0
       0
       0
       0
       0
       0
       0
       0
       0
       0
       0
       0
       0
       0
       0
       0
       0
       0
       0
       0
       0
       0
       0
       0
       0
       0
       0
       0
       0
       0
       0
       0
       0
       0
       0
       0
       0
       0
       0
       0
       0
       0
       0
       0
       0
       0
       0
       0
       0
       0
       0
       0
       0
       0
       0
       0
       0
       0
       0
       0
       0
       0
       0
       0
       0
       0
       0
       0
       0
       0
       0
       0
       0
       0
       0
       0
       0
       0
       0
       0
$ROI:
1
712 830
$PRESETS:
None
0
0
$ENER_FIT:
-23.656767 2.297974
$MCA_CAL:
3
-2.365677E+001 2.297974E+000 2.836717E-005 keV
$SHAPE_CAL:
3
0.000000E+000 0.000000E+000 0.000000E+000
