$SPEC_ID:
No sample description was entered.
$SPEC_REM:
DET# 1
DETDESC# DESKTOP-I499GD2 Easy-MCA-2k SN 18191655
AP# Maestro Version 7.01
$DATE_MEA:
02/28/2024 14:52:14
$MEAS_TIM:
128 129
$DATA:
0 2047
       0
       0
       0
       0
       0
       2
       8
      15
     234
     169
     160
     173
     169
     205
     244
     224
     248
     302
     264
     265
     242
     268
     267
     202
     237
     228
     289
     341
     431
     564
     612
     641
     818
    1015
     876
     599
     421
     376
     394
     390
     480
     512
     581
     632
     727
     806
     812
     927
    1003
    1131
    1235
    1437
    1590
    1658
    1631
    1600
    1478
    1528
    1739
    1990
    2587
    3604
    5235
    6758
    7797
    7726
    6659
    4682
    3060
    1761
    1029
     704
     501
     484
     482
     451
     476
     483
     427
     414
     425
     382
     403
     387
     416
     424
     451
     464
     477
     504
     532
     501
     513
     479
     464
     442
     393
     356
     314
     308
     316
     306
     313
     292
     278
     292
     295
     290
     264
     271
     295
     278
     271
     270
     268
     247
     248
     250
     239
     224
     241
     249
     260
     227
     214
     219
     198
     224
     202
     203
     221
     247
     210
     193
     193
     218
     208
     207
     201
     210
     198
     218
     195
     163
     184
     188
     159
     163
     169
     180
     177
     151
     162
     158
     142
     153
     170
     169
     152
     116
     138
     149
     145
     119
     145
     102
     157
     145
     139
     130
     133
     113
     126
     125
     124
     122
     140
     114
     123
     120
     108
     105
     117
     111
     114
     107
     103
     105
     102
      97
     116
     134
     116
      95
     108
     106
     111
     116
      94
     122
     116
     110
     112
     105
     123
     125
     104
     102
     128
     129
     142
     143
     133
     147
     161
     152
     170
     188
     209
     188
     202
     227
     207
     247
     251
     267
     275
     310
     281
     297
     306
     280
     267
     264
     268
     246
     179
     199
     157
     183
     132
     148
     110
     109
      94
      91
      81
      81
      81
      72
      71
      70
      59
      89
      75
      69
      62
      76
      58
      66
      62
      65
      70
      61
      63
      64
      76
      64
      61
      65
      61
      53
      65
      63
      63
      57
      67
      80
      58
      59
      68
      68
      52
      55
      69
      56
      68
      54
      62
      66
      61
      70
      65
      42
      60
      57
      55
      48
      51
      57
      54
      67
      58
      49
      53
      57
      55
      55
      50
      46
      45
      57
      51
      46
      53
      65
      47
      59
      60
      52
      52
      49
      48
      54
      55
      43
      50
      50
      62
      55
      51
      46
      53
      53
      53
      41
      40
      53
      50
      57
      46
      56
      60
      54
      49
      57
      50
      44
      37
      44
      49
      49
      63
      54
      44
      55
      46
      54
      56
      48
      40
      53
      66
      42
      54
      44
      48
      52
      39
      53
      55
      50
      51
      50
      43
      47
      27
      40
      60
      40
      46
      36
      57
      38
      41
      50
      46
      55
      41
      45
      48
      39
      42
      35
      31
      52
      42
      44
      43
      40
      40
      45
      26
      38
      37
      51
      42
      51
      44
      43
      43
      40
      36
      24
      31
      38
      33
      41
      39
      37
      38
      33
      30
      42
      45
      36
      51
      33
      31
      34
      33
      24
      41
      36
      26
      40
      30
      40
      29
      44
      41
      33
      40
      29
      32
      39
      32
      38
      31
      39
      45
      43
      51
      38
      34
      36
      33
      28
      35
      35
      35
      31
      32
      32
      28
      37
      41
      32
      36
      46
      39
      42
      37
      43
      40
      44
      34
      43
      33
      44
      42
      47
      44
      53
      55
      45
      53
      44
      53
      54
      48
      50
      46
      37
      53
      40
      52
      34
      34
      40
      43
      31
      43
      33
      38
      39
      35
      35
      31
      34
      30
      41
      38
      38
      32
      26
      37
      40
      25
      27
      44
      38
      38
      25
      21
      33
      28
      35
      33
      28
      22
      24
      40
      27
      47
      32
      34
      36
      42
      44
      42
      42
      38
      44
      36
      40
      34
      28
      36
      33
      32
      45
      36
      41
      33
      30
      26
      28
      48
      33
      38
      46
      37
      43
      32
      38
      45
      33
      35
      33
      42
      36
      34
      31
      34
      33
      31
      34
      29
      38
      39
      26
      44
      42
      35
      24
      33
      31
      33
      38
      33
      39
      37
      36
      37
      36
      24
      32
      29
      39
      37
      45
      40
      29
      28
      41
      28
      32
      32
      32
      36
      37
      41
      48
      39
      32
      44
      39
      35
      37
      46
      31
      44
      40
      32
      53
      34
      39
      37
      40
      47
      32
      28
      40
      41
      37
      47
      41
      45
      40
      40
      31
      39
      32
      36
      35
      37
      31
      27
      35
      36
      42
      31
      33
      27
      28
      28
      30
      24
      27
      30
      24
      19
      19
      26
      25
      23
      27
      29
      27
      27
      26
      24
      22
      23
      20
      11
      19
      22
      22
      21
      20
      21
      20
      22
      16
      16
      16
      25
      19
      29
      17
      19
      19
      20
      19
      30
      19
      18
      13
      23
      22
      23
      17
      20
      23
      19
      17
      21
      18
      20
      19
      25
      21
      22
      16
      24
      24
      26
      18
      15
      23
      17
      17
      16
      19
      15
      19
      22
      17
      28
      20
      25
      32
      31
      29
      35
      32
      33
      28
      40
      46
      45
      66
      43
      48
      71
      68
      73
      67
      85
     113
      71
      85
      86
      90
      90
      85
     108
     108
     107
      96
     116
      97
     104
     101
     107
     122
      94
      80
      96
      87
     102
      94
      78
      84
      73
      64
      81
      65
      55
      61
      46
      39
      48
      44
      38
      34
      31
      32
      21
      23
      26
      26
      21
      28
      24
      21
      19
      12
      17
      15
      14
      10
      15
      19
      24
      21
      12
      15
      10
      12
      13
      11
       9
      15
       7
       9
       7
      16
       8
      11
       8
      15
      13
      16
      11
      10
       7
      13
      12
       6
      15
      19
      17
       8
      11
      10
       6
      12
      12
      10
      13
      13
      13
      16
      11
       7
      13
      11
      14
      16
      16
      10
      18
      13
      10
       9
       7
       8
       6
      18
      21
      12
      13
      10
      14
      15
       8
      17
      15
       8
      11
      13
      18
      11
      20
       8
       7
      16
      10
      11
       7
      16
      16
      14
       8
       9
      13
       9
       9
       6
       5
      11
       7
      10
       6
       4
      18
       7
      16
      12
      12
      11
      14
      12
      13
      10
      15
      13
      12
      15
      12
      13
      13
      15
       8
      14
       7
       8
      11
      14
      11
      10
      15
      14
      10
      13
       6
       9
       8
       7
      13
       8
      12
      12
       8
       6
      17
      10
       8
       8
       9
       9
      10
      12
       7
       8
      15
      13
      13
       8
      12
      14
      13
      15
      11
       9
       8
       9
       6
       8
       9
       8
      12
      12
      13
      14
       6
       9
      11
      11
      13
       7
      15
      21
      11
       9
      11
      13
       8
       7
      11
       6
      14
       6
      12
      14
       2
       9
       3
      11
      11
      10
       6
      10
      11
      10
       8
      18
       9
      17
      14
      19
      14
       8
       9
      16
      11
      13
      14
      11
       5
       8
      10
      16
       8
      10
       8
      13
      10
      12
       5
       6
      10
      10
      10
      14
      13
       9
      12
       9
       6
      10
       8
       4
       9
      10
       9
       9
       7
       8
       9
      15
      16
       8
       6
      11
      10
       7
       9
       6
      11
       9
      11
      14
       8
      15
       9
      14
      13
       6
       4
       8
       9
       8
       3
      11
      10
       7
      12
      12
      10
       4
       4
       9
      12
       7
      10
       6
      10
      12
      10
      13
      10
       6
      11
      13
       5
      15
       5
       8
      12
      10
       9
       8
      10
       8
      13
       3
      12
      10
       9
       7
       8
       7
       9
       7
      10
       9
       9
      10
      12
      13
       6
       8
      12
      11
      11
      14
      12
      15
       9
       6
       8
       6
      13
      12
      16
      11
       9
       8
       9
      14
      16
      12
       7
      16
       7
      10
       8
      13
      11
      10
       9
       9
      13
       5
      11
      13
       6
      15
       8
       6
      19
      10
       9
      15
       6
      10
       6
      10
       6
      11
      11
       7
      13
      13
      12
      12
       3
       8
      12
      14
      10
       4
      11
      12
       9
      10
       7
      13
      10
       7
       6
       8
       8
      10
      15
      10
      10
      10
      14
       8
       9
      14
       9
       9
       9
      10
      16
       8
      16
      12
      12
      12
       8
      11
      15
      16
       9
      10
       9
       6
      14
       8
      12
      11
      10
       9
      11
       7
       9
      18
      13
      10
      11
       7
       1
       9
       8
      10
       6
       9
      10
       9
       8
       9
       9
      14
      16
       8
      10
       6
      13
      12
      11
      11
       5
       7
       8
       6
       7
      13
       5
      12
      12
      10
      11
      10
       9
       9
       6
       8
       9
      14
      10
      11
      11
      12
      11
      12
       7
      10
      16
      16
      10
       6
       9
      12
      10
      11
      12
       9
      16
      10
       5
       7
       3
       9
      10
      12
       9
       8
       7
      14
       4
       9
      10
       6
      11
      13
       8
      12
      10
      11
       6
       5
       5
       8
      10
       6
      15
       7
      13
       4
      11
      11
      10
      12
       7
       6
       9
      13
       8
      10
       8
       8
       4
       8
      15
       8
       7
       5
      11
      12
       8
       9
      15
      10
       6
       6
      13
      11
       8
      14
      11
      15
      18
       8
      14
      10
       8
       5
       8
      13
      14
      12
       9
       9
      11
       9
      10
       7
       7
       8
       8
       5
       9
      12
       8
      17
      13
      12
      16
      11
      12
      10
       9
      10
       8
      16
       9
      11
      10
       8
       8
      19
       8
      13
       8
      10
       7
       8
      12
       9
      13
       5
       8
      10
       7
       8
      15
      19
      12
      13
       9
       8
       6
      10
      12
      10
       7
      12
      12
       8
      15
      14
       4
      15
       8
      17
       8
       7
       8
       9
      17
      10
      14
       7
      12
      13
       8
       7
       8
       4
       8
       8
      13
      16
       5
      14
      12
      12
      10
      10
       9
      12
      11
       5
       5
       6
      16
      13
       7
       7
       7
       8
      10
      10
       7
      10
      13
      11
       7
       8
      12
       9
       8
      10
       6
      15
      10
       7
       4
       4
       6
       8
      11
      11
      10
       8
      10
      11
      11
       2
       5
      10
      10
      11
      11
      14
       9
      10
      10
      14
       8
       7
       8
       5
      10
       9
      11
       7
       5
       7
       8
       6
       7
      11
       6
       8
       8
       4
      13
       7
       7
      10
       7
      13
      10
      11
       7
      16
       9
       9
       9
      10
       8
       9
       6
      10
       5
       8
       8
       9
       7
       6
      17
       8
      14
       7
      11
       8
      13
      12
       6
       6
      10
       8
      11
       7
      22
       9
       9
       6
       6
      13
      14
       5
       7
      11
       9
       5
       7
      13
      12
       9
      12
      11
       8
      11
      12
      10
      10
       8
      12
      10
      12
      10
      14
       9
      11
      10
       8
      10
       8
      10
       6
      13
      15
      10
       6
      10
      13
      15
      12
      14
       6
      12
      11
       9
      16
       8
      11
      10
      11
      14
       7
       9
       9
       9
      17
      12
      13
      14
      15
      13
      11
      12
      11
       8
       9
       8
      12
       6
       7
      12
      10
      10
      10
       8
      12
      13
      11
       5
      13
      11
       9
       9
      10
      17
      11
      11
       9
      14
      10
      12
       7
       7
      15
       9
       8
      13
      11
      13
      14
       6
      11
      13
       9
       6
      18
       9
      14
       6
       7
      11
      13
      12
      11
      14
       6
      10
       9
      13
      10
      18
      11
      13
      13
       8
      15
      11
       8
      18
       7
      12
      11
       8
       7
      19
      12
      19
      12
      10
       8
      11
      17
       7
      10
      13
      17
       8
       9
      13
      10
       5
      15
      10
      12
       7
      11
       9
      10
      11
      11
      13
      12
      11
       6
       9
      10
       9
       8
       8
      12
       7
       4
      10
      13
       6
      11
      14
      17
      10
       5
      15
       9
       9
       8
      13
       8
      12
       7
       6
       9
      14
      17
       6
       9
      14
      11
       9
      15
       6
      14
       8
      12
      10
       7
       8
      16
      12
      17
       7
       9
       9
       9
      11
      10
      15
      14
       9
       7
      18
       6
      18
      15
      10
      13
       6
      11
      14
       9
      11
      10
       7
      11
      17
       9
      12
       5
       8
      10
      15
       9
       9
      21
       5
      10
      21
      14
      18
      10
       6
      12
       8
       7
      11
      13
      11
       3
      14
      10
      17
      13
      16
      11
       6
      12
       8
       8
      12
      12
      11
      20
      14
      10
       9
      15
      16
      19
      12
      21
      12
      12
      20
      17
      10
       7
      15
      12
      15
      13
      16
       9
      14
      22
       9
      14
      16
      15
      10
      10
      13
      13
      13
      13
      13
      15
      10
       8
      11
      12
      12
      12
      15
       9
      15
      12
      18
      10
      18
      10
      15
      13
      14
      19
      15
      15
      18
       7
      18
      23
      17
      19
      14
      18
      12
      11
      18
      14
       9
      14
      22
      15
      12
      20
       9
      16
      18
       8
      22
       3
      14
      11
       9
      20
      12
      13
      11
      14
      20
      10
      11
      11
      15
      12
      17
      10
      13
      11
      11
      15
       9
      20
      14
      24
      13
      12
      15
      12
      12
      24
      12
      13
      10
      17
      13
       9
      13
       7
       8
      11
      15
      16
      11
      15
      12
      11
      16
       7
      13
      12
      11
       7
       8
      16
      13
       8
      10
      14
      10
       0
       0
       0
       0
       0
       0
       0
       0
       0
       0
       0
       0
       0
       0
       0
       0
       0
       0
       0
       0
       0
       0
       0
       0
       0
       0
       0
       0
       0
       0
       0
       0
       0
       0
       0
       0
       0
       0
       0
       0
       0
       0
       0
       0
       0
       0
       0
       0
       0
       0
       0
       0
       0
       0
       0
       0
       0
       0
       0
       0
       0
       0
       0
       0
       0
       0
       0
       0
       0
       0
       0
       0
       0
       0
       0
       0
       0
       0
       0
       0
       0
       0
       0
       0
$ROI:
1
712 830
$PRESETS:
None
0
0
$ENER_FIT:
-23.656767 2.297974
$MCA_CAL:
3
-2.365677E+001 2.297974E+000 2.836717E-005 keV
$SHAPE_CAL:
3
0.000000E+000 0.000000E+000 0.000000E+000
