$SPEC_ID:
No sample description was entered.
$SPEC_REM:
DET# 1
DETDESC# DESKTOP-I499GD2 Easy-MCA-2k SN 18191655
AP# Maestro Version 7.01
$DATE_MEA:
02/28/2024 15:04:53
$MEAS_TIM:
130 131
$DATA:
0 2047
       0
       0
       0
       0
       0
       0
       6
       5
     181
     127
     115
     124
     149
     166
     187
     207
     184
     215
     235
     256
     207
     222
     197
     189
     167
     180
     194
     264
     388
     485
     563
     555
     746
     928
     890
     565
     380
     328
     279
     359
     411
     444
     507
     582
     641
     736
     757
     827
     858
    1070
    1112
    1287
    1456
    1563
    1564
    1409
    1373
    1417
    1513
    1956
    2526
    3610
    5129
    6743
    7852
    7657
    6287
    4441
    2818
    1617
     887
     592
     422
     395
     420
     351
     370
     366
     349
     325
     335
     303
     324
     335
     321
     327
     320
     353
     445
     437
     403
     421
     415
     409
     357
     337
     306
     254
     242
     241
     204
     233
     230
     197
     217
     190
     240
     210
     189
     196
     186
     191
     185
     206
     175
     172
     163
     174
     163
     187
     169
     168
     197
     158
     147
     145
     157
     132
     153
     153
     147
     139
     147
     158
     158
     144
     136
     143
     141
     147
     131
     129
     134
     140
     142
     107
     119
      90
      90
      94
      93
      95
      99
     113
     121
     100
     106
     103
     102
      94
     107
      87
      85
      82
     104
      92
     117
      92
      85
      90
      78
      79
      63
      78
      59
      70
      73
      70
      75
      58
      83
      77
      68
      80
      88
      69
      74
      63
      71
      59
      75
      71
      67
      76
      79
      74
      77
      65
      72
      66
      60
      81
      56
      51
      49
      68
      77
      73
      91
      79
      84
      92
     107
     102
     128
     112
     122
     125
     112
     118
     148
     138
     161
     170
     169
     170
     174
     201
     197
     173
     177
     186
     173
     173
     147
     164
     110
     115
     112
      90
      69
      69
      66
      49
      65
      53
      43
      45
      38
      41
      39
      43
      32
      29
      35
      45
      39
      43
      41
      37
      39
      37
      44
      34
      56
      45
      38
      43
      48
      25
      57
      43
      45
      27
      42
      56
      40
      35
      42
      49
      36
      39
      32
      40
      36
      24
      46
      29
      35
      31
      30
      41
      41
      42
      33
      32
      37
      27
      31
      33
      28
      30
      36
      27
      30
      41
      33
      33
      32
      33
      23
      31
      32
      20
      27
      33
      34
      31
      31
      27
      15
      29
      20
      31
      33
      32
      17
      29
      35
      29
      28
      23
      23
      27
      43
      32
      30
      31
      24
      35
      21
      20
      28
      32
      31
      35
      44
      25
      33
      23
      31
      36
      23
      38
      27
      25
      36
      21
      32
      28
      20
      26
      31
      28
      36
      27
      29
      27
      31
      27
      35
      23
      23
      25
      29
      36
      30
      25
      22
      23
      33
      29
      22
      35
      30
      20
      19
      22
      19
      28
      20
      22
      20
      22
      19
      16
      29
      16
      24
      25
      24
      21
      24
      18
      26
      18
      23
      15
      25
      20
      25
      17
      24
      17
      32
      27
      29
      19
      21
      17
      23
      19
      21
      19
      17
      20
      10
      21
      11
      15
      15
      19
      18
      18
      18
      20
      21
      10
      26
      15
      15
      14
      18
      22
      20
      25
      18
      19
      27
      21
      19
      21
       8
      19
      24
      20
      11
      14
      20
      15
      25
      23
      20
      16
      16
      23
      13
      18
      17
      20
      18
      22
      26
      27
      20
      20
      24
      19
      26
      22
      29
      36
      32
      31
      32
      21
      36
      27
      33
      31
      28
      40
      30
      33
      20
      19
      29
      22
      25
      27
      25
      26
      21
      16
      18
      16
      23
      17
      20
      21
      24
      15
      21
      14
      19
      11
      24
      16
      14
      17
      15
      11
      20
      20
      15
      14
      17
      19
      22
      18
      11
      14
      20
      12
      21
      18
      21
      12
      14
      13
      17
      21
      13
      19
      14
      14
      17
      16
      24
      13
      16
      19
      22
      20
      12
      14
      22
      21
      18
       7
      16
      22
      18
      18
      16
      15
      18
      25
      18
      19
      22
      14
      12
      18
      16
      17
      11
      18
      21
      18
      17
      18
      13
      17
      20
      13
      17
      15
      17
      17
      20
      14
      14
      14
      19
      15
      14
      10
      21
      18
      14
      22
      17
      20
      22
      18
      11
      24
      22
      21
      23
      11
      24
      14
      16
      19
      19
      19
      18
      19
      14
      24
      25
      20
      23
      20
      15
      19
      22
      22
      25
      25
      23
      23
      15
      19
      21
      28
      24
      20
      23
      30
      16
      17
      14
      14
      26
      23
      12
      13
      17
      10
      15
       8
      11
      13
      14
      20
      13
      12
      17
      21
      16
      13
      14
      18
      17
      18
      18
      11
       8
      14
      13
      14
       7
      10
      10
      16
       6
       9
      16
       3
      10
      11
      10
      11
      11
       7
      14
      12
       7
      12
      11
      16
      22
       8
      10
      17
       9
       7
       7
      15
      10
       6
      13
       5
      10
      13
      13
       8
      10
      11
      15
      11
      10
      15
       6
       8
      10
      14
       8
      11
       9
       7
      11
       6
      16
       9
       8
       5
      11
      12
      16
      11
      10
      10
      10
      16
      13
       9
      17
      14
      16
      18
      21
      25
      24
      17
      23
      30
      32
      29
      32
      39
      32
      36
      35
      35
      41
      41
      45
      43
      38
      35
      22
      32
      32
      41
      30
      36
      39
      41
      36
      26
      34
      18
      17
      27
      25
      19
      20
      25
      22
      20
      15
      13
      21
      19
      15
      18
      12
      16
       8
      10
      11
      10
       6
      10
      14
       8
      10
      12
      10
       5
      10
       3
       8
      10
       7
       6
      14
       5
       5
       4
       9
       5
       5
       4
       4
       3
       8
       9
       9
       7
       7
       4
       7
       4
       5
       5
       4
       6
       7
      12
       8
       5
      11
       7
       9
       6
       6
      10
       4
       9
       3
       6
      10
       7
       9
       6
       7
       4
       3
       4
       6
       8
       4
       7
       6
       5
       8
       7
       7
      10
      10
       8
       5
       9
      10
       7
       5
       8
       8
       7
       7
       9
       8
       9
       6
       7
      12
       3
       8
       9
       4
       9
       5
      12
       6
       8
       7
       7
       6
       8
       4
       4
       6
      10
       9
       4
       5
       8
       6
      10
       5
       4
       5
       9
       7
       2
       7
       4
       7
       2
       4
       4
       8
       8
       2
       3
       2
       8
      10
       7
       6
       5
       4
       6
       3
       5
       9
       9
       6
       5
       4
       8
       4
       9
       6
       2
      11
       8
      11
       6
       6
       8
       6
       6
       7
       4
       4
       9
      12
       5
       6
       5
       8
      10
      10
       5
       2
       3
      11
      10
       6
       6
       5
       5
       8
       5
       8
       6
       6
       5
       8
       9
       4
      12
       4
       2
       4
       6
       5
       5
       6
       5
       8
       4
       6
      10
       5
       6
       5
       4
       1
      12
       2
      13
       7
       6
       5
       8
       3
       6
      10
       1
       2
       5
       5
       6
       8
       5
       4
       7
       5
       7
       4
       4
       5
       9
       7
       2
       6
       6
       6
       6
       5
       6
       5
       5
       6
       4
       1
       7
       7
       7
       3
      11
       5
       7
       8
       4
       9
      10
       3
       7
       3
       8
       5
       6
       5
       5
       5
       6
       7
       3
      10
       8
       5
       7
       5
       5
       5
      10
       3
       2
       6
       3
       5
       4
       0
       6
       8
       9
      10
       3
       1
       5
       1
       7
       8
       9
       7
       5
       5
       7
       4
       4
       1
       6
      12
       7
       1
      10
       2
       4
       5
       9
       9
       6
       8
       6
       6
       9
       8
       4
       8
       6
       6
       5
       7
       4
       3
       8
       8
       6
       3
       9
       6
       5
       8
       2
       4
       5
       4
       6
       4
      14
       6
       9
       9
       5
       9
       4
      10
       3
       4
       4
       3
       7
       8
       4
      10
       7
       3
       9
       6
       3
       5
       4
       8
       2
       3
       6
       3
       6
       7
       6
      10
       2
       4
       6
       3
       8
       2
       8
       4
       6
      14
       6
       6
       4
       8
      10
       4
       3
       7
       8
       7
       6
       6
       7
       9
       5
       2
       5
       3
       4
       4
      11
       5
       4
       2
       2
       7
       6
       2
       7
       8
      11
       3
       5
       6
       5
       6
       6
       7
       4
       9
       3
       4
       7
       7
       2
       2
       5
      11
       4
       3
       4
      13
       4
      10
       4
       3
       0
       3
       6
       7
      12
       4
       6
       5
      10
       3
       5
       9
       5
       6
       4
       3
       8
       4
       8
       6
       3
       4
       9
       8
       4
       3
       6
       7
      10
       9
       5
      11
       7
       5
       9
       4
       1
       4
       7
       8
       1
       6
       6
       4
       5
       3
       6
       7
      10
       3
       4
       4
       5
       1
       3
       9
       4
       2
       6
       6
       5
       6
       6
       4
       4
       8
       2
       6
       5
       3
       7
       3
       4
      11
       8
       7
       2
       3
       6
       2
       7
       7
       7
      11
       2
       6
       1
       8
       5
       3
       7
       5
       4
       6
       4
       6
       5
       7
       3
       2
       9
       6
       5
       5
       6
       9
       8
       7
       5
       6
      11
       6
       5
       6
       8
       8
       5
       6
       4
       4
       2
       4
       8
       3
       8
       6
       5
       3
      10
      11
       3
       4
       4
       4
       2
       9
       5
       6
       6
       4
       6
       2
       8
       4
       9
       3
       2
       6
       7
      10
       7
       3
       7
       5
      10
       3
       7
       5
       8
       8
       4
       2
       6
      11
       7
       7
       9
       4
       9
       8
       5
       9
       6
      13
      11
       2
       4
       5
       1
       6
       6
       3
       7
       4
       3
       3
       8
       4
       4
       6
       9
       7
       6
       3
       5
       5
       4
       2
       3
       9
       5
      14
       6
       9
       3
       6
      10
       7
       4
       3
       5
       5
       5
      11
       5
       5
       3
       8
       4
       5
       4
       8
       7
       5
       7
       1
      10
       5
       8
       5
       7
       9
       5
      10
       4
       7
       5
      13
       7
       1
       2
       7
       4
       5
       7
       4
       5
      10
       5
       7
       9
       8
       8
       4
       8
       3
       5
       3
       6
       6
       5
       5
       2
       3
       8
      12
       2
       3
       8
       2
       7
       6
       2
       5
       8
       7
       2
       8
       8
       6
       2
       8
       0
       6
       7
       7
       5
      11
       4
       4
       8
       6
       5
       2
       3
       3
       2
       8
       7
      11
       7
       9
       9
       5
       4
       5
       8
       7
       9
       5
       5
       5
       9
       5
       4
       6
       6
       5
       3
       4
       9
       6
       4
       6
       6
       7
       9
      10
      12
      10
       4
      10
       9
       6
      11
       6
       3
      10
       4
       5
       6
       6
       6
       7
       6
       2
       3
       7
       7
       5
       4
       4
       6
       5
       7
       4
       3
       3
       5
      12
       5
       9
       1
       7
       4
       6
       6
      11
       2
       7
       5
      10
       8
       8
       6
      11
       8
       3
       9
       4
       8
      15
       8
       7
       7
       4
       3
       4
       8
       8
       6
       5
       5
       2
       7
      10
       6
       7
       5
       6
       5
       5
       2
       4
       5
       7
       2
       7
       6
       9
       3
       6
       7
       7
       6
       7
      10
       5
       6
       7
       4
       7
       6
       2
       6
       8
       3
      12
      12
       9
       7
       7
      12
       5
       4
       5
       8
       7
       8
      12
       9
      12
       7
       9
       7
       8
      11
       9
       9
       7
       8
      10
      12
       7
      10
       9
       2
      10
      10
       6
       8
       9
       8
       8
       7
       3
       7
      12
      10
       5
       5
      10
       6
       6
       9
       7
       5
       4
       5
      11
       6
       5
      10
       4
       5
      11
       6
       7
       1
       8
       3
       7
      11
       2
       5
       8
      10
       6
      10
       8
       3
       8
       5
       8
       9
       3
       8
       8
       8
       6
       6
       9
       6
       9
       9
       6
       4
       6
       6
       7
       5
       7
       5
       7
       7
       7
      11
       3
       3
       3
      10
       6
       6
       5
       7
       8
       6
       7
       4
       6
       6
       3
       8
       3
       8
       6
       7
       9
       4
       7
       5
      11
       3
       5
       5
       8
       5
       4
       6
      10
       9
       9
       7
       6
       5
       6
       3
       6
       5
       4
       7
       6
       9
       7
       9
       4
       8
       5
       7
       4
       5
       6
       6
       8
       9
       6
       2
       4
      11
       5
       5
       8
       6
       4
       8
       9
       1
       8
      10
       6
       6
       7
       9
      11
      11
       8
      13
      10
       8
       9
       5
       9
      10
       5
       6
      12
       7
      14
       9
       5
       7
      11
       7
       6
       4
       9
       4
      10
       6
       5
      10
       5
       7
       8
       7
      13
       9
      13
       7
       5
       7
      11
       7
      13
      12
       7
       7
      11
      14
       7
      12
       7
       7
       6
      11
      11
      14
      10
      10
       8
       6
       7
       7
      12
       7
       5
       9
       6
      11
      10
      12
       7
       4
       8
      13
       7
       5
       7
      13
       8
       9
       9
      10
       5
      10
       9
       9
       6
       8
       8
      12
       5
      11
       4
       8
       8
       9
       9
      14
       8
       7
       6
       5
       9
       9
       6
       6
       7
       5
      11
      10
       9
       3
       7
       7
       9
       8
       6
       8
       8
       5
      10
       9
       6
       7
       6
       3
       5
       9
       8
      17
       7
       7
       9
      11
      11
       6
      14
       7
       0
       1
       0
       0
       0
       0
       0
       0
       0
       0
       0
       0
       0
       0
       0
       0
       0
       0
       0
       0
       0
       0
       0
       0
       0
       0
       0
       0
       0
       0
       0
       0
       0
       0
       0
       0
       0
       0
       0
       0
       0
       0
       0
       0
       0
       0
       0
       0
       0
       0
       0
       0
       0
       0
       0
       0
       0
       0
       0
       0
       0
       0
       0
       0
       0
       0
       0
       0
       0
       0
       0
       0
       0
       0
       0
       0
       0
       0
       0
       0
       0
       0
       0
       0
$ROI:
1
712 830
$PRESETS:
None
0
0
$ENER_FIT:
-23.656767 2.297974
$MCA_CAL:
3
-2.365677E+001 2.297974E+000 2.836717E-005 keV
$SHAPE_CAL:
3
0.000000E+000 0.000000E+000 0.000000E+000
