$SPEC_ID:
No sample description was entered.
$SPEC_REM:
DET# 1
DETDESC# DESKTOP-I499GD2 Easy-MCA-2k SN 18191655
AP# Maestro Version 7.01
$DATE_MEA:
02/28/2024 14:42:28
$MEAS_TIM:
101 102
$DATA:
0 2047
       0
       0
       0
       0
       1
       1
       7
      14
     236
     137
     142
     168
     164
     161
     181
     193
     198
     209
     281
     237
     217
     220
     207
     231
     186
     196
     249
     268
     363
     426
     500
     481
     650
     766
     734
     509
     327
     292
     329
     365
     366
     370
     465
     519
     538
     602
     749
     756
     769
     862
     967
    1183
    1252
    1312
    1270
    1281
    1218
    1194
    1255
    1570
    1930
    2843
    3920
    5221
    6094
    5884
    5006
    3591
    2409
    1395
     806
     578
     483
     403
     432
     425
     367
     384
     380
     369
     419
     362
     370
     328
     366
     370
     374
     379
     387
     391
     431
     408
     445
     398
     411
     338
     312
     292
     296
     270
     299
     266
     258
     229
     254
     283
     235
     275
     241
     268
     247
     245
     242
     259
     256
     235
     233
     233
     235
     225
     240
     227
     221
     213
     207
     189
     220
     227
     211
     193
     179
     213
     217
     208
     179
     217
     192
     174
     183
     166
     166
     180
     164
     153
     159
     152
     190
     145
     172
     174
     146
     174
     163
     170
     136
     131
     145
     155
     146
     143
     115
     163
     137
     122
     137
     127
     116
     128
     135
     103
     118
     109
     103
     124
     126
      99
     107
     122
     112
     112
     112
     100
     112
     118
     101
     116
      90
     120
     106
      93
     107
     110
     102
     108
      99
      96
      91
      89
      95
      97
     104
     100
     106
      94
      97
      98
     116
     132
     103
     110
     104
      98
     138
     144
     136
     148
     188
     151
     173
     181
     182
     192
     240
     233
     258
     278
     260
     284
     247
     259
     296
     269
     274
     250
     253
     228
     208
     167
     164
     157
     134
     126
     109
      97
      86
      80
      82
      57
      62
      71
      68
      62
      56
      49
      51
      64
      59
      53
      66
      70
      48
      52
      64
      60
      66
      74
      71
      57
      67
      67
      56
      57
      60
      47
      55
      64
      71
      52
      60
      50
      52
      55
      58
      53
      60
      60
      59
      58
      75
      45
      47
      42
      55
      45
      52
      64
      55
      50
      57
      46
      55
      59
      42
      50
      57
      68
      47
      50
      61
      48
      49
      55
      49
      59
      45
      62
      45
      47
      60
      45
      52
      62
      52
      46
      55
      45
      50
      49
      57
      61
      55
      60
      40
      49
      54
      50
      52
      54
      59
      58
      38
      38
      38
      53
      44
      51
      40
      48
      54
      54
      48
      42
      51
      66
      52
      45
      32
      41
      38
      48
      53
      55
      45
      44
      40
      40
      50
      47
      44
      43
      47
      44
      34
      54
      53
      53
      45
      55
      47
      47
      35
      53
      49
      50
      51
      33
      39
      35
      35
      41
      36
      33
      48
      36
      52
      58
      40
      46
      52
      40
      51
      43
      35
      26
      36
      39
      32
      35
      40
      29
      25
      40
      42
      28
      29
      40
      34
      41
      41
      37
      33
      49
      38
      30
      34
      44
      41
      45
      32
      38
      32
      39
      46
      27
      30
      42
      28
      27
      33
      33
      38
      27
      31
      38
      33
      39
      42
      34
      31
      40
      33
      36
      34
      35
      47
      29
      30
      29
      42
      29
      33
      35
      33
      49
      39
      34
      39
      36
      32
      33
      33
      35
      40
      30
      39
      44
      42
      51
      35
      37
      51
      39
      48
      45
      39
      48
      36
      33
      44
      38
      44
      40
      42
      39
      41
      41
      42
      35
      40
      39
      34
      39
      42
      30
      33
      35
      34
      33
      49
      35
      29
      35
      36
      34
      45
      29
      34
      27
      33
      34
      32
      40
      35
      34
      34
      34
      33
      26
      26
      37
      31
      42
      31
      29
      31
      34
      47
      35
      27
      38
      24
      29
      35
      29
      42
      49
      49
      32
      50
      32
      26
      40
      30
      48
      32
      46
      36
      43
      43
      38
      41
      41
      39
      43
      31
      26
      26
      27
      36
      43
      26
      34
      39
      36
      30
      33
      35
      44
      42
      28
      32
      27
      41
      29
      31
      26
      27
      43
      37
      38
      41
      28
      38
      42
      21
      35
      32
      49
      44
      47
      29
      49
      41
      39
      37
      48
      38
      47
      36
      36
      50
      32
      32
      34
      36
      45
      40
      37
      40
      59
      37
      37
      36
      33
      39
      38
      34
      46
      33
      34
      46
      45
      49
      43
      38
      33
      36
      40
      42
      40
      38
      41
      38
      37
      43
      35
      38
      40
      34
      35
      37
      39
      23
      30
      28
      37
      26
      41
      29
      21
      29
      16
      26
      28
      29
      25
      15
      18
      22
      23
      12
      18
      17
      30
      15
      26
      23
      30
      22
      26
      23
      27
      26
      21
      21
      25
      20
      19
      16
      21
      21
      24
      26
      21
      19
      19
      16
      12
      21
      23
      24
      19
      11
      16
      19
      24
      23
      17
      29
      15
      16
      15
      25
      14
      19
      20
      20
      15
      17
      24
      17
      24
      19
      26
      12
      19
      20
      23
      17
      22
      25
      23
      29
      24
      23
      34
      28
      32
      45
      36
      41
      52
      46
      42
      60
      58
      74
      66
      59
      90
      83
      92
      85
      96
      81
      88
     108
     115
     120
     122
     117
     108
     110
      92
     119
     106
     126
      96
     110
     108
      94
      96
     102
      82
      78
      81
      87
      63
      69
      75
      60
      58
      50
      48
      49
      39
      34
      44
      32
      35
      41
      23
      23
      24
      28
      28
      19
      23
      18
      20
      20
      15
      11
      18
      17
      10
      23
      12
      23
       8
      16
      14
      17
      10
       7
      11
       9
      13
       9
       9
      16
       8
       7
      13
      16
       8
      12
      11
       9
      17
       9
       6
       6
      13
      14
      11
       9
      12
      16
      20
       5
      16
      18
      13
       6
      10
      14
      10
      14
      10
       7
      16
      16
      11
      15
       8
      12
       5
      14
      11
      14
      12
      10
       5
      13
      11
      10
      14
      14
       7
      13
      14
      21
       8
      15
       7
      10
      10
       8
      11
      17
      12
      13
      13
      10
      11
      11
      16
       9
       8
       8
      11
      17
      11
      17
      10
      23
      11
       7
      13
      15
      14
      15
       7
      13
       7
       8
       2
      17
       8
       4
       9
      15
      11
      18
       7
       4
      17
       8
      15
       8
      12
      16
      12
       6
      15
       6
      14
       9
      11
      14
       9
       5
      12
       9
       9
      13
      11
      10
       9
      12
      12
      14
      18
       8
      14
      11
      16
      16
      15
       4
      15
       8
       9
      17
       9
       4
       9
       8
      15
       9
      12
       8
      13
      13
      11
       6
      15
       9
      12
      12
      12
       6
       8
      13
       9
      12
      13
      13
      11
       8
      10
      17
      16
      15
       6
      17
       7
      11
       5
       6
      10
      13
      11
       8
       5
       8
      16
      10
      16
       7
      10
      15
       9
      12
      11
      10
      14
      10
      15
       7
       5
       8
      14
       7
       8
      16
      11
      12
      12
       9
       8
      16
      11
       6
      14
      14
       9
      13
       6
      20
       7
       3
       3
      15
       8
      11
       6
      11
      12
      12
       9
      10
       9
      10
      12
       6
       9
       4
      10
      11
      12
      11
       7
       7
      12
       9
       9
       3
      10
       9
       4
       9
       8
       8
      11
       4
       8
       7
      14
      10
      11
      13
      10
      11
       8
      10
       9
       8
      10
      14
      11
       5
       5
       9
       6
       9
      11
       8
       7
      11
       5
       8
      11
      10
       3
       8
       7
      12
       9
       4
       9
       6
      12
      16
       8
       8
       9
      11
      15
      12
      14
       8
      13
      13
      11
       7
       4
       3
       5
      11
       9
      17
       7
      10
       9
       9
      10
       7
       5
      10
      16
       6
      12
      10
      12
       6
      11
       6
      14
      10
      15
      11
      12
      13
      14
       6
      15
      10
      14
       7
       8
       7
      15
      10
       6
      12
       8
      11
       6
       8
       8
       8
       7
       9
       4
       5
      11
      14
       9
       5
      10
      10
      10
       9
      12
       9
      11
       3
       7
       6
       9
      14
       8
       7
      12
      12
      11
      10
       6
       1
       6
      11
       5
      10
       6
       7
       8
      13
      11
       9
      10
      11
      14
       5
      12
       8
      11
      10
       6
       8
       6
       6
       7
      13
       7
      13
      11
       7
      11
       7
      13
      12
       7
      10
       7
       4
      11
      13
       4
       8
      11
      11
       8
       6
      11
      15
       3
      12
       9
       8
       7
       8
       8
      10
       9
       9
       6
      11
      14
      10
      12
       9
      11
       7
       9
       8
       9
       6
      11
       5
       8
      12
      10
       9
      11
      14
       8
      13
      10
       9
       6
       9
       9
       5
       9
      10
       8
      15
      12
      14
      10
       9
       5
       7
      17
       4
       6
      10
      10
      11
      13
      10
      17
      10
       9
       5
       4
      11
      10
       7
      14
       9
       8
      11
      10
      10
      13
       5
       9
       9
      10
       4
       8
       4
       9
       8
       9
       8
       8
      11
       9
       8
      10
       8
       9
       9
       7
      10
       8
      14
       9
      13
       5
      10
       8
       7
       9
       6
      12
       8
      12
       9
      10
       5
      12
      14
       8
      11
      11
       9
      12
      10
      11
      10
      10
       4
       8
       7
      11
      10
       7
      14
       7
      10
      13
       4
       4
      15
       7
      20
       9
      13
       7
      10
       7
      14
       5
      18
      10
       6
       9
      10
      12
      14
      15
       9
      13
      14
      12
       9
      11
      10
       9
       8
       5
       7
       7
       7
       5
      12
      12
      14
       8
      15
      14
       7
       9
      10
      11
      14
      14
       8
       6
       9
      12
      10
       9
      12
       5
       9
      18
      12
       6
       8
      10
       6
       6
      11
      15
       8
       8
       5
      10
      11
       3
      10
      11
      10
       4
       6
       8
       8
       6
       8
       6
       6
      10
       5
       7
      12
       7
      11
       7
       4
       3
       7
       8
      14
      11
       9
       5
       9
       9
       9
       7
       9
       9
      10
      13
       5
       4
       6
      12
       4
      11
       8
       8
      10
       8
       4
       8
       8
      11
       7
      10
       8
       7
       7
       8
       9
      11
      11
       8
       9
      12
       7
       5
       6
       9
       7
       9
       9
       9
       7
      12
       6
       4
       6
      11
      11
       4
      14
      12
      10
       7
      10
      11
       4
       6
       7
      11
       5
       7
       7
      14
       8
       5
      13
       8
       6
       6
      12
       9
       7
       9
       5
      10
       8
       7
      13
       5
       8
       6
      11
       4
       9
       9
      10
      12
      11
       7
       7
       6
      10
      11
       5
      14
       8
      12
      10
       7
      14
      11
       4
      12
      16
      10
      12
      10
      18
       7
      14
       9
       9
      12
       7
       9
       7
       9
       8
      12
      11
       5
      10
      15
      10
       8
       7
       5
      17
      17
       9
      12
       8
       7
       6
      11
       8
       4
       7
      16
       7
       4
       8
       8
      12
       8
       9
       6
       9
       9
      10
      11
       8
       4
      13
      16
       5
      10
       6
      10
       4
       8
      11
      10
       9
      11
      13
      13
       9
       7
      10
      17
      12
      11
       8
       8
       5
       9
      14
       6
       6
      15
      10
      10
      14
       9
      10
       9
      16
       6
      14
      11
       6
      15
      13
      14
      11
      18
       8
      16
      19
      10
      10
      16
       6
       5
      17
      11
       9
       7
      10
       8
      11
      15
       8
       7
       9
      13
      11
      10
       6
      10
      12
      11
      12
      12
      10
      10
      10
      11
      12
      14
      13
      16
       8
      11
       7
      12
      11
      11
      13
       5
      12
      10
      10
      19
      14
       8
      12
      11
      12
      16
       8
       9
      10
      11
      15
       9
       9
      17
       7
       8
       9
       8
      18
       7
      13
      18
       7
      11
       8
      15
       7
      14
      17
       8
       9
       4
      13
       8
      10
       8
      15
       9
       9
      19
      13
       8
      11
      16
       6
      10
      13
       4
      11
      10
      10
      11
      10
      12
       5
       6
      14
       6
      15
       9
      10
      15
      13
      11
      11
      12
      11
      12
      10
       4
      15
       8
       8
      11
      10
      10
      10
       6
      10
      11
       5
       9
      12
      17
       9
      11
       6
      12
      11
      10
      13
      10
      12
       8
      21
       7
      17
      13
      11
       9
      16
       9
      11
       9
       7
      15
       9
      10
       4
      10
      21
       4
      22
      15
      13
      15
       7
      11
      17
       8
      18
      14
      15
       8
      16
       9
       7
      12
      18
      13
      16
      17
      14
      13
      12
      12
      12
      11
      11
      10
      10
       7
      10
      10
      12
      10
      11
       9
      13
      12
      12
      15
      14
      16
      20
      17
      14
      14
      19
       6
      10
      13
       9
      11
      12
      15
      17
      12
      11
      15
      10
      19
      15
      17
      14
      14
      15
       8
      14
      11
      17
      11
      12
      11
      14
      10
      13
      14
      14
      11
      12
      11
      11
      16
      12
       8
       7
      11
       6
      23
       9
      14
       7
      17
      18
      10
      14
       7
      12
      16
      14
      11
      12
       9
      16
      15
      11
      18
      13
       8
      14
       9
      13
      15
       4
      17
       9
      10
      12
       4
      15
      14
       9
      11
       8
      15
       9
      14
       9
      13
      11
      14
      13
      12
      17
       9
      12
      17
       3
      12
      11
      12
       9
      10
      13
       5
       1
       0
       0
       0
       0
       0
       0
       0
       0
       0
       0
       0
       0
       0
       0
       0
       0
       0
       0
       0
       0
       0
       0
       0
       0
       0
       0
       0
       0
       0
       0
       0
       0
       0
       0
       0
       0
       0
       0
       0
       0
       0
       0
       0
       0
       0
       0
       0
       0
       0
       0
       0
       0
       0
       0
       0
       0
       0
       0
       0
       0
       0
       0
       0
       0
       0
       0
       0
       0
       0
       0
       0
       0
       0
       0
       0
       0
       0
       0
       0
       0
       0
       0
       0
$ROI:
1
712 830
$PRESETS:
None
0
0
$ENER_FIT:
-23.656767 2.297974
$MCA_CAL:
3
-2.365677E+001 2.297974E+000 2.836717E-005 keV
$SHAPE_CAL:
3
0.000000E+000 0.000000E+000 0.000000E+000
