$SPEC_ID:
No sample description was entered.
$SPEC_REM:
DET# 1
DETDESC# DESKTOP-I499GD2 Easy-MCA-2k SN 18191655
AP# Maestro Version 7.01
$DATE_MEA:
02/28/2024 14:37:08
$MEAS_TIM:
69 70
$DATA:
0 2047
       0
       0
       0
       0
       0
       0
       9
      17
     136
     103
     108
     114
     107
     132
     150
     170
     169
     157
     181
     174
     153
     168
     158
     139
     141
     156
     162
     207
     282
     313
     304
     376
     447
     521
     518
     357
     257
     242
     219
     232
     263
     315
     368
     385
     414
     459
     446
     537
     567
     625
     681
     822
     887
     929
     840
     885
     846
     866
     937
    1120
    1340
    1876
    2800
    3527
    4161
    4190
    3400
    2529
    1602
     930
     607
     406
     327
     296
     319
     313
     329
     289
     283
     285
     271
     262
     276
     299
     278
     260
     254
     289
     307
     288
     303
     323
     327
     325
     271
     248
     271
     233
     235
     224
     211
     200
     195
     223
     205
     209
     187
     202
     181
     162
     176
     182
     170
     189
     138
     148
     174
     156
     182
     170
     152
     166
     163
     139
     141
     178
     141
     148
     142
     150
     157
     140
     162
     136
     153
     133
     142
     114
     130
     137
     108
     131
     110
     139
     117
     111
     133
      90
     121
     124
     119
     116
      99
      98
     115
     104
     109
     103
     100
     114
     133
      86
     125
     102
     111
      87
      93
     100
      83
      93
     104
      99
      85
      98
      79
      89
      92
      87
      74
      91
      81
      76
      84
      83
      92
      80
      90
      88
      85
      74
      75
      81
      65
      81
      87
      85
      83
      50
      73
      80
      93
      72
      76
      76
     103
      69
      79
      74
      87
      74
      82
      86
      57
     111
     100
     117
     119
     126
     108
     146
     140
     183
     129
     177
     204
     193
     207
     224
     203
     216
     240
     195
     201
     169
     179
     198
     138
     148
     117
     117
     109
      89
      77
      72
      87
      62
      59
      60
      61
      46
      54
      50
      41
      52
      49
      53
      44
      51
      49
      46
      42
      37
      43
      45
      59
      44
      49
      47
      45
      41
      42
      46
      49
      47
      34
      43
      42
      57
      39
      48
      42
      46
      46
      39
      38
      36
      36
      37
      37
      47
      30
      31
      40
      42
      50
      45
      28
      35
      35
      34
      36
      33
      35
      39
      36
      49
      27
      38
      52
      44
      39
      36
      43
      31
      50
      28
      38
      43
      34
      46
      43
      32
      38
      41
      34
      40
      39
      48
      41
      30
      36
      53
      44
      59
      31
      32
      52
      40
      38
      42
      50
      42
      33
      52
      34
      30
      34
      32
      33
      35
      42
      35
      43
      34
      32
      31
      35
      33
      43
      37
      41
      32
      34
      36
      39
      34
      35
      33
      40
      39
      32
      37
      33
      42
      36
      33
      53
      31
      29
      30
      32
      35
      30
      28
      32
      22
      22
      23
      34
      35
      42
      28
      28
      31
      28
      20
      34
      39
      36
      38
      31
      32
      31
      29
      28
      25
      26
      30
      26
      30
      28
      24
      36
      28
      33
      32
      36
      29
      27
      31
      32
      41
      26
      34
      27
      24
      31
      35
      31
      23
      20
      21
      24
      31
      28
      32
      33
      26
      25
      21
      35
      31
      39
      17
      22
      25
      24
      27
      30
      24
      21
      27
      20
      30
      26
      31
      24
      34
      28
      19
      24
      28
      27
      27
      21
      30
      31
      31
      28
      26
      30
      25
      30
      25
      25
      32
      33
      35
      39
      32
      25
      31
      29
      38
      31
      33
      32
      38
      28
      29
      22
      36
      31
      24
      35
      22
      31
      35
      28
      28
      28
      27
      26
      25
      33
      30
      31
      38
      27
      26
      28
      25
      20
      24
      31
      28
      22
      22
      25
      33
      31
      28
      32
      23
      29
      31
      23
      27
      24
      27
      20
      28
      37
      24
      31
      31
      39
      19
      25
      22
      32
      24
      36
      34
      33
      32
      29
      36
      24
      30
      32
      33
      32
      29
      36
      23
      47
      33
      36
      31
      19
      33
      34
      35
      27
      37
      29
      37
      41
      27
      24
      25
      35
      33
      25
      33
      25
      20
      22
      33
      30
      21
      26
      34
      34
      23
      30
      25
      20
      29
      25
      29
      23
      31
      41
      33
      25
      38
      25
      24
      33
      30
      38
      24
      25
      24
      29
      24
      25
      23
      37
      32
      19
      27
      29
      30
      26
      35
      24
      36
      31
      28
      26
      21
      31
      32
      30
      27
      27
      30
      45
      33
      30
      32
      36
      35
      34
      27
      30
      26
      24
      32
      30
      39
      36
      34
      29
      27
      25
      18
      32
      23
      28
      27
      25
      19
      24
      23
      12
      15
      25
      17
      17
      21
      11
      22
      25
      20
      19
      21
      21
      24
      23
      19
      23
      19
      15
      18
      18
      14
      19
      15
      14
      23
      14
      13
      18
      21
      18
      20
      16
      20
      14
      16
      26
      14
      15
      16
      18
      22
      16
      11
      16
      21
       9
      13
      14
      11
      16
      10
      15
      18
      11
       6
      16
      22
      11
      16
      14
      11
      17
      22
       9
      14
      15
      12
      17
      18
       9
      15
      15
      20
      19
      27
      24
      25
      24
      28
      28
      36
      33
      43
      40
      42
      58
      38
      60
      51
      72
      58
      73
      60
      59
      73
      83
      74
      72
      79
      82
      79
      87
      96
      94
      84
     103
      81
      95
      97
      77
      97
      84
      81
      76
      69
      95
      79
      69
      67
      68
      60
      49
      40
      46
      44
      45
      45
      27
      29
      41
      37
      22
      24
      18
      21
      23
      17
      19
      19
      12
       9
      17
       4
      16
       7
      11
      14
       8
       9
      12
      14
       8
       8
      14
      12
       8
      12
      10
       7
      16
      11
      12
       8
       7
       6
      11
       7
       8
      11
       8
      13
       9
      11
       8
      15
      10
       6
       8
       7
       3
      11
      12
      11
      11
       7
       5
       8
      13
      13
      12
      14
       9
       3
      10
       2
      10
       9
      12
       9
      13
      15
      13
       8
       8
      12
       7
      12
      10
       8
       5
       7
      15
      13
       5
      15
      10
      10
      12
       8
       9
       9
       7
      10
       9
       7
      10
       8
       7
      10
       9
       9
      12
       8
       9
      12
      11
       7
       7
       7
       7
      10
       9
       7
      15
       5
      10
      10
       6
      14
       6
      10
      12
       6
       7
       7
      10
       9
       6
       5
      14
      10
       7
       9
      11
       6
       4
      10
       5
       4
       7
      11
      12
      13
       6
       9
      10
      10
      11
       7
       9
       8
      10
       9
       8
       8
       7
       5
       4
      14
       6
       6
       7
       7
       7
       9
       6
       8
       8
       8
       9
       7
      12
       6
       9
       9
      10
      11
       7
       9
       7
       6
       8
       9
      10
      10
       6
       7
      13
       9
       9
       7
      13
       4
       9
       9
       8
       7
      11
       9
       7
      13
       8
       8
      10
       8
       6
      11
       7
      15
      11
       2
       8
       7
      11
      12
      11
       5
      10
       7
       5
       9
       7
      11
       8
       9
       9
       9
       5
       9
      11
       6
       7
       4
       8
       6
       7
       8
      11
       6
       6
       6
       7
       9
       9
       3
       7
       5
       5
      10
       5
       9
      12
       7
       9
       8
       4
      11
       4
       8
       6
       6
      12
       5
       7
      11
       5
       6
       4
       8
      10
      11
       6
       8
      10
       4
       9
       6
       3
       7
       2
       9
       6
       8
       8
       6
      10
       6
       5
       5
      12
       8
       6
       6
       9
       8
       4
       6
       7
       9
       9
       6
      10
      12
       3
       9
       6
       7
       9
       6
      10
       9
      10
      10
       3
       5
       7
       7
       7
       4
       6
       6
      10
       7
       6
       9
       9
       3
       4
       4
       6
       8
       5
      11
       9
       4
       6
       5
       9
       7
       6
      10
       5
      11
       2
       9
       6
       8
       8
       4
       6
       9
       2
      10
       1
       1
      10
       5
       5
       7
       2
      11
       8
      10
       8
      12
       8
      10
       6
       6
       2
       7
       8
       5
       9
       3
       6
       8
       6
      15
       7
       7
       8
      14
       9
       8
       9
       7
       7
       1
       7
      12
      14
       9
       6
      14
       9
      11
      12
       3
      10
      10
       6
       9
       8
       9
       6
       8
      10
       3
       5
      10
       9
       8
      12
      10
       7
       2
       7
      12
       7
      10
       9
      10
       8
       3
       8
       5
       7
       6
       5
       9
       6
       8
       8
       7
       5
      11
       4
       5
       8
       3
       8
       8
       5
       3
       7
      11
       8
       3
       5
       6
       4
       5
       7
       6
       6
      11
       8
       8
       2
       8
       6
       8
       9
       4
       8
       6
       4
       9
       5
       1
      10
       6
       4
       7
       7
       4
      11
       6
       9
      11
       4
       3
       9
       7
       7
       7
       9
       5
       4
      12
       8
       7
       4
       5
       6
       5
       8
       8
       4
      10
       3
       8
       9
       6
       4
       2
      12
       8
       4
       8
       5
       4
      12
       4
       7
       6
       7
      15
       6
      10
       9
       7
       7
       7
       9
       5
      10
       7
       8
      11
       7
       6
      11
      18
       6
       4
       9
       6
       2
       6
       4
       6
       5
       6
       9
       9
       6
       4
       9
       6
       5
       7
      11
       8
       6
       8
      10
       6
       5
      11
      12
       8
       8
       9
       8
       7
      10
       2
       5
       8
       9
       6
      13
       5
      11
      10
      12
      11
      10
       8
       6
       9
       6
      12
      11
      10
       8
       3
      11
       9
      13
      11
      12
      10
      12
      12
      14
       6
       7
       2
       8
       7
      10
       9
       6
       7
       4
       7
       6
       7
       8
       8
      10
      10
       7
       8
       5
      11
      11
       8
       4
       8
       9
       8
       4
       4
       3
       2
       9
       9
       6
      10
       9
       5
       8
       7
       7
       6
       3
       8
       6
       6
       8
       6
       7
       5
       8
       8
       4
       4
       7
       8
       7
       7
       8
       7
       3
       8
       8
       2
       9
       7
       8
       9
       9
       4
       8
       4
       3
       8
      12
       3
      11
       6
       6
       7
       7
       6
       9
       9
      12
       5
       4
      11
       8
       6
       7
       3
       7
       9
      10
       2
       9
       5
       5
      14
       9
       3
       7
       7
       5
       4
       6
       6
       7
       8
       8
       5
       9
       3
      13
       8
       6
       7
       8
      10
       7
       6
       8
       6
       5
       5
       5
       4
       2
       5
       6
       8
       8
       6
       4
       8
       8
       6
       2
       7
       7
       2
       6
       5
       7
       7
       5
       9
       5
       5
       3
      11
       4
       5
       5
      10
      10
      13
       8
       7
       1
       7
      13
       6
       8
       6
       9
       8
       9
       8
       5
       4
       6
       4
       8
       5
       8
       7
       3
      11
       4
      12
       4
       9
       7
       7
       2
       4
       9
      13
       6
       8
      11
       4
       3
       5
       9
      10
      10
       7
       9
      11
       2
       7
      10
       4
       5
       2
       9
       6
       6
      13
      14
      15
       4
       7
       5
      11
      10
      11
      10
      11
       6
       6
       4
       5
       6
       8
       5
      12
       4
       7
      10
       9
       6
      12
       5
       4
      13
       7
       8
      10
       8
      11
      12
      13
       8
      10
      10
      10
       4
       8
       5
       8
      10
       8
      13
       9
      10
       3
       6
       8
       6
       5
       8
       9
       4
       7
      10
      10
      15
       4
       4
       6
       6
      10
       7
       9
       7
       6
       6
      13
      10
      11
      11
       5
       6
      13
       6
      10
      10
       9
       9
       7
       7
       9
       5
      11
       4
      10
       6
      11
      10
       7
       8
      14
       9
       6
      13
       7
       4
      12
       8
       4
      13
      12
       4
      10
       6
       6
      10
       8
      11
       7
       7
       6
       7
       7
       9
       9
       9
       9
      10
      10
       7
       8
       7
      10
      10
       6
       9
      10
      10
       8
      10
      12
       8
       4
       6
       6
      10
      10
      10
      10
       7
      13
      10
       5
       9
       8
      11
       9
       5
      10
      10
       8
      10
       9
       9
       8
       4
       6
      13
      10
       4
       6
       6
       5
       5
       7
      10
       5
      11
       4
       9
       9
       6
       8
       5
       7
       9
       8
       9
       7
       5
       8
      11
       4
       6
      12
       8
       8
       6
       7
       6
       5
       7
       8
       8
       8
       4
       6
       7
       8
       8
      10
       5
       3
       4
      11
       6
       7
       9
       9
      14
      14
       4
       7
      12
      15
      10
       9
       3
       8
       9
       9
       9
      11
       9
      12
       8
      15
       6
       8
      10
      11
      15
       4
      14
      11
      13
       3
       6
       9
       8
      12
      17
       9
      18
       7
      11
       6
      11
       8
      12
      11
       7
       4
       7
      12
      10
       9
       5
       8
       8
       6
      17
       8
       9
       9
      12
      11
       7
       7
       6
       9
      10
      10
       7
      10
      11
      13
      11
       8
      10
      14
      18
       4
      13
       7
      10
      10
      11
       8
      13
       7
       4
      13
       9
       8
      10
      11
      12
      10
      12
      16
      12
      13
       8
      13
       9
       6
      11
      12
      10
       9
      13
       5
      10
       8
       7
       7
       8
       9
       5
      10
       9
       6
       9
       2
       9
       9
      16
       5
       7
      10
      10
      14
       9
       7
       4
       7
       7
       9
      10
      11
      13
       8
       5
      13
       8
      13
      18
       4
      13
      10
      10
      11
      11
       8
       8
      10
      12
       9
       9
      14
      10
       5
       0
       0
       0
       0
       0
       0
       0
       0
       0
       0
       0
       0
       0
       0
       0
       0
       0
       0
       0
       0
       0
       0
       0
       0
       0
       0
       0
       0
       0
       0
       0
       0
       0
       0
       0
       0
       0
       0
       0
       0
       0
       0
       0
       0
       0
       0
       0
       0
       0
       0
       0
       0
       0
       0
       0
       0
       0
       0
       0
       0
       0
       0
       0
       0
       0
       0
       0
       0
       0
       0
       0
       0
       0
       0
       0
       0
       0
       0
       0
       0
       0
       0
       0
       0
$ROI:
1
712 830
$PRESETS:
None
0
0
$ENER_FIT:
-23.656767 2.297974
$MCA_CAL:
3
-2.365677E+001 2.297974E+000 2.836717E-005 keV
$SHAPE_CAL:
3
0.000000E+000 0.000000E+000 0.000000E+000
