$SPEC_ID:
No sample description was entered.
$SPEC_REM:
DET# 1
DETDESC# DESKTOP-I499GD2 Easy-MCA-2k SN 18191655
AP# Maestro Version 7.01
$DATE_MEA:
02/28/2024 14:39:10
$MEAS_TIM:
145 146
$DATA:
0 2047
       0
       0
       0
       0
       0
       4
      19
      27
     338
     215
     201
     226
     235
     262
     239
     302
     325
     328
     353
     335
     319
     285
     333
     309
     269
     290
     359
     363
     524
     678
     698
     760
     933
    1149
    1030
     687
     496
     451
     461
     550
     584
     585
     672
     784
     815
     914
    1023
    1053
    1149
    1312
    1435
    1633
    1756
    1858
    1861
    1774
    1690
    1793
    1851
    2302
    2924
    3961
    5533
    7435
    8601
    8311
    7192
    5300
    3393
    2023
    1228
     809
     688
     627
     614
     579
     624
     549
     574
     539
     533
     504
     546
     502
     508
     536
     558
     612
     644
     668
     671
     661
     651
     621
     606
     551
     510
     489
     469
     445
     402
     406
     412
     405
     404
     363
     393
     418
     389
     391
     345
     373
     392
     415
     358
     365
     333
     328
     313
     328
     345
     312
     336
     313
     310
     317
     296
     292
     294
     300
     291
     298
     293
     262
     298
     281
     278
     267
     275
     276
     275
     299
     248
     257
     246
     257
     263
     266
     212
     218
     223
     226
     224
     230
     189
     208
     204
     213
     207
     211
     211
     190
     181
     219
     191
     186
     191
     197
     171
     174
     178
     150
     183
     187
     185
     153
     163
     160
     187
     172
     157
     148
     190
     135
     153
     155
     175
     174
     166
     173
     157
     146
     165
     174
     145
     157
     153
     151
     150
     155
     156
     136
     139
     159
     168
     166
     163
     143
     168
     172
     167
     201
     192
     201
     202
     200
     226
     236
     263
     292
     291
     305
     338
     385
     375
     384
     410
     446
     456
     436
     425
     407
     404
     391
     383
     335
     310
     270
     260
     217
     241
     211
     169
     165
     131
     126
     109
      96
     103
     104
      89
      93
      84
      96
     116
      95
      85
      85
      89
      85
     105
      84
      97
      96
      95
      95
      90
      84
     113
      89
     106
      97
     102
     100
      97
      96
      88
      81
      99
      97
     100
      94
      77
      89
      95
     108
     110
      80
     101
      90
      95
      70
      89
      83
      80
      80
      86
      89
      86
      84
      81
      84
      79
      95
      78
      73
      76
      90
      87
      91
      75
      78
      98
      79
      69
      76
      78
     100
      75
      74
      80
      71
      69
      65
      66
      93
      81
      94
      94
      79
      81
      82
      76
      90
      68
      69
      85
      77
      73
      79
      73
      91
      81
      79
      64
      71
      72
      66
      82
      69
      90
      68
      74
      53
      74
      73
      79
      83
      59
      78
      78
      72
      73
      71
      79
      60
      66
      71
      73
      68
      74
      73
      67
      59
      70
      44
      75
      78
      64
      79
      57
      72
      69
      61
      69
      64
      65
      74
      61
      59
      69
      60
      70
      66
      53
      49
      60
      56
      59
      55
      75
      68
      60
      55
      64
      67
      59
      71
      41
      59
      52
      57
      80
      60
      68
      62
      58
      68
      67
      66
      60
      53
      44
      66
      65
      58
      62
      57
      69
      42
      53
      60
      56
      52
      47
      57
      58
      54
      64
      55
      68
      51
      48
      58
      56
      55
      59
      55
      66
      52
      52
      51
      61
      44
      62
      56
      49
      66
      62
      55
      58
      62
      61
      59
      60
      65
      64
      66
      66
      69
      54
      57
      56
      65
      53
      61
      56
      76
      56
      60
      59
      67
      62
      69
      48
      81
      56
      75
      72
      65
      67
      55
      62
      69
      69
      66
      72
      69
      69
      55
      64
      54
      70
      67
      60
      54
      48
      54
      66
      52
      61
      56
      66
      65
      58
      59
      60
      51
      51
      50
      57
      55
      59
      47
      55
      53
      61
      65
      73
      53
      52
      51
      59
      48
      50
      59
      61
      58
      55
      74
      59
      58
      61
      63
      57
      54
      60
      55
      72
      71
      64
      62
      57
      62
      63
      73
      57
      65
      64
      57
      53
      50
      67
      64
      57
      66
      78
      52
      53
      64
      44
      62
      72
      43
      61
      60
      58
      59
      65
      67
      43
      54
      54
      55
      49
      53
      54
      47
      45
      57
      58
      57
      45
      63
      61
      70
      47
      60
      44
      61
      58
      54
      55
      67
      66
      64
      47
      51
      62
      67
      62
      72
      52
      72
      62
      55
      57
      43
      68
      48
      83
      67
      64
      60
      79
      57
      67
      58
      67
      58
      62
      80
      55
      55
      63
      80
      75
      61
      71
      70
      69
      56
      75
      74
      68
      65
      68
      59
      56
      60
      67
      48
      35
      48
      55
      53
      49
      45
      46
      46
      57
      46
      51
      40
      37
      45
      31
      38
      45
      48
      39
      37
      36
      31
      25
      41
      46
      42
      35
      38
      41
      35
      31
      35
      34
      37
      37
      36
      33
      36
      31
      38
      37
      26
      35
      28
      33
      30
      36
      24
      35
      26
      29
      30
      44
      29
      26
      26
      25
      26
      26
      34
      23
      32
      35
      37
      26
      20
      31
      22
      33
      28
      28
      28
      24
      36
      28
      26
      35
      39
      45
      32
      43
      41
      47
      48
      50
      60
      52
      69
      62
      60
      68
      99
      92
     114
     111
     100
     126
     123
     131
     154
     159
     169
     150
     154
     185
     188
     171
     167
     193
     170
     201
     206
     199
     175
     185
     157
     181
     164
     174
     161
     170
     153
     128
     156
     151
     129
     108
     130
     115
      99
      98
      85
      84
      67
      66
      87
      48
      51
      49
      37
      42
      39
      33
      33
      29
      35
      23
      33
      32
      31
      27
      26
      21
      25
      20
      24
      25
      20
      19
       9
      17
      23
      19
      20
      26
      15
      19
      16
      15
      14
      12
      14
      25
      15
      36
      21
      25
      18
      20
      17
      31
      14
      21
      22
      14
      19
      20
      11
      15
      22
      18
      15
      21
      17
      11
      20
      15
      18
      16
      18
      24
      16
      19
      21
      15
      19
      22
      23
      22
      23
      29
      14
      12
      12
      15
      20
      12
      24
      14
      12
      20
      13
      15
      17
      14
      14
      14
      16
      26
      16
      19
      18
      14
      27
      21
      24
      28
      17
      17
      19
      16
      15
      13
      18
      21
      14
      22
      16
      17
      13
      14
      25
      19
      13
      21
      13
      16
      17
      14
      11
      16
      18
      17
      14
      21
      15
      14
      18
      15
      12
      13
      19
      17
      16
      24
      18
      15
       8
      15
      11
      15
      25
      16
      16
      14
      26
      18
      13
       9
      23
      15
      13
      14
      16
      17
      20
      19
      15
      23
      15
      12
      10
      21
      24
      14
      26
      16
      21
      15
      27
      25
      28
      17
      22
      16
      12
      21
      15
      22
      15
      20
      17
      18
      13
      15
      11
      12
      16
      19
      19
      20
      12
      15
      17
      19
      18
      11
      16
      25
      20
      15
      19
      14
      13
      17
      13
      15
      17
      13
      11
      16
      16
      19
      20
      20
       7
      17
      15
       9
      11
      17
      16
      16
      18
      13
      22
      17
      12
      17
      21
      10
      13
      11
      12
      15
       9
      11
      23
      15
      11
      14
      22
      17
      18
      15
      11
      11
      15
      17
      13
      11
      13
      15
      17
      21
      15
      13
      18
      14
       8
      15
      15
      12
      13
      19
      16
      19
      20
      21
      18
       8
      19
      16
      17
      14
      22
      14
      22
      15
      15
      19
      18
      13
      16
       9
      19
      13
      13
      18
      14
       7
      15
       8
      26
      23
      10
      12
      19
      15
      18
      15
      11
       9
      20
      19
      15
      11
      18
       9
      17
      12
      15
      12
      12
       6
       8
      18
      19
      13
      18
      18
      23
      19
      21
      14
      12
      15
      15
      13
      16
      13
      15
      19
      14
      11
      10
      17
      14
      21
      16
      14
      14
      16
      14
      18
      17
      18
      11
      13
      15
      30
      13
      19
      10
      17
      10
      18
       7
      15
      12
      13
      21
      21
      15
      19
      15
      10
      15
      12
      16
      14
       9
      16
      18
      22
      15
      12
      17
      13
      22
      14
      16
      20
      18
      17
      11
      21
      13
      14
      22
      12
      13
      22
      15
      15
      13
      12
       8
      13
      18
      10
      17
      14
      12
      23
      22
      10
      16
      10
       8
      12
      13
      14
      13
      22
      13
      14
      12
       9
      11
      11
      19
      19
      15
       8
      11
      25
      18
      16
      15
      15
      18
      12
      17
      18
      13
      14
      12
      14
      12
      13
      10
      16
      10
      12
      15
      11
      17
      13
      20
      12
      18
      21
      11
      13
      14
      13
      15
      10
       7
      16
       8
      20
       7
      15
       9
       9
      11
      16
      15
      14
      19
      16
      13
      19
      16
      10
       6
      15
       8
      12
      17
      16
      14
      21
      16
      17
      16
      12
      15
      15
      17
      15
      14
      23
      12
      15
      10
      17
      14
      17
      11
      15
      17
      12
      13
      20
      20
      15
      16
      10
      10
      10
      16
      13
      12
      13
      16
      18
      16
      13
       8
      11
      16
       9
      19
      16
      21
       9
      17
      12
      11
      23
      11
      13
      17
      11
       9
      21
       9
      14
      19
      15
      12
      13
       9
      16
      20
      14
      19
      22
      12
      27
      15
      15
      16
      22
      11
      15
      16
      20
      14
      16
      16
      16
      21
      16
      18
      24
      14
      20
      24
      15
      12
      13
      24
      19
      16
      22
      16
      15
      16
      18
      12
      21
      14
      20
      21
      18
      21
      14
      15
      16
      19
      22
      11
      16
      10
      12
       8
      14
      16
      13
      15
      22
      18
      18
      12
      13
       5
      22
      19
      18
      18
      13
      15
      12
      11
      19
      23
      15
      19
      17
      11
      13
      13
      15
      13
      16
      17
      18
       8
       9
      13
      15
      17
       9
      17
      21
      19
      12
      19
      16
      13
      21
      16
      17
      16
      18
      10
      19
      16
      18
       8
      11
      18
      10
      21
      22
      19
      12
      18
      14
      10
      23
      13
      17
      16
      16
      17
      13
      17
      17
       6
      13
      17
      14
      12
      13
      14
      18
      10
      13
       7
      15
      12
      14
      16
      16
      14
      25
      13
      10
      13
       7
      19
      17
      16
      12
      25
      29
      16
      19
      17
      14
      12
      13
      13
      16
      16
      12
      13
      11
      12
      14
      16
       7
      15
      15
      16
      12
      12
      12
      16
       9
      15
       8
      13
      13
      13
      14
       7
      11
      14
      10
      15
      17
       8
       9
      19
      12
      11
      17
      15
      18
      15
      15
      13
      17
      19
      16
      18
      13
      14
       8
      13
      14
      16
      15
      14
      10
      11
      13
      14
      15
      12
       7
      17
      11
      10
       8
      11
      16
      15
      14
       9
      13
      18
      11
       9
      14
      19
      12
      10
      17
      20
      14
      13
      10
      23
      16
      24
      10
      16
      15
      15
      13
      20
      14
      16
      13
      19
      21
      12
      14
      20
      16
      10
      17
      13
      23
      19
       6
      16
      13
      16
      13
      15
      18
      21
      15
      17
      18
      19
      14
      14
      22
      17
      21
      29
      25
       9
      16
      18
      14
      15
      13
      17
      21
      19
      17
      26
      13
      10
      13
      18
      13
      15
      19
      14
      18
       9
      27
      13
      18
      20
      18
      12
      17
      18
      20
      19
      14
      22
      16
      24
      20
      15
      12
      24
      15
      18
      16
      15
      18
      17
      12
      20
      22
      21
      22
      16
      17
      19
      10
      26
      23
      15
      19
      12
      19
      25
       7
      11
      18
      18
      13
      14
      15
      13
      14
      17
      18
      18
      13
      11
      23
      16
      14
      14
      20
       8
      16
      13
      18
      16
      12
      15
      20
      13
      21
      27
      15
      11
      12
      12
      17
      17
      19
      16
      19
       8
      10
      10
      12
      21
      24
      15
      14
      20
      14
      14
      13
      25
      15
      14
      14
      21
      23
      16
      20
      14
      24
      22
      14
      21
      17
      15
      17
      13
      16
      23
      12
      17
      18
      15
      12
      19
       9
      14
      21
      14
      20
      18
      19
      17
      11
      12
      19
      14
      19
      18
      14
      16
      13
       6
      11
      17
      11
      15
      18
      13
      16
      15
      11
      16
      13
      15
      11
      19
      20
      23
      14
      21
      13
       9
      16
      24
      16
      14
      19
      20
      15
      18
      13
      20
      15
      16
      14
      14
      17
      20
      18
      16
      24
      24
      19
      23
      22
      18
      17
      24
      19
      15
      17
      19
      19
      17
      21
      21
      24
      18
      19
      20
      16
      21
      16
      15
      17
      25
      16
      21
      24
      21
      20
      25
      23
      25
      15
      21
      22
      11
      15
      17
      21
      21
      24
      20
      25
      21
      20
      20
      19
      19
      18
      19
      24
      18
      21
      20
      19
      24
      20
      30
      23
      14
      15
       9
      15
      27
      24
      17
      11
      22
      30
      21
      28
      15
      21
      33
      11
      21
      22
      21
      23
      12
      22
      16
      23
      18
      19
      25
      25
      22
      23
      19
      12
      21
      16
      19
      23
      17
      16
      23
      11
      27
      12
      20
      17
      20
      17
      22
      22
      15
      16
      19
      25
      20
      12
      16
      12
      20
      15
      27
      17
      20
      16
      22
      25
      23
      21
      13
      13
      19
      22
      12
      20
      19
      15
      12
      14
      15
      19
      18
      21
      14
      24
      21
      17
      19
      23
      16
       0
       0
       0
       0
       0
       0
       0
       0
       0
       0
       0
       0
       0
       0
       0
       0
       0
       0
       0
       0
       0
       0
       0
       0
       0
       0
       0
       0
       0
       0
       0
       0
       0
       0
       0
       0
       0
       0
       0
       0
       0
       0
       0
       0
       0
       0
       0
       0
       0
       0
       0
       0
       0
       0
       0
       0
       0
       0
       0
       0
       0
       0
       0
       0
       0
       0
       0
       0
       0
       0
       0
       0
       0
       0
       0
       0
       0
       0
       0
       0
       0
       0
       0
       0
$ROI:
1
712 830
$PRESETS:
None
0
0
$ENER_FIT:
-23.656767 2.297974
$MCA_CAL:
3
-2.365677E+001 2.297974E+000 2.836717E-005 keV
$SHAPE_CAL:
3
0.000000E+000 0.000000E+000 0.000000E+000
