$SPEC_ID:
No sample description was entered.
$SPEC_REM:
DET# 1
DETDESC# DESKTOP-I499GD2 Easy-MCA-2k SN 18191655
AP# Maestro Version 7.01
$DATE_MEA:
02/26/2024 14:43:47
$MEAS_TIM:
90 91
$DATA:
0 2047
       0
       0
       1
       0
       1
       1
       3
       4
     151
     101
      96
     102
     103
     119
      81
     101
     109
     122
     117
     123
     103
     107
     132
     118
     103
     145
     110
     156
     155
     179
     186
     199
     189
     230
     212
     200
     177
     147
     157
     178
     166
     168
     179
     190
     229
     221
     255
     252
     270
     302
     318
     294
     335
     320
     327
     355
     341
     340
     357
     384
     430
     467
     600
     743
     886
    1010
     902
     766
     578
     474
     373
     332
     283
     319
     300
     278
     243
     271
     268
     291
     295
     271
     293
     280
     266
     267
     267
     280
     275
     291
     272
     276
     274
     259
     251
     268
     250
     263
     256
     259
     225
     238
     237
     247
     238
     255
     251
     217
     264
     245
     256
     246
     258
     230
     252
     242
     225
     247
     229
     218
     184
     215
     189
     200
     195
     188
     191
     208
     181
     215
     172
     166
     185
     180
     210
     194
     182
     181
     163
     150
     185
     153
     183
     159
     155
     148
     159
     173
     153
     147
     165
     137
     132
     162
     134
     142
     146
     142
     146
     117
     119
     145
     147
     129
     153
     127
     111
     150
     124
     130
     124
      99
     120
     124
     124
     121
     127
      91
     111
     140
     130
     101
     106
      99
     113
     102
     105
     102
     110
     107
     107
      97
     103
      86
     111
      94
     104
      99
      84
      94
      84
      82
      98
     108
      95
     103
      94
     108
     113
     101
      94
      97
     103
      97
     106
     114
     107
     133
     125
     143
     158
     165
     168
     203
     178
     234
     221
     213
     238
     255
     239
     248
     278
     240
     265
     194
     219
     215
     172
     186
     167
     158
     129
     134
     106
     111
      99
      82
      82
      91
      80
      76
      85
      66
      65
      62
      64
      66
      62
      61
      65
      59
      71
      52
      88
      71
      70
      77
      63
      69
      82
      73
      68
      78
      57
      67
      72
      57
      64
      71
      68
      48
      63
      65
      66
      74
      58
      70
      80
      64
      57
      56
      63
      58
      65
      48
      57
      55
      50
      58
      64
      60
      52
      63
      60
      44
      50
      60
      58
      68
      68
      50
      56
      57
      64
      60
      59
      37
      59
      61
      61
      55
      76
      66
      79
      47
      63
      58
      61
      68
      60
      47
      61
      55
      44
      61
      71
      64
      58
      60
      43
      58
      58
      59
      59
      51
      55
      59
      68
      60
      57
      36
      53
      57
      39
      52
      55
      48
      56
      51
      64
      55
      55
      46
      48
      55
      70
      45
      47
      54
      60
      48
      55
      45
      41
      53
      40
      52
      50
      45
      45
      45
      38
      36
      33
      42
      38
      38
      49
      54
      46
      54
      49
      42
      36
      43
      46
      44
      31
      42
      43
      55
      46
      42
      53
      53
      45
      40
      42
      39
      38
      36
      41
      46
      41
      48
      35
      44
      41
      40
      48
      38
      40
      32
      38
      39
      38
      51
      46
      44
      42
      39
      41
      43
      32
      45
      38
      46
      37
      41
      41
      52
      37
      37
      52
      47
      54
      26
      41
      35
      45
      52
      49
      28
      38
      42
      42
      40
      31
      34
      46
      37
      39
      48
      34
      46
      41
      56
      49
      36
      47
      23
      46
      37
      39
      46
      52
      55
      58
      50
      53
      55
      54
      41
      50
      47
      54
      54
      36
      48
      45
      47
      38
      50
      54
      52
      48
      43
      51
      52
      37
      42
      48
      41
      38
      54
      35
      52
      48
      42
      44
      44
      40
      40
      49
      48
      38
      42
      45
      31
      25
      45
      38
      48
      34
      42
      46
      37
      33
      37
      38
      33
      41
      48
      36
      30
      40
      41
      47
      37
      44
      40
      50
      38
      44
      42
      49
      48
      43
      48
      51
      49
      42
      54
      47
      35
      41
      46
      55
      46
      56
      46
      50
      49
      55
      48
      48
      51
      48
      39
      46
      53
      29
      34
      49
      53
      42
      36
      39
      37
      39
      44
      48
      37
      44
      41
      46
      49
      48
      35
      35
      37
      43
      46
      43
      45
      44
      36
      43
      49
      34
      33
      40
      46
      54
      42
      48
      51
      23
      41
      41
      48
      47
      50
      40
      45
      47
      35
      48
      39
      59
      39
      43
      55
      61
      34
      55
      35
      48
      54
      55
      54
      47
      44
      49
      58
      45
      55
      39
      52
      43
      63
      48
      51
      45
      47
      49
      54
      45
      58
      46
      38
      40
      51
      50
      42
      47
      47
      42
      38
      40
      50
      47
      41
      45
      39
      47
      38
      38
      42
      53
      31
      32
      31
      32
      35
      32
      42
      32
      27
      32
      29
      25
      23
      30
      20
      25
      18
      28
      26
      32
      20
      21
      28
      24
      23
      26
      30
      15
      15
      23
      16
      19
      21
      26
      21
      17
      20
      20
      21
      22
      14
      17
      20
      26
      15
      27
      18
      23
      15
      19
      27
      17
      14
      19
      22
      17
      20
      25
      18
      17
      27
      22
      16
      24
      20
      21
      21
      29
      27
      28
      34
      26
      40
      57
      53
      39
      63
      50
      54
      81
      81
      73
      90
      79
      95
     103
     102
     135
     113
     124
     123
     134
     133
     133
     137
     170
     168
     143
     158
     145
     136
     136
     140
     147
     153
     147
     139
     137
     150
     123
     115
     135
     129
     113
     115
     108
      83
      89
      82
      73
      63
      70
      66
      44
      38
      59
      52
      42
      41
      40
      24
      31
      21
      28
      33
      20
      28
      24
      26
      15
      20
      21
      19
      16
      22
      16
      18
      19
      10
      18
      11
      15
      13
      12
      16
      17
      20
      11
      17
      12
      13
       9
      13
      12
      12
      10
      12
      14
      12
      16
      16
      12
      17
      15
      11
      17
       9
       9
      13
      10
      17
       8
      10
       6
      15
      18
      12
      14
      17
       7
      14
      12
      12
      11
      11
       8
      11
      13
      17
       9
       4
      16
       7
       9
      13
      17
      10
      15
       8
      13
       7
      15
      10
      13
       9
      18
      13
       9
       9
      10
      17
      18
      11
      16
      13
       9
      13
      14
      14
       9
      17
      13
       9
      11
      13
      15
       9
      13
       2
      10
       8
      13
       9
      11
       7
      13
      14
      13
      11
      10
      13
       8
      10
       6
      15
      19
      12
      11
       8
      10
       4
       6
      10
       8
      10
       7
       9
       7
      15
      13
      12
      12
      10
      16
       7
      11
       5
       6
      11
       8
       8
      12
      11
       8
       8
       8
       8
      17
      17
      15
      10
      11
      10
      10
      10
      13
       6
      12
      10
      12
       9
      19
      16
      13
       8
       9
       6
      11
      12
       9
      12
      13
      12
      14
      15
      17
       5
      10
      11
      14
       9
       9
      17
      15
      12
       9
      14
      10
      18
       5
      12
      11
       9
      16
      16
      13
      14
      15
      11
      13
       4
      11
      13
      16
      12
      12
      17
       9
      10
       8
       9
      12
      10
      13
       9
       8
      10
       8
       7
      10
       9
      11
      11
       5
      13
      10
      10
       8
      13
       4
      11
       8
      12
       8
      10
       9
       9
       4
       8
       7
      11
      13
      10
       7
       8
       4
       6
       7
      16
      10
      13
      12
      10
       7
       8
       7
      10
      15
      10
      10
       9
       9
      12
      11
      11
       8
       9
      10
       6
       9
       7
       6
      14
       6
      12
       9
      16
       7
      11
       6
      17
      11
      11
       9
      12
      10
       8
       8
       5
       9
      12
       9
      11
       7
       9
      11
      12
      12
      14
       8
       8
      16
       6
      10
       8
       8
       5
      11
      15
       4
       9
       8
       7
      13
       7
      11
       9
       9
      11
      11
       8
       7
       8
      11
      10
       9
       5
       3
       9
      15
       7
       9
      16
       9
      10
      11
      11
       9
       7
      11
      10
       5
       9
      19
       7
       5
       6
      15
       8
       6
       9
       7
       6
       8
      10
      12
       7
       3
       6
      11
       3
      10
      10
      10
       6
       5
      13
       5
       7
      10
       5
       9
      11
       9
       6
       6
      10
      12
      13
       6
      12
      13
       9
       9
       6
      11
       7
       8
      12
       9
      10
      10
      11
       7
       9
      11
      14
      14
       7
      11
      16
      11
      10
      17
      11
      11
      12
       9
       9
       6
      11
      12
      20
      19
      11
       9
      11
       9
      11
       8
      14
      12
      14
       7
      10
      10
      10
      12
      10
      13
       8
       8
       8
       7
       6
      12
       8
       9
       6
       8
       5
      12
      15
      13
       8
      12
      12
       9
      10
      11
       9
      12
      11
       9
      12
       7
      13
       8
       8
      10
       9
       8
       5
      12
       7
       7
       9
      10
       6
       9
      11
      10
      16
       6
       8
       6
       7
      10
       8
       8
      13
      11
       6
       9
      14
      11
       8
       5
       5
       9
       3
       7
       5
       8
       8
      11
       4
       3
       7
       9
      15
       9
      11
       5
       7
       7
       6
       7
       8
       6
       6
       9
       9
       4
      12
      12
       3
      15
       3
      12
       5
      10
       7
       4
      12
       8
       5
      12
       9
       8
      11
       6
      11
       9
       9
       6
      10
      10
       6
       3
       6
       7
       9
      10
       8
       7
       8
       9
       6
      10
       6
       8
       7
      14
      14
       5
       5
      10
       8
      11
       9
      12
       9
       3
       3
      13
      14
       8
      11
       6
       7
       4
      11
       7
      11
       7
       9
       7
      12
      10
       7
       3
      10
       5
       7
      13
       4
       7
      10
      10
      11
       7
       5
       7
       7
       4
       3
      13
      15
       5
       7
       8
       7
       9
       8
      10
      11
      16
      10
      11
      11
       8
       2
      10
       6
       7
      10
      10
      13
       6
       6
       4
      11
       5
      11
       8
       9
       7
       8
       6
       6
       7
       9
       9
       5
       7
       6
       5
       8
       7
       6
       8
       7
      12
       8
       4
      10
       5
       7
       9
      11
       9
       9
      14
       8
      11
       4
       9
       5
       3
       9
       5
       7
       7
       7
       7
       7
       8
       7
       9
       9
      10
      10
      12
       7
       5
       7
       3
      12
      10
      13
      14
       4
       9
       9
       8
       8
       8
       7
      10
       4
       3
       6
      13
      15
       6
       8
       5
      10
      11
       7
       8
       9
      10
       8
       6
       5
      13
      12
      11
      11
      10
      10
       7
      15
       4
       9
       8
       8
       4
       7
       5
       9
      13
      11
      11
       3
       8
      12
       6
       8
       8
       8
      12
       6
       4
       6
      10
       7
      11
       6
      14
       6
      12
      11
      10
      15
       6
      10
       8
       6
       9
       4
       3
       4
       6
       5
       6
       7
      13
      10
      10
       7
      10
       7
       9
       8
      13
      10
      15
      13
       5
      13
       8
      11
       9
      10
       9
       7
      11
       9
       8
       9
      10
      11
       6
       6
      12
       5
      18
      12
       8
       4
       5
       5
       8
       6
      11
      10
      10
       8
      12
       7
       8
       6
       7
      11
       9
      15
      12
       7
       6
       8
       8
       5
      12
       9
       5
      11
      10
       5
       7
       6
       7
       6
      12
      10
      15
       7
      10
      10
       5
       8
       5
      12
       9
       7
      12
       8
       9
       3
      13
      11
      17
       3
      10
      11
       9
       6
      12
      13
       8
       7
       6
       8
      12
       6
      12
       6
      12
      12
      10
      11
      18
       9
       6
       4
       8
       6
      11
       8
       6
      10
      10
      14
      17
       9
      11
       8
      11
      14
       9
      13
       7
       9
       9
       2
       8
      16
      18
       8
       8
      13
      13
      12
      10
      10
       9
       8
       6
       9
       5
      11
       7
      10
      11
      10
      10
       8
       8
      10
       8
      11
      13
       6
      16
      11
       8
      13
      12
       7
      11
       9
       9
       8
      12
      11
       4
      16
       8
       6
      10
      14
      10
       7
      11
      13
      14
      15
       9
      12
       7
      12
      10
      12
       5
      11
      10
       9
      11
      10
      10
       5
      16
      11
      13
      15
      12
      17
      17
      18
       6
      10
       7
       9
       8
      12
      13
      14
      10
      15
      11
       9
       9
       8
       6
       9
      12
      10
      12
       6
      10
       8
      14
      14
      13
      12
      12
      13
      15
      12
      10
      15
      16
      14
      12
      14
      10
       8
       5
      15
      13
      15
      12
       9
      11
      15
      17
       8
       9
       8
       6
      22
      10
      13
       7
      18
      10
      10
       9
      11
      14
       5
       7
       6
       8
       4
       6
       3
      10
      16
       8
       5
       8
       5
       8
       7
       2
      13
       7
      13
       9
      12
      16
      12
       9
      12
       9
      10
       6
       7
      12
      16
      12
       7
      11
       7
      10
       9
       7
      15
      12
       8
       6
       9
      13
       1
       8
       3
      15
      10
       7
       6
       6
      11
       5
      13
      10
      10
      10
      18
       9
       6
       8
       7
      10
       7
       8
      16
      12
       6
       7
       8
       8
       8
      10
       7
       8
       9
       6
      15
      14
      14
       6
       9
      13
      19
      11
       6
      10
       6
       7
       6
       7
       6
      10
       7
      11
       6
       7
      11
       5
       6
       8
       8
      13
       9
      10
      10
       7
       9
       7
      13
       4
       6
       7
       8
      18
      13
       8
      15
      10
       9
      14
      11
      13
      11
       9
       6
      10
       7
       7
       7
       0
       0
       0
       0
       0
       0
       0
       0
       0
       0
       0
       0
       0
       0
       0
       0
       0
       0
       0
       0
       0
       0
       0
       0
       0
       0
       0
       0
       0
       0
       0
       0
       0
       0
       0
       0
       0
       0
       0
       0
       0
       0
       0
       0
       0
       0
       0
       0
       0
       0
       0
       0
       0
       0
       0
       0
       0
       0
       0
       0
       0
       0
       0
       0
       0
       0
       0
       0
       0
       0
       0
       0
       0
       0
       0
       0
       0
       0
       0
       0
       0
       0
       0
       0
$ROI:
1
712 830
$PRESETS:
None
0
0
$ENER_FIT:
-23.656767 2.297974
$MCA_CAL:
3
-2.365677E+001 2.297974E+000 2.836717E-005 keV
$SHAPE_CAL:
3
0.000000E+000 0.000000E+000 0.000000E+000
