$SPEC_ID:
No sample description was entered.
$SPEC_REM:
DET# 1
DETDESC# DESKTOP-I499GD2 Easy-MCA-2k SN 18191655
AP# Maestro Version 7.01
$DATE_MEA:
02/26/2024 14:48:56
$MEAS_TIM:
50 51
$DATA:
0 2047
       0
       0
       0
       0
       0
       1
       1
       3
     112
      75
      63
      68
      99
      91
      87
      74
      92
      82
      78
      91
      79
      83
      88
     107
      94
      86
      99
      94
     120
     133
     146
     138
     138
     152
     153
     148
     105
     139
     119
     140
     118
     150
     154
     160
     156
     152
     183
     202
     202
     202
     226
     227
     222
     203
     236
     248
     247
     275
     259
     265
     316
     309
     397
     497
     576
     585
     582
     476
     395
     319
     250
     226
     213
     217
     225
     216
     227
     210
     195
     205
     223
     196
     218
     210
     210
     209
     228
     186
     206
     223
     180
     205
     212
     206
     167
     209
     179
     196
     165
     217
     185
     213
     206
     164
     185
     190
     183
     181
     201
     187
     192
     179
     188
     185
     181
     159
     154
     180
     182
     149
     166
     157
     136
     159
     169
     153
     171
     152
     154
     137
     163
     135
     134
     126
     147
     143
     125
     148
     154
     135
     136
     112
     130
     144
     141
     118
     140
     125
     118
     113
     118
     135
     109
     114
     115
     104
     118
      94
     117
     119
      94
     111
     100
     109
      94
     105
     110
     103
      95
     104
      96
      90
      95
      94
     103
      71
      84
      86
      82
      88
      85
      96
     100
      79
      87
      85
      86
      99
      88
      87
      95
      78
      63
     104
      91
      79
      72
      87
      72
      82
      81
      79
     100
      88
      76
      75
      83
      87
      95
      69
      91
      96
      74
      85
      88
      96
      87
      72
      91
     123
     112
     133
     139
     154
     144
     158
     166
     153
     168
     208
     194
     211
     190
     201
     197
     164
     181
     165
     151
     154
     147
     115
     102
     103
      90
      73
      81
      56
      68
      70
      68
      67
      57
      61
      53
      45
      57
      59
      64
      46
      55
      61
      45
      50
      57
      55
      42
      55
      48
      45
      42
      44
      44
      64
      61
      65
      48
      53
      62
      41
      55
      46
      51
      42
      40
      49
      46
      52
      51
      48
      46
      61
      39
      43
      64
      44
      32
      51
      48
      42
      62
      47
      55
      40
      34
      54
      50
      49
      50
      39
      42
      61
      53
      44
      58
      43
      50
      37
      49
      43
      44
      36
      59
      44
      51
      47
      56
      49
      44
      43
      58
      55
      61
      38
      44
      42
      53
      39
      48
      50
      47
      43
      48
      42
      36
      45
      37
      56
      49
      40
      31
      39
      39
      41
      32
      35
      35
      38
      33
      40
      39
      39
      39
      43
      43
      45
      40
      28
      39
      44
      49
      43
      40
      39
      41
      43
      39
      33
      31
      35
      43
      41
      30
      47
      49
      33
      32
      51
      44
      33
      46
      31
      30
      42
      40
      36
      40
      30
      35
      40
      30
      36
      37
      31
      39
      35
      34
      34
      36
      41
      36
      38
      26
      38
      40
      26
      36
      33
      42
      38
      36
      35
      36
      44
      32
      29
      35
      29
      34
      35
      32
      51
      46
      38
      35
      31
      40
      34
      43
      37
      35
      51
      36
      39
      32
      35
      39
      35
      29
      32
      35
      38
      43
      34
      40
      33
      38
      48
      33
      28
      34
      38
      27
      31
      32
      31
      34
      30
      35
      31
      31
      30
      29
      41
      25
      36
      27
      33
      33
      31
      32
      41
      34
      36
      31
      29
      56
      30
      25
      40
      37
      47
      36
      38
      39
      35
      36
      40
      31
      33
      32
      44
      49
      34
      41
      30
      45
      37
      31
      25
      25
      31
      36
      43
      32
      36
      30
      23
      38
      46
      33
      27
      28
      39
      42
      29
      46
      30
      36
      33
      37
      30
      31
      35
      34
      29
      34
      31
      30
      41
      29
      27
      27
      33
      37
      43
      41
      38
      36
      46
      39
      34
      42
      35
      39
      47
      51
      57
      34
      30
      41
      49
      37
      33
      47
      41
      44
      35
      31
      40
      48
      43
      37
      36
      43
      36
      40
      40
      35
      37
      39
      31
      30
      27
      19
      31
      39
      36
      37
      48
      35
      35
      34
      42
      29
      36
      44
      47
      32
      39
      46
      35
      43
      35
      28
      37
      29
      37
      32
      34
      33
      43
      31
      34
      36
      29
      38
      46
      47
      27
      43
      44
      42
      38
      22
      42
      52
      36
      46
      36
      50
      29
      33
      22
      35
      37
      41
      42
      40
      51
      34
      46
      39
      42
      42
      42
      46
      36
      47
      42
      45
      43
      36
      39
      41
      49
      43
      33
      41
      31
      33
      30
      45
      45
      40
      28
      41
      37
      28
      29
      34
      34
      23
      25
      25
      21
      37
      25
      25
      22
      23
      24
      20
      20
      18
      28
      12
      10
      22
      13
      26
      13
      20
      21
      22
      19
      12
      19
      18
      12
      14
      14
      12
      20
      17
      18
      20
      23
      12
      20
      26
      25
      16
      15
      19
      18
      21
      10
      12
      12
      22
      13
      16
      20
      18
      15
      20
      22
      17
      18
      19
      12
      23
      16
      19
      22
      19
      28
      30
      20
      37
      32
      30
      31
      37
      34
      41
      40
      37
      51
      68
      56
      63
      78
      80
      72
      74
     101
     114
      90
      85
     103
     109
     121
     113
     126
     126
     114
     126
     129
     117
     135
     136
     120
     131
     139
     138
     133
     125
     118
     107
     101
      89
      89
      86
      86
      66
      89
      79
      81
      67
      68
      63
      45
      53
      43
      44
      42
      29
      40
      33
      35
      22
      30
      25
      20
      11
      24
      20
      20
      19
      19
      14
      17
       9
      10
      14
       8
      15
      12
      11
      10
       6
      11
      12
       7
       5
      11
      12
      13
      13
      10
      10
      10
       5
       8
      15
      14
       6
      15
      12
      13
      14
      10
      13
      16
       6
      12
       4
      13
       5
       5
       9
      11
      10
      12
       7
      11
      11
      10
      10
       8
       8
       6
       7
      13
      16
      16
       4
       6
      14
       9
       9
       6
       5
       8
      13
      12
      11
       8
       8
       7
       5
       6
      12
       5
      10
       9
       9
       4
      17
       9
      11
       9
      11
      10
       7
       8
       7
      11
      10
      12
      10
      15
       6
      13
      12
      15
       5
      10
       5
      12
       4
      15
       7
       5
       7
       8
       6
       4
       6
      13
       8
       8
      14
       2
       9
      13
      10
      10
       8
      13
      16
      11
      12
       9
      12
       7
      13
      14
       9
       8
       3
       7
       8
       4
      13
       6
      12
       7
       6
       5
      12
       8
       9
       5
       5
       4
       7
       6
       7
       6
      11
      10
       5
       6
       6
       7
      13
       8
       6
      10
       8
      11
      10
       6
      13
       3
       7
       7
      10
       4
       7
       7
       7
      12
      14
      10
      14
      17
       5
      10
      16
       7
       7
       9
       8
       8
      13
      10
      12
      10
       6
      11
       6
      16
       9
       8
      11
       9
      11
      12
      11
      14
      12
       9
      11
      10
       6
      14
      12
       9
       8
      11
       6
      10
       4
       6
       8
       8
      14
      13
       7
       8
       8
       6
      12
       9
       6
       9
       7
       9
      11
       8
       9
       8
       4
       5
      14
       7
       4
       4
      10
       4
       7
       3
       9
      14
       3
      11
       3
       7
       6
       4
      10
       8
       7
       9
       4
      15
       6
      12
      10
      10
      10
       7
      10
       6
       7
       7
      10
      12
       7
       4
      13
       7
       8
      11
      12
       8
       9
       7
       7
      13
      14
       8
       7
      11
       8
       8
      10
      13
      10
       5
       9
      10
       4
       9
       7
      10
       9
       6
      11
       4
       8
       9
       9
       8
       7
      10
       5
       2
      10
      13
       7
      12
       6
       8
       9
       6
       5
       7
       7
      12
      13
       9
      12
       8
       5
       7
       8
       6
      10
      10
      10
       5
       8
       7
       8
      11
       6
      11
      10
       7
       5
      11
       8
       7
      15
       3
       8
       2
      13
       5
       5
       6
       2
       8
       6
       7
       8
       5
       6
      13
      13
       5
       4
       8
       5
       7
       8
       6
       7
       5
      11
       6
      14
       7
      12
       8
      11
      11
       7
       4
       4
       7
      10
      16
       5
       6
       7
       6
      11
      18
       8
      13
      13
      13
       9
       7
      11
      12
       9
      11
      13
       4
       7
      10
      13
      13
       7
      15
       8
      16
      17
       9
       8
      12
       8
       6
       9
       9
       9
      10
      15
       5
      12
       9
       5
       4
       6
       6
       9
       6
       7
      11
       8
       3
      10
       8
      12
      11
       9
      10
       6
      13
      10
       8
       9
       5
       6
       7
       9
      13
      13
       5
       6
       7
       7
       9
       8
       4
       8
       8
      12
      13
       9
       4
       7
       7
       7
       8
      12
       6
       6
       6
       8
       8
       7
      10
       7
       8
       7
       9
       7
       4
       8
       6
       4
       5
       7
       8
      10
       7
       9
       8
       9
       6
       7
      11
       5
       7
       4
       4
       6
      11
       7
       5
       8
      13
       6
       5
       4
       7
       9
       5
      13
       2
      10
       5
      13
       4
      10
       8
       5
       4
      10
       6
       6
       7
       7
       6
       7
      10
       7
       7
      17
       7
       7
       4
      11
       6
       5
      12
      12
       7
       6
       6
       7
       8
       8
       6
       0
       2
       6
       7
       9
      11
       8
       5
       6
       5
      13
       6
       8
       6
       3
       8
       2
       5
       8
       6
       4
       6
       4
       4
       7
       4
      11
       4
       7
       5
       3
       6
       6
       4
       3
       4
       6
       7
      10
       5
       6
      10
       6
       6
       0
       9
       8
       5
       9
       4
       3
       6
      10
       4
       4
       8
       8
       7
       8
       8
       5
       4
       7
       7
       6
       5
       5
       8
       9
      10
       4
       9
       9
      12
       6
       7
       5
       1
       2
       3
       7
      13
       6
       7
       5
       8
       7
       4
       5
       7
      11
       4
       8
       7
       9
       6
       6
       6
       9
       6
       8
       5
       4
       6
       8
       5
       7
       7
       5
       8
       5
       9
       4
       4
       4
       6
       5
       7
       4
       4
      12
       5
       8
       9
       3
       6
       8
       5
       9
       2
       7
       2
       8
       8
       2
       5
      10
       8
       6
       4
       4
       7
       3
      11
      12
       9
       5
       6
       7
       5
       8
       9
       8
       7
       5
       9
       6
       6
      11
       6
       8
       9
       9
      13
       9
       1
       8
       5
       9
       3
       9
       7
       7
       1
       7
       5
       8
       5
      13
       8
      10
       5
       4
       9
       8
       5
       5
       9
       7
       9
       8
       4
       7
       5
       6
       2
       7
       7
       9
       4
       7
      10
       8
       4
      14
       5
       5
      10
      13
       8
       2
       7
       7
      10
      10
       6
      15
       5
      13
       2
       7
       9
       5
       7
       6
       6
       8
       6
       7
       4
      11
      11
       9
       8
       7
       8
      15
       6
       5
       9
       8
      14
       6
       7
      11
      16
       4
       5
       8
       5
       9
      12
       7
      12
       5
       8
      14
       8
       3
      12
       6
       8
       4
      12
       8
      10
      13
       7
       7
       5
       5
      13
       8
      10
       7
       4
       4
      13
       4
       7
      12
      13
       6
       8
       5
       8
       9
       6
       6
      10
       8
      11
       8
      13
       8
      10
       8
       5
       4
      10
      11
       7
       3
       7
       7
      12
       8
       4
       4
       8
      10
       8
       4
       9
       7
       7
       9
       3
      13
       8
       6
      11
       5
       9
       9
      13
       8
       7
       9
       8
       7
      11
       6
      11
       7
      10
       9
       2
       5
      12
      12
       4
      10
      11
       6
       6
       6
      12
      10
      10
      12
       7
       8
       7
       6
       8
       6
       7
      11
      14
      11
      10
       7
      11
       9
      13
       7
       6
      12
       6
       6
       8
       9
       6
      17
       5
       6
       5
      10
      12
       8
       5
      10
       8
       9
      14
       4
      10
      10
      10
      14
       7
       5
       6
      11
       9
      12
       9
      11
       7
       7
      15
      11
       6
      12
      12
      10
       8
      15
       6
       6
      14
       6
       9
      10
      10
      14
      14
       8
      12
      12
      14
      11
      10
      10
       8
       2
       6
      10
       6
      11
      11
       8
      16
      11
      14
      10
       9
       8
       6
       8
       6
      12
       5
       7
      12
       9
       6
       9
      12
      10
      10
       8
       5
      11
      14
       8
      11
      11
       7
      12
       6
       6
       7
       9
       9
      17
       7
      12
       7
       9
       5
       9
       5
       9
       8
       9
       8
       8
       2
       6
       8
       9
      10
       5
      10
       8
       7
       7
       2
      10
      11
       8
      10
      12
       7
      10
       8
      11
       7
       6
       6
       9
       6
       6
      13
      13
       5
       7
       9
       8
      12
       9
       9
      11
      14
       8
      12
       8
       8
       5
       8
      10
       9
      11
       7
       9
       8
       8
       4
       7
       3
       6
       2
       7
       7
       7
       9
       6
       3
      12
       6
       8
       9
      10
       9
      10
       6
       7
       6
       4
       6
      10
       6
       4
       6
       9
       7
       9
       7
      10
       5
       5
       7
       9
       8
       8
       6
       7
       9
       7
       5
       7
       5
      11
       7
       4
       5
       5
       4
       8
      11
       7
       6
       5
      17
       7
       7
       7
       6
       6
       8
       3
       7
       7
      10
       7
       4
      13
      14
       7
       3
       0
       0
       0
       0
       0
       0
       0
       0
       0
       0
       0
       0
       0
       0
       0
       0
       0
       0
       0
       0
       0
       0
       0
       0
       0
       0
       0
       0
       0
       0
       0
       0
       0
       0
       0
       0
       0
       0
       0
       0
       0
       0
       0
       0
       0
       0
       0
       0
       0
       0
       0
       0
       0
       0
       0
       0
       0
       0
       0
       0
       0
       0
       0
       0
       0
       0
       0
       0
       0
       0
       0
       0
       0
       0
       0
       0
       0
       0
       0
       0
       0
       0
       0
       0
$ROI:
1
712 830
$PRESETS:
None
0
0
$ENER_FIT:
-23.656767 2.297974
$MCA_CAL:
3
-2.365677E+001 2.297974E+000 2.836717E-005 keV
$SHAPE_CAL:
3
0.000000E+000 0.000000E+000 0.000000E+000
