$SPEC_ID:
No sample description was entered.
$SPEC_REM:
DET# 1
DETDESC# DESKTOP-I499GD2 Easy-MCA-2k SN 18191655
AP# Maestro Version 7.01
$DATE_MEA:
02/26/2024 14:57:40
$MEAS_TIM:
57 57
$DATA:
0 2047
       0
       0
       0
       0
       0
       0
       5
      17
     225
     107
     128
     133
     120
     120
     120
     129
     129
     134
     127
     125
     123
     129
     126
     130
     133
     139
     129
     160
     159
     197
     180
     168
     170
     208
     220
     194
     167
     159
     196
     148
     181
     187
     193
     205
     229
     230
     243
     269
     236
     310
     247
     271
     318
     329
     296
     301
     311
     329
     325
     303
     348
     446
     478
     577
     628
     663
     667
     569
     528
     404
     384
     327
     285
     317
     277
     312
     289
     303
     280
     316
     281
     298
     285
     318
     328
     318
     289
     279
     303
     267
     307
     302
     274
     276
     303
     287
     290
     299
     277
     287
     262
     279
     255
     285
     288
     276
     285
     291
     254
     269
     312
     286
     266
     279
     233
     243
     282
     242
     238
     245
     222
     214
     247
     228
     209
     258
     219
     222
     231
     219
     211
     226
     203
     218
     184
     197
     188
     187
     196
     196
     215
     195
     183
     204
     196
     204
     160
     176
     163
     189
     167
     175
     161
     166
     166
     175
     153
     138
     156
     143
     142
     169
     151
     156
     157
     161
     165
     156
     154
     162
     121
     156
     145
     140
     132
     153
     132
     146
     136
     114
     123
     118
     153
     134
     126
     123
     130
     123
     138
     130
     115
     134
     119
     134
     120
     133
     104
     123
     123
     142
     117
     116
     131
      92
     118
     109
     123
     115
     129
     129
     116
     115
     124
     126
     126
     148
     149
     159
     156
     149
     197
     198
     202
     211
     231
     251
     239
     250
     285
     311
     334
     266
     307
     292
     307
     254
     261
     255
     234
     216
     204
     197
     152
     153
     138
     123
     106
      96
      81
      93
      94
      86
      94
      71
      95
      98
      80
      93
      82
      94
      79
      89
      77
      76
      68
      76
      88
      73
      96
      83
      66
      69
      83
      79
      72
      63
      76
      81
      71
      66
      78
      77
      62
      74
      74
      67
      80
      83
      67
      74
      72
      79
      71
      73
      65
      67
      75
      77
      70
      72
      66
      56
      61
      71
      65
      80
      75
      55
      64
      77
      73
      57
      75
      83
      74
      75
      76
      68
      65
      79
      85
      70
      55
      77
      88
      65
      72
      78
      72
      70
      53
      64
      91
      68
      77
      75
      70
      85
      94
      66
      68
      54
      49
      60
      65
      66
      78
      72
      68
      68
      63
      60
      64
      59
      49
      66
      67
      72
      55
      50
      72
      52
      55
      79
      79
      44
      65
      53
      62
      57
      61
      57
      65
      56
      50
      70
      67
      59
      51
      57
      66
      59
      55
      57
      64
      49
      60
      60
      52
      54
      64
      51
      63
      53
      45
      65
      62
      57
      55
      56
      53
      44
      49
      60
      63
      57
      64
      50
      45
      52
      50
      40
      57
      53
      63
      45
      62
      51
      59
      48
      58
      48
      44
      50
      58
      58
      48
      60
      45
      44
      59
      61
      59
      60
      50
      52
      48
      44
      53
      52
      57
      50
      42
      49
      65
      45
      44
      57
      67
      43
      53
      66
      54
      48
      40
      43
      65
      54
      45
      44
      55
      58
      52
      53
      44
      47
      63
      55
      36
      35
      49
      46
      56
      66
      41
      66
      50
      48
      48
      47
      50
      67
      55
      64
      56
      51
      66
      46
      56
      61
      63
      57
      64
      43
      41
      58
      49
      73
      51
      54
      56
      48
      55
      48
      46
      48
      50
      57
      48
      68
      50
      57
      43
      48
      46
      47
      63
      46
      59
      45
      57
      61
      59
      58
      67
      62
      51
      42
      55
      46
      51
      58
      50
      49
      51
      52
      56
      60
      46
      64
      57
      69
      55
      48
      63
      51
      54
      59
      54
      65
      50
      52
      54
      59
      60
      45
      63
      70
      55
      73
      60
      72
      66
      57
      55
      57
      67
      59
      63
      50
      55
      64
      62
      70
      65
      72
      59
      68
      52
      57
      67
      54
      55
      55
      45
      42
      59
      43
      47
      54
      50
      50
      54
      42
      64
      66
      67
      44
      50
      57
      56
      61
      49
      41
      58
      57
      43
      49
      66
      59
      76
      52
      56
      56
      55
      49
      61
      61
      54
      63
      63
      60
      59
      50
      49
      55
      54
      58
      66
      62
      66
      53
      50
      70
      58
      69
      58
      59
      63
      60
      63
      72
      49
      66
      57
      64
      64
      69
      72
      66
      53
      51
      67
      60
      71
      60
      59
      44
      54
      69
      60
      58
      58
      65
      48
      57
      56
      47
      52
      33
      45
      45
      48
      35
      44
      38
      36
      32
      40
      44
      34
      37
      33
      29
      41
      41
      42
      36
      28
      24
      28
      31
      26
      38
      31
      34
      26
      34
      23
      25
      31
      30
      28
      32
      23
      37
      29
      37
      30
      33
      16
      27
      29
      26
      35
      23
      19
      26
      18
      25
      23
      29
      23
      22
      31
      28
      29
      21
      30
      26
      38
      28
      30
      26
      25
      23
      44
      32
      38
      53
      50
      35
      58
      52
      46
      58
      64
      78
      67
      70
      92
      86
     110
     114
     109
     134
     129
     149
     136
     147
     166
     136
     166
     183
     200
     209
     202
     180
     197
     204
     198
     201
     197
     195
     200
     181
     188
     218
     161
     197
     156
     185
     149
     140
     132
     142
     127
     123
     118
     103
     106
      97
     105
      76
      60
      67
      67
      62
      51
      65
      50
      35
      39
      42
      39
      26
      31
      23
      25
      24
      25
      27
      22
      21
      18
      25
      20
      22
      20
      22
      20
      18
      23
      15
      19
      19
      15
      14
      16
      12
      18
      15
       9
      18
      20
      19
      19
      20
      14
      10
      16
      19
      16
      21
      21
      12
      14
      13
      19
      21
      18
      14
       9
      15
      17
      19
      15
       6
      15
      18
      20
      18
      14
      10
      18
      13
      12
      13
      17
      20
      20
      15
      26
      16
      18
      25
      22
      10
      13
      18
      16
      16
      19
      18
      11
      17
      14
      28
      18
      13
      11
      24
      13
      15
      17
      11
      11
      12
      18
       9
       6
      19
      16
      10
      18
      17
      11
       9
      23
      16
      19
      12
       9
      12
      13
      18
       6
      11
       9
      14
      13
      17
      13
       8
      16
      11
      11
      13
      13
      11
      11
      15
      15
      15
      10
      14
      10
      21
      18
      19
      14
      16
       9
      14
      14
      16
       6
      15
      12
      11
      14
      17
      11
      16
      15
      13
      11
      17
      10
      15
      10
      14
      10
       8
      13
      13
      16
      18
      13
      18
      15
      16
      17
      18
      17
      16
       9
      17
       9
      13
       7
      13
       8
      18
      21
       7
      12
      23
      14
       9
      15
       9
      17
      17
      18
      17
      19
      14
      17
      17
      21
      16
      18
      10
      15
      12
      11
      13
       9
      17
      19
      18
      25
      13
      14
      12
      12
      24
      17
      13
      17
      17
      12
       8
      17
       9
      12
      11
      13
      11
      13
       9
      17
      10
       8
      10
      16
      12
      18
      15
      13
       6
      20
      12
      13
      10
       9
      18
       8
      16
      13
      10
      14
      15
       6
      13
      15
      15
      12
      15
      11
      13
       8
      11
      20
      11
      15
      12
       8
      17
      18
      12
      15
      14
      15
      11
      12
      13
      20
      10
      14
       6
      16
      16
      10
       9
      12
      13
      11
      16
      11
       6
      13
      16
      12
      14
      12
      15
      12
      17
      13
       9
       7
      15
      12
      13
      19
       6
      18
       9
      12
       9
      13
      12
      15
      15
      13
      13
       5
      14
       9
      13
      17
      10
      13
       9
      11
      13
      13
      15
      15
      19
       7
       8
       9
      18
      16
       6
      18
      12
      14
      15
      16
      11
      16
      19
      15
       9
      21
      17
      16
       9
       8
       9
      13
       9
      12
      15
      18
       8
      13
       9
       5
      17
      11
       9
       6
      17
      10
      17
      20
      14
       9
       9
       8
      15
      14
      20
       7
      11
       8
      11
      14
       9
       6
       8
      11
      10
       8
      13
      15
      16
      15
      24
      12
      16
      13
      18
      12
      17
      20
      17
       8
      15
      15
      15
      17
       8
      11
      20
      13
      12
      18
      14
      14
      15
      15
      16
      15
      23
      28
      19
      22
      18
      14
      11
      10
      10
      11
      16
      13
      12
      10
       7
      13
      15
      14
      14
      14
      14
      10
      14
      11
      15
      11
      12
      13
      12
      10
      20
       9
       8
      10
      10
      10
      15
      13
      13
      11
      13
       8
       8
      11
      13
       9
      10
       8
      11
       7
      10
       9
      14
      12
      14
      10
      10
       9
       8
      14
       9
       9
      11
      10
      15
      10
       8
       9
       6
      14
      16
      12
      15
      14
      17
       9
      19
      11
      11
      17
       6
       7
      16
      10
      12
      10
      14
      14
      18
      14
      10
      13
      10
      11
      14
       8
      15
      12
      14
      12
      11
      11
      11
       9
      12
       7
      16
      12
      13
      10
       7
      13
      12
      14
      15
      14
      17
       8
       9
      18
      11
       9
       7
       9
      11
      11
      13
      10
      15
      12
       8
      11
       7
       9
       6
      15
       6
       9
      11
      15
       9
       6
       9
      17
      11
      12
      10
       9
      11
      13
       9
       9
       9
      15
      13
       8
       9
      13
      12
      13
       9
      17
       6
       6
       6
       8
       8
      11
       5
      17
       7
      11
      11
      15
       8
       9
      11
      18
       9
       9
      10
       9
      10
      13
       5
      11
       5
       8
      10
      15
       6
       8
      14
       2
       5
       7
      12
      10
      13
       9
       8
      11
       4
       8
      13
      11
      13
       8
      13
       7
      14
      14
      13
      13
      10
       7
       9
      13
      15
      13
       8
      13
      11
      13
      12
       7
       6
       7
      12
      12
      15
       8
      16
      14
      10
      10
      12
       5
      13
       8
       8
      14
       6
      10
      15
      12
       8
      10
      13
       8
       8
      15
      10
       7
      12
       9
      14
      14
       8
       7
      14
       6
       9
      12
      13
       9
      13
       9
      13
      16
       8
      11
       7
      13
      15
      16
      15
       7
       4
      12
      17
      19
      15
      10
      12
      13
       6
      14
       7
       7
      10
       8
      11
       7
       6
      20
      13
       8
      12
      12
       7
      11
      12
      17
      14
       8
       9
       9
       9
       9
      11
      11
      12
      13
      13
       3
       7
      16
       9
      12
      13
      14
      15
       6
      15
      10
      14
      10
       7
      10
      12
      12
      10
      12
      11
      12
       9
      10
      12
       8
      11
       6
      11
      25
      14
      19
      19
      14
       8
      13
      16
      12
      12
       9
      19
       8
      14
       8
       8
      11
      14
       6
       9
      13
      10
      12
      13
       6
      11
       9
      23
      12
      11
      17
      10
      14
       8
      18
      14
       9
      14
       7
       8
      16
       5
       9
      16
       7
       7
      11
      14
       8
      12
      13
      10
      11
      16
      11
      11
       7
      15
      12
      14
       8
      12
      16
      10
       8
      14
      12
      14
       6
       9
      12
      22
      11
      13
      11
      10
       7
       8
      19
      12
      13
      11
      10
      13
      13
      11
      11
       9
      14
       7
      12
      13
      14
       9
       9
       8
       7
      11
      11
      20
       8
      10
      16
      11
       5
      15
      15
       8
      11
      14
      18
      15
      12
      14
      19
      18
      18
      17
      14
      12
       8
      10
      11
      17
      15
      19
      13
      14
       8
      21
      19
      10
      17
      13
      13
      16
       9
      14
      10
      17
       8
      14
      16
      17
      13
      14
      14
      18
      15
      10
      12
       9
      11
      15
      25
      10
      15
      16
      19
      15
      14
      16
      13
       9
      10
      14
      24
      11
      14
       9
      16
      13
      10
      15
      14
      12
      13
      16
      16
      20
      10
      10
      15
      14
      17
      11
      18
      13
      14
      10
      17
      14
       9
       9
       8
      11
      10
      10
      17
      18
       8
      13
      12
      18
      13
      11
      10
      15
      11
      12
      17
      21
      14
      17
      15
       8
      11
      11
      19
      15
      16
      19
      16
      10
      14
      14
      16
      18
      10
      14
      15
      11
      13
      16
      15
       9
      19
      14
      13
      18
      12
      17
      16
      11
      18
      18
      10
      20
      14
      14
      21
      17
      16
      19
      13
      11
      10
      11
      19
      11
      15
      16
      16
      17
      14
      15
      10
      11
      11
      10
      13
      15
      13
      18
      15
      14
      10
      10
      15
      18
      10
      18
      15
      16
      12
      18
      18
      11
      26
      20
      16
      15
      13
      14
      10
      17
      20
      10
      13
       9
      10
      13
      13
      12
      11
      10
       9
      13
      14
      12
       8
      13
      11
      16
       9
      19
      14
      15
       8
       7
      15
       8
       9
      15
      11
      15
      10
      10
      18
      17
      12
      14
      20
      11
      11
      14
       8
      13
      15
      10
      16
      12
       8
      10
      15
      11
      14
       9
      12
       6
      16
      11
       8
      10
      11
       9
      15
      16
      11
      10
       5
      11
      10
      10
      15
       8
      14
      11
      12
      14
      19
      12
      16
      11
      18
      13
      13
       3
      11
      24
      14
      13
      17
      10
      11
      20
      14
      13
       9
      16
      10
       9
      16
      15
      11
      15
      15
      15
       8
       9
      15
      12
       1
       0
       0
       0
       0
       0
       0
       0
       0
       0
       0
       0
       0
       0
       0
       0
       0
       0
       0
       0
       0
       0
       0
       0
       0
       0
       0
       0
       0
       0
       0
       0
       0
       0
       0
       0
       0
       0
       0
       0
       0
       0
       0
       0
       0
       0
       0
       0
       0
       0
       0
       0
       0
       0
       0
       0
       0
       0
       0
       0
       0
       0
       0
       0
       0
       0
       0
       0
       0
       0
       0
       0
       0
       0
       0
       0
       0
       0
       0
       0
       0
       0
       0
       0
$ROI:
1
712 830
$PRESETS:
None
0
0
$ENER_FIT:
-23.656767 2.297974
$MCA_CAL:
3
-2.365677E+001 2.297974E+000 2.836717E-005 keV
$SHAPE_CAL:
3
0.000000E+000 0.000000E+000 0.000000E+000
