$SPEC_ID:
No sample description was entered.
$SPEC_REM:
DET# 1
DETDESC# DESKTOP-I499GD2 Easy-MCA-2k SN 18191655
AP# Maestro Version 7.01
$DATE_MEA:
02/26/2024 14:52:58
$MEAS_TIM:
87 88
$DATA:
0 2047
       0
       0
       1
       0
       0
       2
       8
      12
     265
     147
     137
     169
     149
     162
     163
     188
     167
     178
     193
     205
     182
     194
     188
     172
     184
     188
     195
     218
     225
     254
     282
     262
     286
     317
     316
     265
     247
     235
     228
     260
     236
     269
     271
     293
     309
     296
     339
     351
     359
     360
     388
     400
     399
     467
     489
     447
     444
     502
     483
     513
     531
     631
     708
     777
    1017
    1050
    1024
     923
     730
     575
     473
     479
     374
     415
     419
     455
     381
     371
     392
     418
     442
     395
     411
     392
     375
     433
     408
     417
     411
     413
     417
     391
     417
     393
     385
     418
     375
     367
     349
     367
     385
     389
     394
     399
     386
     379
     373
     380
     360
     391
     372
     381
     349
     377
     334
     336
     342
     324
     308
     303
     306
     322
     347
     292
     338
     344
     335
     287
     317
     275
     336
     289
     283
     268
     262
     281
     275
     258
     286
     260
     252
     243
     284
     241
     277
     259
     274
     258
     243
     259
     246
     225
     245
     252
     231
     257
     235
     219
     220
     208
     214
     235
     219
     223
     229
     174
     203
     207
     189
     207
     194
     183
     200
     177
     189
     201
     187
     184
     170
     193
     171
     180
     174
     183
     160
     170
     164
     187
     184
     167
     172
     155
     164
     179
     177
     156
     177
     168
     147
     151
     160
     161
     158
     158
     153
     164
     153
     164
     161
     169
     150
     168
     168
     167
     177
     193
     205
     196
     209
     261
     247
     267
     285
     334
     313
     367
     392
     386
     390
     407
     414
     378
     400
     450
     397
     398
     400
     319
     312
     305
     260
     217
     237
     211
     213
     187
     150
     127
     150
     133
     124
     121
     122
     113
      98
     130
     117
     115
     109
     116
     122
     116
     129
     124
     116
     114
     104
     112
      92
     122
     104
      99
     112
     107
     100
     104
     112
     133
     109
      94
     108
     108
     103
     111
     110
      99
      93
     109
     120
     106
     102
      89
     103
     100
     114
      99
      88
      96
     111
     103
     114
     104
      94
     111
     106
     112
      93
      95
     103
      87
      95
      86
      95
     111
      97
     110
      92
      93
      93
      90
      88
      98
      98
     111
     122
     104
      87
      99
     112
     103
     115
      95
      79
      89
      98
      95
     109
     109
      79
     104
     105
      93
     116
      78
      79
      77
      77
      85
     102
      80
      96
     101
      85
      80
      85
      99
      96
      89
      90
      93
      90
      69
      88
      77
      98
      93
      75
      86
      64
      96
      89
      80
      80
      84
      89
      89
      81
      89
      71
      92
      92
      81
      83
      85
      67
      78
      81
      85
      75
      85
      86
      86
      83
      72
      68
      78
      75
      72
      71
      57
      85
      75
      56
      79
      81
      88
      70
      65
      64
      73
      74
      65
      91
      82
      86
      74
      67
      76
      71
      91
      77
      79
      68
      82
      63
      73
      78
      84
      64
      73
      61
      76
      59
      79
      75
      72
      69
      70
      74
      85
      57
      78
      82
      74
      62
      60
      87
      77
      82
      64
      58
      78
      80
      60
      75
      70
      65
      79
      86
      66
      78
      71
      77
      82
      89
      75
      68
      77
      73
      79
      76
      83
      67
      74
      61
      76
      82
      87
      63
      61
      76
      76
      81
      78
      80
      75
      86
      62
      86
      69
      68
      81
      66
      87
      75
      59
      71
      80
      71
      69
      82
      81
      64
      65
      71
      57
      70
      61
      73
      69
      71
      70
      66
      72
      60
      58
      68
      69
      83
      64
      69
      70
      71
      61
      81
      91
      82
      57
      83
      78
      70
      77
      78
      68
      63
      89
      77
      72
      74
      68
      75
      75
      78
      74
      71
      85
      82
      83
      91
      70
      71
      74
      85
      89
      75
      79
     107
      81
      65
      80
      85
      85
     112
      83
      95
      79
      88
      81
      85
      98
      76
      77
      68
      93
      85
      77
      76
      75
      74
      71
      70
      83
      83
      84
      81
      72
      64
      84
      73
      76
      74
      85
      80
      76
      60
      81
      77
      82
      70
      74
      88
      78
      87
      67
      80
      79
      77
      83
      93
      78
      59
      85
      83
      67
      77
      84
      66
      79
      94
      82
      72
      93
      67
      81
      71
      81
      86
      86
      86
      87
      91
      90
      84
      93
      86
      79
      72
      83
      82
      88
      93
      94
      84
      79
      79
      96
     111
     102
      75
      95
      95
      82
      96
      95
      70
      76
      93
      70
      83
      94
      88
      71
      87
      70
      78
      65
      64
      72
      65
      67
      53
      60
      60
      56
      63
      49
      51
      66
      52
      44
      57
      54
      52
      49
      40
      48
      51
      43
      40
      51
      50
      45
      35
      46
      43
      40
      36
      42
      32
      36
      32
      35
      38
      38
      40
      38
      38
      35
      40
      55
      41
      38
      36
      32
      23
      32
      41
      46
      31
      27
      29
      32
      31
      31
      35
      39
      33
      38
      42
      31
      35
      41
      49
      43
      33
      38
      43
      39
      41
      57
      61
      61
      65
      73
      67
      72
      92
      96
     105
     114
     109
     128
     144
     146
     178
     166
     187
     190
     178
     206
     233
     213
     228
     246
     236
     273
     254
     297
     266
     264
     290
     306
     266
     260
     261
     271
     257
     255
     240
     233
     232
     246
     225
     201
     195
     208
     168
     162
     180
     148
     146
     133
     116
     110
     108
     105
      88
      89
      75
      65
      74
      48
      55
      42
      51
      33
      35
      37
      46
      42
      42
      26
      28
      34
      31
      26
      36
      28
      25
      23
      21
      19
      20
      28
      24
      14
      21
      18
      26
      20
      25
      21
      24
      21
      18
      24
      21
      20
      18
      24
      24
      25
      36
      17
      23
      18
      21
      19
      26
      26
      15
      16
      21
      22
      21
      18
      20
      21
      25
      21
      15
      11
      24
      27
      22
      32
      25
      29
      23
      27
      18
      19
      16
      23
      22
      19
      18
      18
      23
      28
      26
      27
      14
      28
      13
      20
      23
      23
      14
      19
      30
      17
      23
      16
      27
      21
      14
      25
      16
      17
      19
       7
      19
      11
      23
      21
      21
      25
      25
      21
      17
      25
      16
      16
      20
      20
      19
      21
      25
      17
      16
      24
      21
      15
      23
      15
      19
      25
      18
      24
      20
      19
      17
      17
      10
      22
      21
      10
      24
      13
      18
      23
      24
      14
      19
      18
      22
      18
      16
      21
      12
      16
      23
      23
      19
      16
      27
      15
      24
      14
      14
      20
      13
      15
      15
      27
      15
      25
      18
      14
      16
      16
      19
      28
      19
      28
      17
      19
      21
      17
      13
      20
      16
      29
      18
      17
      24
      13
      26
      27
      21
      19
      20
      27
      25
      24
      13
      24
      27
      22
      22
      15
      18
      30
      13
      16
      11
      35
      14
      30
      27
      25
      23
      17
      19
      25
      24
      20
      15
      18
      11
      18
      19
      21
      25
      22
      18
      15
      19
      15
      11
      22
      17
      21
      18
      15
      17
      15
      18
      16
      11
      15
      12
      17
      12
      26
      20
      19
      13
      17
      13
      13
      19
      25
      19
      12
      22
      15
      21
      15
      22
      10
      15
      22
      21
      18
      20
      15
      25
      11
      13
      20
      11
      23
      23
      14
      17
      13
      15
      16
       9
      18
      20
      10
      17
      16
      11
      17
      17
      15
      13
       8
      14
      19
      14
      20
      20
      13
      21
      17
      23
      15
      14
      26
      23
      19
      19
      20
      13
      12
      14
      19
      18
      19
      19
      15
      15
      19
      17
      18
      15
      15
      22
      19
      16
      10
      22
      15
      14
      16
      17
      14
      13
      14
      12
      13
      10
      14
      22
      16
      18
      15
      19
      14
      20
      12
      15
      20
      14
      11
      15
      17
       9
      15
      16
      12
      14
      10
      15
      14
      11
      14
      10
      15
       9
      12
      10
      18
      16
      16
      14
      10
      20
      15
      25
      21
      16
      22
      18
      21
      21
      12
      11
      13
      19
      16
      11
      10
      11
      26
      14
       9
      15
      22
      25
      15
      14
      16
      23
      13
      14
      22
      14
      22
      16
      18
      25
      25
      22
      25
      26
      29
      20
      16
      17
      17
      18
      19
      18
      18
      27
      16
      28
      19
      16
      19
      18
      21
      14
      21
      21
      18
      22
      18
      13
      23
      18
      13
      20
      16
      11
      24
      16
      17
      26
      15
      14
      22
      14
      16
      16
      17
       8
      27
      12
      15
      22
      13
      12
      15
      14
      11
      11
      13
      17
      12
       6
      13
      13
      12
      21
       9
      13
      19
      12
      13
      18
      16
      12
      13
      18
      14
      22
      16
      10
      13
      18
      16
      14
      19
      14
      15
      10
      14
      15
      16
      13
       9
      19
      18
      18
      14
      13
      13
      19
      15
      15
      25
      12
      11
      16
      12
      14
      18
      13
      17
      19
      18
      10
      31
      17
      23
      10
      16
      15
      21
      12
       8
      17
      16
      13
      17
      15
      21
       8
      11
      17
      11
      15
      15
      15
      13
      18
       9
       9
      15
      20
      16
      20
      12
      21
       9
      14
      13
      17
      17
      15
      16
      13
      19
      16
      21
      12
      13
      15
      17
      17
      17
       9
      14
      16
      12
      10
      10
      12
      15
      11
      17
      15
      14
      16
      11
       9
       7
       8
      15
      11
      13
      13
       8
      19
       7
       7
       8
      16
       9
      18
       9
      14
      11
      15
      22
      15
      16
       7
      15
      13
       9
      11
       9
      17
      19
      10
       6
      11
      21
       9
      12
      13
      15
      20
      12
      14
      15
      14
      17
      13
       7
      16
      20
      14
      19
       8
      12
      12
      10
      12
      22
      16
      11
      10
      15
      24
      16
      13
      12
      14
      17
      15
      12
      13
      11
      15
      17
      10
      16
      14
      19
       9
       6
      12
      20
      15
      16
      18
      23
      14
      12
      15
      14
      15
      14
      16
      10
      12
      17
      11
      12
       8
      10
      11
      20
      14
      15
      18
      14
      13
      14
      21
      12
      14
      21
      22
      15
       7
      16
      14
      19
      16
      10
       9
      19
      17
      23
      17
      12
      13
      19
      13
      13
      10
      11
       7
      13
      12
      17
      16
      13
      17
      13
      15
      17
      18
      35
      12
      16
      22
      17
      10
      22
      15
      15
      14
      15
      19
      10
      15
      11
      24
      11
      16
      24
      18
      21
      17
      15
      22
      21
      18
      24
      14
      14
      18
      19
      16
      21
      19
      14
      21
      14
      23
      16
      19
      17
      16
      17
      18
      11
      24
      16
      12
      23
      23
      18
      16
      20
      16
      17
      22
      12
      13
      15
      15
      14
      17
      16
      11
      11
      20
      16
      25
      11
      26
      13
       9
      25
      17
      14
      26
      21
      19
      19
       7
      13
      13
      16
      15
      13
      21
      18
      17
      12
      14
      21
      23
      12
      12
      18
      11
      13
      16
      26
      12
      15
      12
      14
      17
      10
      15
       8
      14
      16
      12
      16
      18
      16
      21
      18
      19
      18
      13
      14
      14
      22
      16
      15
      10
      13
      16
      15
      20
      15
      20
      14
      22
      17
      21
      16
      16
      19
      23
      17
      20
      18
      18
      12
      22
      17
      16
      12
      25
      20
      17
      24
      18
      11
      24
      19
      11
      14
      20
      17
      14
      13
      12
      25
      18
      15
      13
      21
      16
      16
      21
      11
      24
      19
      16
      18
      12
      18
      16
      24
      19
      17
      12
      16
      14
      32
      12
      15
      20
      27
      18
      14
      15
      17
      18
      20
      20
      18
      10
      21
      18
       9
      25
      18
      20
      14
      12
      16
      15
      13
      13
      13
      15
      20
      21
      16
      13
      15
      25
      20
      24
      17
      30
      13
      16
       8
      18
      19
      25
       9
      15
      23
      19
      17
      18
      21
      10
      14
      15
      15
      17
      13
      22
      14
      21
      20
      20
      21
      18
      19
      16
      17
      16
      12
      25
      13
      18
      20
      23
      17
      22
      25
      18
      16
      26
      23
      15
      20
      17
      20
      20
      24
      23
      23
      18
      21
      22
      13
      18
      21
      21
      15
      29
      23
      23
      22
      27
      21
      20
      22
      21
      18
      18
      14
       7
      23
      12
      19
      15
      14
      18
      16
      15
      16
      11
      14
      17
      20
      16
      26
      18
      21
      21
      11
      19
      16
      15
      19
      19
      18
      19
      19
      15
      22
      16
      12
      16
      14
      16
      12
      15
      13
       8
      14
      16
      15
      15
      16
      13
      13
      25
      14
      19
      14
      21
       8
      20
      15
      23
      13
      17
      18
      12
      17
      12
      15
      17
      20
      16
      17
      15
      10
      12
      21
      18
      18
      22
      14
      21
      20
       7
      21
      14
      18
      17
      13
      16
      16
      20
      23
      17
      19
      23
       9
      15
       8
      11
      19
      23
      13
      11
      15
      18
      22
      18
      21
      14
      18
      13
      16
       9
      17
      17
      17
      11
      16
      15
      15
      13
      15
      13
      25
      15
      16
      17
      10
      20
      23
      12
      16
      13
      17
      15
      18
      12
      19
      22
      26
      17
      22
      22
      13
      13
      14
      27
      22
      23
      18
      12
      19
      16
      14
       1
       0
       0
       0
       0
       0
       0
       0
       0
       0
       0
       0
       0
       0
       0
       0
       0
       0
       0
       0
       0
       0
       0
       0
       0
       0
       0
       0
       0
       0
       0
       0
       0
       0
       0
       0
       0
       0
       0
       0
       0
       0
       0
       0
       0
       0
       0
       0
       0
       0
       0
       0
       0
       0
       0
       0
       0
       0
       0
       0
       0
       0
       0
       0
       0
       0
       0
       0
       0
       0
       0
       0
       0
       0
       0
       0
       0
       0
       0
       0
       0
       0
       0
       0
$ROI:
1
712 830
$PRESETS:
None
0
0
$ENER_FIT:
-23.656767 2.297974
$MCA_CAL:
3
-2.365677E+001 2.297974E+000 2.836717E-005 keV
$SHAPE_CAL:
3
0.000000E+000 0.000000E+000 0.000000E+000
