$SPEC_ID:
No sample description was entered.
$SPEC_REM:
DET# 1
DETDESC# DESKTOP-I499GD2 Easy-MCA-2k SN 18191655
AP# Maestro Version 7.01
$DATE_MEA:
02/26/2024 14:55:42
$MEAS_TIM:
51 51
$DATA:
0 2047
       0
       0
       0
       0
       0
       3
       9
      12
     188
      99
      94
     105
      93
     100
     116
     115
     110
     119
     129
     120
     115
     112
     110
     117
     135
     121
     129
     137
     127
     150
     176
     147
     206
     176
     202
     178
     180
     163
     172
     167
     174
     184
     194
     189
     190
     207
     224
     215
     222
     255
     265
     251
     255
     280
     304
     286
     316
     289
     319
     338
     348
     345
     423
     503
     597
     654
     573
     548
     459
     390
     303
     314
     275
     250
     271
     253
     277
     261
     239
     282
     311
     251
     274
     244
     263
     273
     244
     285
     264
     227
     266
     256
     254
     238
     293
     248
     259
     237
     210
     263
     249
     241
     241
     222
     246
     253
     243
     245
     266
     228
     246
     272
     232
     247
     210
     199
     221
     202
     185
     176
     203
     199
     210
     215
     220
     212
     185
     204
     177
     190
     183
     192
     191
     169
     171
     190
     169
     165
     194
     183
     157
     150
     158
     182
     163
     173
     182
     147
     168
     176
     162
     155
     165
     157
     150
     145
     124
     146
     161
     125
     132
     140
     148
     128
     142
     124
     113
     142
     141
     141
     127
     145
     156
     127
     122
     125
     109
     125
     123
     131
     116
     126
     111
     128
     119
     142
     119
     109
     141
     116
     100
     114
     107
     115
     117
     112
     104
     116
     107
     101
      96
     115
      93
      90
     105
     103
      95
      91
     110
     128
     109
     106
     120
     108
     115
     122
     109
     132
     140
     141
     165
     179
     177
     187
     222
     233
     211
     277
     225
     250
     267
     297
     284
     277
     265
     226
     232
     235
     205
     176
     161
     161
     123
     152
     113
     112
      90
     101
     105
      76
      79
      65
      64
      70
      83
      76
      65
      62
      54
      74
      75
      69
      83
      78
      67
      74
      76
      78
      79
      94
      69
      61
      71
      69
      75
      51
      73
      66
      71
      49
      75
      65
      69
      66
      73
      63
      58
      50
      59
      70
      80
      65
      64
      82
      65
      62
      60
      76
      58
      70
      51
      64
      57
      70
      72
      62
      69
      52
      55
      82
      60
      61
      70
      64
      50
      57
      69
      50
      66
      68
      55
      75
      62
      64
      69
      70
      74
      70
      63
      54
      74
      50
      56
      59
      78
      73
      77
      73
      77
      79
      71
      61
      64
      58
      69
      49
      51
      51
      53
      58
      50
      61
      52
      63
      55
      52
      53
      54
      65
      58
      51
      58
      54
      59
      57
      53
      60
      50
      56
      48
      59
      66
      42
      52
      47
      59
      51
      50
      60
      50
      36
      57
      45
      44
      53
      53
      38
      41
      54
      59
      44
      64
      36
      49
      55
      61
      52
      48
      50
      48
      44
      53
      46
      60
      72
      42
      44
      54
      48
      50
      52
      63
      49
      36
      41
      48
      47
      48
      44
      52
      58
      56
      37
      56
      39
      42
      58
      47
      42
      46
      39
      57
      42
      33
      42
      49
      52
      44
      49
      41
      43
      45
      55
      50
      46
      37
      36
      47
      60
      49
      55
      46
      54
      32
      39
      51
      48
      43
      50
      38
      49
      48
      45
      53
      47
      37
      53
      40
      38
      47
      55
      63
      41
      48
      51
      48
      48
      49
      51
      44
      48
      39
      44
      48
      56
      47
      55
      53
      60
      49
      59
      56
      51
      45
      62
      52
      37
      53
      52
      47
      54
      44
      44
      66
      45
      50
      56
      46
      36
      44
      48
      48
      52
      52
      42
      53
      51
      44
      51
      46
      46
      52
      51
      39
      53
      54
      50
      46
      43
      44
      53
      40
      51
      36
      43
      54
      48
      61
      40
      50
      40
      55
      48
      58
      51
      60
      54
      46
      62
      54
      61
      49
      41
      43
      40
      47
      53
      59
      57
      69
      70
      50
      66
      68
      56
      51
      59
      62
      78
      58
      54
      46
      43
      43
      51
      70
      52
      61
      48
      58
      53
      54
      53
      50
      52
      52
      54
      45
      45
      51
      65
      45
      45
      51
      33
      37
      38
      46
      49
      46
      52
      50
      44
      51
      67
      53
      52
      58
      45
      36
      52
      54
      37
      55
      44
      59
      43
      47
      48
      61
      56
      53
      46
      52
      46
      55
      62
      58
      50
      39
      67
      67
      53
      67
      54
      61
      57
      55
      63
      61
      52
      60
      55
      56
      69
      60
      46
      58
      63
      48
      52
      59
      62
      54
      55
      58
      52
      45
      60
      44
      50
      47
      63
      52
      48
      53
      59
      32
      36
      46
      50
      48
      44
      49
      37
      27
      37
      32
      17
      18
      33
      33
      35
      30
      30
      38
      28
      31
      33
      35
      29
      30
      28
      24
      30
      33
      18
      22
      24
      30
      25
      28
      21
      25
      26
      34
      32
      28
      22
      24
      14
      24
      20
      20
      23
      21
      15
      17
      25
      23
      12
      24
      23
      26
      31
      26
      24
      27
      23
      13
      24
      25
      30
      27
      22
      29
      25
      30
      30
      41
      30
      45
      29
      44
      49
      56
      60
      57
      70
      89
      92
      73
     104
      93
     104
     119
     113
     104
     125
     136
     132
     166
     170
     141
     175
     148
     173
     154
     196
     185
     208
     183
     177
     161
     161
     179
     180
     187
     192
     154
     171
     140
     139
     137
     132
     144
     138
     109
     110
      91
      82
      85
      82
      77
      69
      63
      53
      53
      39
      61
      54
      42
      42
      34
      29
      33
      39
      21
      19
      30
      28
      26
      21
      24
      18
      32
      15
      23
      12
      26
      22
      25
      17
      18
      16
      23
       9
      17
      11
       8
      18
      16
      15
      17
      20
      23
      17
      16
      15
      13
      10
      17
      17
      10
      10
      12
      12
      15
      13
      13
      20
      19
      12
      12
      12
      20
      13
      19
      10
      19
      14
      16
      14
      15
      20
       8
      13
      17
       8
      12
      13
       8
      12
      25
      12
      17
      14
      13
      15
      12
      12
      13
      12
      15
      20
      13
      15
      12
      12
      11
      10
      11
      19
      10
      14
      12
      17
      10
      14
      12
       8
      12
       7
      13
      13
       4
      18
      13
       9
       8
      12
      12
      17
      13
      13
      17
      14
      12
      10
      14
      11
      17
      12
      17
      16
      13
       9
      17
      15
      12
      14
      15
      14
      11
       6
      11
      16
      12
      10
       6
      17
      11
      14
       7
      13
       4
      13
      12
       9
      10
      16
      15
       8
      12
       9
      12
      16
       9
      19
      16
      16
      10
      17
      14
      19
      13
      11
      16
      11
      10
      19
       9
      12
      14
      15
      16
       9
       8
       8
      13
      11
      13
      12
      13
      13
       9
      18
      13
      22
      12
      17
      11
      14
      13
      10
      18
      17
      10
      12
      12
      13
      14
      21
      14
      15
      12
      11
      12
       8
      15
       8
      17
      17
      10
      20
      19
      11
       9
      11
      20
      14
      16
      19
      15
      11
      13
      12
      18
       8
      12
      18
      11
       7
       9
      12
       3
      14
      10
      13
      12
      12
       8
       9
      16
      11
      12
       9
      13
      15
      12
      15
      17
       7
      11
      12
      10
      13
      17
       6
      14
      12
       9
       4
       8
      16
      15
      13
      11
      12
      17
      12
      11
      10
      13
       7
      11
      17
      11
      13
       6
      17
      10
      12
      11
       7
       9
       8
      16
       8
      17
      11
       7
      14
       9
      10
      10
       5
      12
      16
       9
      14
      10
      14
      10
       9
       9
       7
      10
      12
      15
      11
      14
       8
      12
      13
       8
       5
       7
       8
      15
       6
      12
      11
      11
       9
      10
      14
      12
       3
      11
       9
      15
      13
       4
      10
      11
      13
      14
       9
      14
      11
       6
      11
      14
       6
       8
      11
       9
      12
      10
      16
      12
      10
       8
       8
      13
       9
       7
      10
      17
       6
      11
       7
      11
      10
      13
      10
       5
       9
       8
       9
      11
      14
       5
      11
      11
      11
      10
      11
       6
       9
       8
      11
      10
       8
      11
      12
      14
      14
      12
      13
      10
      12
      13
       4
      13
       7
      18
       9
      13
      10
      15
      11
       6
      14
      14
       9
      11
      19
      14
      10
      22
       7
       9
       7
      10
      15
      17
      16
      15
      13
      11
       8
      14
      17
      18
      15
      10
      13
      11
      14
       8
       9
      10
       5
      10
      13
      15
      15
       9
       8
       6
       7
      19
       8
      10
      11
       4
       9
      12
      12
       9
       9
      12
       5
      14
      13
      13
       8
      18
      17
      12
       6
       5
       8
      12
       5
      13
      14
      11
       7
      10
       6
       6
       8
       9
       9
       9
       7
       7
      12
      10
       6
       5
       6
       7
      23
       5
       3
      10
       9
      11
       9
       7
       7
       9
      10
      10
      11
       8
       6
       8
      14
       3
      12
      10
      11
       7
      11
      16
      15
       9
      11
       9
      13
       8
       9
      10
       8
       8
       5
       8
       9
       8
      17
      10
       7
       5
       6
      11
      14
       7
      10
      14
       9
       9
       9
      13
       1
      14
      15
      11
      10
       6
      11
      15
      12
       6
      13
       8
       8
       6
       9
       7
      11
       8
      11
       8
      10
       9
       8
       6
      12
      11
       9
      12
      10
      11
       8
      14
      10
       8
      14
      15
      12
       8
       8
      12
       6
       8
       5
       5
      17
      12
       9
      11
       5
       9
       9
      10
       8
      10
       9
       6
      10
       6
      11
      11
       9
       6
      13
      14
       5
       9
       6
       8
      10
       3
       6
       5
      10
       7
      11
       8
      16
       5
       6
      10
       3
      12
       6
      10
      12
      11
       4
       4
       9
       7
      10
       6
       5
      10
       7
       9
       6
      13
       8
      14
       3
       8
       7
       8
      10
       9
       6
       6
      11
       8
       4
      12
      13
      12
       3
      10
       7
      10
       7
      10
      10
       8
      10
      11
       6
      13
       9
      17
       8
       7
       7
      12
       6
      12
      11
      10
       9
      12
      14
      15
       7
       9
      17
      10
      12
      10
       6
       7
      10
       6
      19
       8
       8
       8
       9
      14
      10
      10
      11
      10
       5
      13
      12
      11
      11
      15
      11
       8
      15
       9
       5
      10
       4
       9
       8
       9
      15
       8
       7
      12
      18
      12
       4
       6
      13
      11
       7
      10
      12
      12
      11
       8
       9
      12
       6
      16
      12
       9
       5
      12
      10
       9
       7
       7
       6
       6
       9
      11
      11
      14
       8
      11
      11
       8
       7
      16
      12
      10
       8
       9
      17
      16
      12
       8
       8
      12
       4
       8
      10
       9
      13
      12
      11
       9
       7
      10
       5
      15
      12
      14
       9
       9
      10
      17
      10
       8
       7
       9
      15
      14
       7
       7
      11
      12
      11
       9
      14
      15
       8
       7
       7
       7
       5
       8
      12
      13
      14
      17
       8
      12
       4
      12
       9
      11
      11
      14
       5
       9
       8
       7
      10
      10
       9
      13
      11
      12
       8
      10
      10
      10
      17
       7
       8
      11
      16
       8
       6
      12
      15
      10
      11
       6
      18
       6
      13
       9
      11
      11
       9
       4
      10
      12
       7
      10
       9
      14
       5
      16
       8
       8
       7
       9
      11
      12
       9
      11
      13
       9
       8
      13
      13
      14
      10
       9
      16
      13
       7
      16
      13
      14
       8
      20
      10
       3
      10
      10
       7
      13
      17
      10
      10
      13
      19
      14
       9
       7
      13
       9
       8
       5
      14
      12
      13
      11
      19
       9
      13
       8
      12
       9
       5
      11
      12
      15
       8
      14
      11
       6
       7
       9
      14
      14
      11
       9
      12
      14
      15
      16
      14
      12
      13
      15
      19
      13
      11
      16
       6
       8
      18
      17
      14
      11
      13
      17
      12
      14
      12
       7
      18
      12
      19
      14
      13
      13
       9
      21
      13
       8
       5
      12
      12
       9
      21
      18
      11
       8
      15
       8
      11
      14
      12
      16
      13
       8
       8
      20
      16
      12
      13
      13
      14
       8
      14
      11
      13
      15
      11
       9
      13
       8
      19
      14
      13
      10
      10
      16
      18
      13
      11
      16
      10
       5
       7
       6
      13
      17
      15
       6
      13
      11
      11
       8
      12
      16
      14
      15
      17
       7
      11
      13
      11
      15
      13
      19
      15
      11
      16
      14
      11
      13
       7
      12
      10
       6
      17
       6
      10
      12
      13
       9
       4
      15
       7
      12
      10
      11
      10
       8
      10
      17
       9
      11
      14
      11
      12
       7
      10
      10
      14
      10
       6
       6
      12
       7
      11
      13
       8
      15
      15
       8
       6
      15
       9
       5
       7
       8
       5
      11
       9
       6
       5
      12
      10
      12
       8
      15
      12
      14
      16
      14
       9
       6
       8
      13
      10
      11
      10
      11
      11
      14
      10
       7
      10
      11
      10
      14
       3
      14
      13
      11
       9
       9
      11
       8
       8
       8
      16
       7
      10
      16
       2
      10
       9
       6
      12
       8
      19
      14
       6
       8
       6
      11
       9
       6
       9
      13
      14
       6
      19
      10
      10
      11
      12
      12
      12
       7
       7
      10
      17
      13
       7
       4
      11
       9
      14
       6
       8
      11
      10
      13
      12
       9
       9
      11
       7
      11
       2
       0
       0
       0
       0
       0
       0
       1
       0
       0
       0
       0
       0
       0
       0
       0
       0
       0
       0
       0
       0
       0
       0
       0
       0
       0
       0
       0
       0
       0
       0
       0
       0
       0
       0
       0
       0
       0
       0
       0
       0
       0
       0
       0
       0
       0
       0
       0
       0
       0
       0
       0
       0
       0
       0
       0
       0
       0
       0
       0
       0
       0
       0
       0
       0
       0
       0
       0
       0
       0
       0
       0
       0
       0
       0
       0
       0
       0
       0
       0
       0
       0
       0
       0
$ROI:
1
712 830
$PRESETS:
None
0
0
$ENER_FIT:
-23.656767 2.297974
$MCA_CAL:
3
-2.365677E+001 2.297974E+000 2.836717E-005 keV
$SHAPE_CAL:
3
0.000000E+000 0.000000E+000 0.000000E+000
