$SPEC_ID:
No sample description was entered.
$SPEC_REM:
DET# 1
DETDESC# DESKTOP-I499GD2 Easy-MCA-2k SN 18191655
AP# Maestro Version 7.01
$DATE_MEA:
02/26/2024 14:40:48
$MEAS_TIM:
91 92
$DATA:
0 2047
       0
       0
       0
       0
       0
       1
       5
       9
     124
     106
      80
     100
      94
     109
      94
      89
     103
     100
     120
      87
     114
     100
     106
     116
     110
     126
     126
     137
     153
     165
     196
     173
     220
     212
     202
     213
     148
     151
     180
     153
     189
     187
     184
     181
     219
     177
     227
     245
     268
     271
     274
     296
     310
     342
     329
     385
     352
     342
     371
     401
     418
     514
     611
     783
     908
    1006
     966
     797
     634
     501
     355
     328
     283
     265
     263
     278
     267
     269
     295
     265
     245
     274
     269
     245
     248
     292
     262
     248
     282
     285
     270
     250
     221
     267
     250
     285
     274
     248
     214
     250
     220
     228
     252
     243
     249
     244
     241
     196
     208
     217
     223
     229
     240
     209
     214
     229
     234
     228
     206
     211
     172
     199
     179
     197
     166
     178
     174
     205
     177
     160
     189
     182
     180
     173
     175
     148
     183
     162
     190
     177
     161
     168
     135
     170
     169
     160
     161
     151
     164
     162
     156
     134
     169
     151
     148
     129
     148
     145
     136
     140
     131
     142
     134
     116
     125
     141
     124
     120
     122
     118
     123
      97
     122
     116
     123
     118
     110
     106
      98
     106
      99
     100
      98
     114
     111
     105
     104
      83
      98
     113
      84
     105
      97
     108
      87
     119
      95
      95
      93
     109
      94
      98
      83
      91
      83
      81
     102
      90
      86
      92
      93
      97
      88
     113
     118
     104
     128
     112
     117
     135
     163
     154
     162
     173
     183
     201
     211
     212
     223
     229
     243
     252
     240
     237
     226
     234
     217
     171
     172
     175
     152
     146
     138
     107
     113
     101
      84
     101
      75
      82
      75
      74
      71
      68
      75
      78
      57
      77
      55
      61
      68
      58
      71
      71
      84
      55
      63
      59
      62
      62
      48
      58
      72
      63
      62
      63
      58
      67
      65
      68
      65
      44
      54
      77
      60
      56
      45
      62
      44
      59
      59
      63
      49
      55
      60
      46
      55
      62
      45
      66
      63
      61
      57
      48
      52
      46
      57
      51
      60
      57
      40
      63
      43
      60
      51
      50
      46
      61
      59
      45
      72
      63
      57
      53
      48
      54
      51
      69
      44
      53
      46
      57
      57
      49
      51
      65
      51
      57
      54
      49
      59
      52
      45
      47
      53
      55
      40
      45
      41
      49
      50
      48
      43
      46
      59
      44
      52
      66
      48
      37
      49
      47
      55
      47
      42
      57
      68
      57
      47
      50
      41
      54
      42
      46
      48
      53
      41
      42
      48
      53
      38
      42
      41
      62
      35
      46
      50
      41
      51
      43
      37
      39
      53
      48
      48
      54
      47
      50
      45
      39
      36
      35
      47
      45
      53
      37
      32
      44
      39
      48
      38
      36
      50
      40
      44
      36
      34
      50
      38
      52
      45
      38
      40
      49
      42
      38
      41
      42
      41
      40
      32
      40
      46
      62
      44
      47
      48
      46
      37
      34
      44
      33
      46
      43
      37
      44
      31
      45
      42
      39
      30
      27
      45
      53
      53
      28
      27
      44
      51
      38
      28
      51
      30
      30
      40
      38
      47
      32
      48
      51
      31
      46
      45
      50
      41
      41
      35
      42
      36
      51
      43
      53
      52
      37
      45
      40
      50
      51
      55
      57
      47
      51
      49
      40
      37
      33
      51
      42
      44
      46
      39
      31
      45
      39
      37
      36
      41
      35
      52
      35
      34
      41
      40
      40
      33
      34
      44
      50
      41
      30
      43
      34
      44
      34
      41
      34
      33
      43
      32
      36
      40
      49
      40
      26
      50
      31
      43
      33
      42
      40
      24
      32
      45
      41
      51
      62
      34
      38
      46
      44
      40
      41
      54
      48
      37
      37
      42
      55
      40
      52
      55
      38
      34
      51
      51
      56
      44
      53
      41
      59
      53
      46
      33
      36
      46
      37
      40
      49
      39
      37
      39
      42
      36
      40
      47
      33
      52
      48
      40
      47
      40
      33
      49
      35
      38
      40
      46
      40
      35
      36
      38
      36
      39
      42
      53
      34
      40
      42
      42
      45
      46
      53
      38
      35
      53
      35
      39
      53
      46
      48
      47
      35
      44
      38
      45
      35
      53
      39
      53
      53
      37
      45
      49
      46
      43
      52
      49
      51
      46
      41
      46
      25
      45
      43
      49
      42
      40
      59
      47
      50
      37
      46
      40
      47
      45
      41
      56
      43
      49
      46
      43
      41
      54
      35
      55
      35
      39
      40
      49
      31
      30
      34
      35
      29
      28
      32
      26
      31
      31
      28
      24
      24
      15
      24
      25
      22
      22
      19
      23
      24
      25
      23
      29
      26
      24
      15
      25
      15
      31
      19
      20
      15
      23
      20
      26
      25
      17
      14
      24
      31
      13
      18
      18
      24
      17
      14
      27
      15
      23
      16
      19
      24
      22
      14
      24
      22
      25
      21
      19
      17
      22
      11
      13
      16
      21
      15
      23
      27
      21
      31
      18
      29
      25
      25
      38
      45
      44
      55
      47
      55
      67
      71
      71
      86
      76
      93
     101
      89
      98
     116
     128
      96
     108
     137
     131
     145
     152
     170
     131
     134
     154
     156
     125
     133
     148
     138
     137
     160
     112
     124
     121
     109
      84
     108
     104
      94
      74
      96
      85
      87
      74
      79
      67
      53
      32
      56
      50
      50
      43
      47
      28
      34
      23
      34
      29
      19
      20
      23
      22
      13
      16
      19
      18
      27
      12
      10
      17
      15
      12
      14
      10
       5
      17
      20
      13
      13
       6
      10
      13
      11
      11
      13
      16
      11
      11
      10
       9
      13
      13
      12
      10
      10
      14
       4
       9
       8
      11
      12
      10
      17
       9
      16
       8
      25
      12
      12
      19
      11
      14
      12
      10
      12
      10
       8
       9
      10
       8
      13
      15
      14
      11
      12
      19
      13
       8
      11
       7
      11
      12
      12
      10
      14
       3
      16
       8
      14
      14
      15
      10
       7
      14
      11
      11
      12
      11
      11
       7
       6
       7
      17
      15
      12
       8
       8
      14
      15
       7
      12
      15
       9
      15
       8
       6
      13
      12
       9
      11
      12
      18
      14
       9
      11
       8
      15
       6
       9
       6
       5
       7
      12
       9
       6
      10
      10
       7
       5
      13
       7
       8
      10
      14
       6
      10
       9
       6
      16
      12
      11
      12
      12
       8
      12
      11
      11
       5
      13
       5
      13
       4
      11
       7
       7
      15
      13
       8
      10
       9
      11
      10
      12
      16
      10
      16
      13
      10
      15
       9
       8
      10
      12
      10
       8
       6
      12
       8
      10
       5
       9
      11
       5
      18
      10
       8
      10
      12
       8
      12
      12
       9
      12
      13
      15
      15
      13
      13
      13
      14
      11
       8
      14
      10
       7
       8
      11
      13
      24
       7
      11
       9
      15
       8
      15
       4
       9
      11
       8
       6
      11
       7
      13
       8
      15
       8
      10
       8
       9
       7
       5
       6
       9
       9
       7
      11
      10
       4
      11
       8
      11
       8
      10
       4
       7
      10
       6
       7
      12
       6
       9
      16
       5
      13
       7
      17
       6
      11
       8
       9
       8
       8
       9
       7
       9
      10
       7
      12
       6
       6
       5
       7
      11
       9
      11
       5
      13
       9
      11
      14
       7
       9
       7
       7
      12
      11
      10
      12
       6
       4
      10
      10
      13
      13
      14
       8
       8
       9
       9
      12
       7
      11
      11
       4
       8
      13
       6
       7
      12
       8
      10
      12
       7
      12
      12
      14
      14
      10
      14
      10
       9
      10
       6
      10
      10
       6
      13
      10
      12
       9
      10
      10
       8
       7
       7
       7
       5
       4
       6
       9
       4
      12
      10
       6
       9
       9
       5
       6
       8
       4
      10
       9
      10
       9
       6
       5
       9
       9
      12
       7
       5
      10
      10
       7
       9
       7
       4
       7
      11
       9
       6
       9
       4
       6
       3
       8
       8
      12
       6
       8
       8
       5
       6
       7
      11
       9
       4
       7
      10
      19
       7
       8
       5
       7
      14
      10
      17
      15
      13
       5
       6
      10
      10
      10
      18
      11
      10
       9
       7
      16
      15
       7
       7
      11
      10
       8
       9
      10
       9
      13
       7
      14
      14
      10
       6
      11
      16
      16
       7
      11
       8
       8
       9
       9
       8
       9
       7
       7
      11
       5
       9
       9
       8
       7
       4
      10
       6
       8
      15
      10
       4
      12
       8
       6
       5
       3
       4
      10
      10
       6
       4
      12
       6
      11
       7
      10
       6
       8
       3
      10
       7
      12
      11
      13
       2
      10
      11
       7
       9
       9
       8
       6
       7
       5
       2
       9
       7
       9
       5
      12
       7
       9
       7
       2
       7
       6
       8
       5
       7
       7
       5
       7
      13
       4
       7
      10
       7
       3
       7
       8
       4
       6
       8
       3
       6
       4
       6
      10
       9
       6
      14
       5
       7
       7
       9
      13
      11
       8
       9
      11
       7
       8
       6
       9
       8
      13
       8
       7
       3
      12
       1
       8
       9
      10
       5
       8
      11
       6
       2
      11
      10
       6
       7
       5
       5
       6
       5
       5
       8
       8
       9
       5
       5
       9
      10
       6
       7
      12
      10
       6
       3
      14
      12
      10
       8
       7
       9
       3
       3
       4
       7
       3
       8
       3
       6
       8
       6
       9
       9
       5
       8
       8
      10
       1
      10
       6
       8
       6
       9
       7
       7
       8
       5
       7
      15
       3
       5
       5
       2
      10
       6
       7
       7
       9
      11
       7
       7
       3
       6
       4
       5
       9
       4
       4
       4
       7
       2
       3
       3
      10
       6
       4
       9
       9
       6
       6
      10
       6
      10
       7
      10
       9
       3
       5
       4
       6
       6
       8
       4
       7
       8
       6
       6
       9
      12
      10
      10
      10
       8
       4
       7
      10
       8
       7
       2
       9
      14
      11
       5
       6
       8
       9
       4
       9
       5
       5
       5
       8
       9
       7
       8
      11
       7
       6
      10
      14
       6
       7
      12
       8
       8
       5
       6
      13
       7
       7
       4
       7
      11
      11
       6
       8
      11
       6
       7
       7
       7
       6
       7
      11
       5
      10
       8
       9
       2
      12
       5
       6
       7
      12
      12
      10
       5
       8
       7
       9
      11
       9
       7
      11
       8
       4
      12
       4
       6
       6
       2
       8
       8
      12
       4
      11
      15
       3
       9
       8
       7
       6
       6
       7
       9
       7
       7
       7
       6
      11
       6
       7
      10
      10
      10
       4
      11
       6
       9
      11
       6
      13
       9
       4
      11
       6
       9
       8
       9
       6
       8
      13
       6
       6
       9
       4
      11
      11
       5
       6
      10
       8
      12
      11
      13
       6
      11
      14
       8
       6
       6
       8
       5
       6
      14
       5
      10
      11
       7
       8
       8
       7
      13
       6
       6
      10
       8
       7
       9
       9
      10
       9
       7
       5
       9
       5
       7
       6
       6
       8
       9
       8
       9
       6
       6
       7
      15
       7
       5
       4
      16
       7
       9
       8
       5
       9
       9
       9
       9
      10
       6
       6
       7
       8
      12
       5
       8
       8
       4
      10
      15
       3
      10
      10
      15
      10
       6
       5
       9
       4
      10
      12
       5
       7
      15
      10
       8
      11
       9
       8
      11
       8
       6
       6
      17
       9
       6
      10
       6
       7
       6
      11
      12
       8
       7
      16
       8
       9
       8
       7
      11
      14
      12
      15
      14
      11
       6
      10
       8
      13
      12
      16
       6
       8
       9
       9
      13
      10
      12
      10
      14
       5
       7
      10
      11
       5
      10
       7
       6
       7
       7
       8
      10
      10
       9
       8
      12
       6
      11
       9
       9
      11
       9
      17
       7
       9
      13
      10
      18
       6
       6
       6
       8
      15
       5
      10
       6
      13
      15
       8
       8
      11
      18
       9
       7
      10
       3
       9
       7
      11
      12
      11
       9
       5
      12
      10
      15
       7
      11
       9
       5
      14
       6
      13
       8
       9
      12
      10
      10
      17
       9
       9
      14
      10
       8
       6
       8
      14
      11
       8
      10
       8
      19
      11
      10
      10
      11
      11
      14
      12
       8
      14
       8
      11
       3
      16
      11
      12
      13
       9
      10
      11
      11
      11
       5
      14
      15
       5
       6
       5
      12
      15
       7
       7
       2
       8
       8
       7
       4
      10
       7
      14
      10
       9
       5
      11
       9
      11
      14
      10
      14
      11
       4
       2
      10
       9
      11
      12
      13
      11
      10
       9
       4
       5
       6
       8
      14
       8
      10
       4
      11
       3
       6
       7
       5
       7
      11
       7
      11
      10
      12
       8
       6
      11
       5
       7
      13
       6
       4
       7
       4
       6
       7
       8
       8
      10
      11
       7
      14
      10
       8
       6
      17
      11
      12
       9
      17
       5
       4
      14
       9
      12
       6
       9
      11
       4
      11
      12
      10
      15
      11
       5
      10
      11
       5
       7
      13
      12
       8
       5
       6
      18
      10
       4
       7
      11
      10
       4
       4
       7
       9
       9
       9
       5
       7
      12
       7
       5
      12
       9
       9
       8
      13
       9
       7
       9
      10
      14
      11
      11
      11
       0
       0
       0
       0
       0
       0
       0
       0
       0
       0
       0
       0
       0
       0
       0
       0
       0
       0
       0
       0
       0
       0
       0
       0
       0
       0
       0
       0
       0
       0
       0
       0
       0
       0
       0
       0
       0
       0
       0
       0
       0
       0
       0
       0
       0
       0
       0
       0
       0
       0
       0
       0
       0
       0
       0
       0
       0
       0
       0
       0
       0
       0
       0
       0
       0
       0
       0
       0
       0
       0
       0
       0
       0
       0
       0
       0
       0
       0
       0
       0
       0
       0
       0
       0
$ROI:
1
712 830
$PRESETS:
None
0
0
$ENER_FIT:
-23.656767 2.297974
$MCA_CAL:
3
-2.365677E+001 2.297974E+000 2.836717E-005 keV
$SHAPE_CAL:
3
0.000000E+000 0.000000E+000 0.000000E+000
